base_date,emd_nm,resident_resid_reg_pop,resident_foreign_pop,resident_total_pop
2018-01,건입동,9800,228,10028
2018-01,구좌읍,15574,552,16126
2018-01,남원읍,19112,628,19740
2018-01,노형동,53369,1589,54958
2018-01,대륜동,13473,178,13651
2018-01,대정읍,21085,1518,22603
2018-01,대천동,13160,244,13404
2018-01,도두동,3026,98,3124
2018-01,동홍동,22693,1266,23959
2018-01,봉개동,3927,76,4003
2018-01,삼도1동,14405,141,14546
2018-01,삼도2동,8688,222,8910
2018-01,삼양동,23835,245,24080
2018-01,서홍동,10637,127,10764
2018-01,성산읍,15338,1575,16913
2018-01,송산동,4455,523,4978
2018-01,아라동,30472,995,31467
2018-01,안덕면,11462,522,11984
2018-01,애월읍,34271,935,35206
2018-01,연동,41609,1629,43238
2018-01,영천동,5166,171,5337
2018-01,예래동,3933,143,4076
2018-01,오라동,13636,193,13829
2018-01,외도동,20828,277,21105
2018-01,용담1동,7801,86,7887
2018-01,용담2동,15713,203,15916
2018-01,우도면,1856,32,1888
2018-01,이도1동,7955,132,8087
2018-01,이도2동,50103,558,50661
2018-01,이호동,4168,137,4305
2018-01,일도1동,3039,88,3127
2018-01,일도2동,34985,276,35261
2018-01,정방동,2461,96,2557
2018-01,조천읍,23456,526,23982
2018-01,중문동,10696,279,10975
2018-01,중앙동,3999,107,4106
2018-01,천지동,3547,96,3643
2018-01,추자면,1862,363,2225
2018-01,표선면,12253,409,12662
2018-01,한경면,8950,319,9269
2018-01,한림읍,20889,3530,24419
2018-01,화북동,25155,361,25516
2018-01,효돈동,5325,82,5407
2018-02,건입동,9814,224,10038
2018-02,구좌읍,15610,553,16163
2018-02,남원읍,19142,635,19777
2018-02,노형동,53369,1664,55033
2018-02,대륜동,13519,180,13699
2018-02,대정읍,21127,1503,22630
2018-02,대천동,13253,243,13496
2018-02,도두동,3033,101,3134
2018-02,동홍동,22727,1255,23982
2018-02,봉개동,3960,77,4037
2018-02,삼도1동,14410,147,14557
2018-02,삼도2동,8696,225,8921
2018-02,삼양동,24065,248,24313
2018-02,서홍동,10666,123,10789
2018-02,성산읍,15385,1560,16945
2018-02,송산동,4466,529,4995
2018-02,아라동,30993,980,31973
2018-02,안덕면,11545,533,12078
2018-02,애월읍,34386,1040,35426
2018-02,연동,41488,1644,43132
2018-02,영천동,5172,170,5342
2018-02,예래동,3957,139,4096
2018-02,오라동,13729,192,13921
2018-02,외도동,20870,272,21142
2018-02,용담1동,7752,84,7836
2018-02,용담2동,15638,205,15843
2018-02,우도면,1857,32,1889
2018-02,이도1동,7926,124,8050
2018-02,이도2동,49905,548,50453
2018-02,이호동,4177,139,4316
2018-02,일도1동,2995,89,3084
2018-02,일도2동,34953,278,35231
2018-02,정방동,2442,101,2543
2018-02,조천읍,23511,520,24031
2018-02,중문동,10754,282,11036
2018-02,중앙동,3959,111,4070
2018-02,천지동,3537,97,3634
2018-02,추자면,1885,359,2244
2018-02,표선면,12284,399,12683
2018-02,한경면,8965,311,9276
2018-02,한림읍,20885,3542,24427
2018-02,화북동,25063,366,25429
2018-02,효돈동,5319,82,5401
2018-03,건입동,9783,222,10005
2018-03,구좌읍,15596,552,16148
2018-03,남원읍,19178,628,19806
2018-03,노형동,53317,1683,55000
2018-03,대륜동,13669,182,13851
2018-03,대정읍,21171,1499,22670
2018-03,대천동,13348,244,13592
2018-03,도두동,3052,98,3150
2018-03,동홍동,22717,1246,23963
2018-03,봉개동,3979,73,4052
2018-03,삼도1동,14380,154,14534
2018-03,삼도2동,8675,216,8891
2018-03,삼양동,24107,248,24355
2018-03,서홍동,10668,126,10794
2018-03,성산읍,15412,1539,16951
2018-03,송산동,4462,526,4988
2018-03,아라동,31460,1091,32551
2018-03,안덕면,11595,533,12128
2018-03,애월읍,34491,1029,35520
2018-03,연동,41434,1670,43104
2018-03,영천동,5169,169,5338
2018-03,예래동,3983,140,4123
2018-03,오라동,13835,191,14026
2018-03,외도동,20992,272,21264
2018-03,용담1동,7742,85,7827
2018-03,용담2동,15585,206,15791
2018-03,우도면,1865,32,1897
2018-03,이도1동,7928,123,8051
2018-03,이도2동,49821,567,50388
2018-03,이호동,4258,144,4402
2018-03,일도1동,2977,86,3063
2018-03,일도2동,34960,274,35234
2018-03,정방동,2425,105,2530
2018-03,조천읍,23583,528,24111
2018-03,중문동,10805,280,11085
2018-03,중앙동,3935,111,4046
2018-03,천지동,3532,97,3629
2018-03,추자면,1858,350,2208
2018-03,표선면,12278,403,12681
2018-03,한경면,8999,308,9307
2018-03,한림읍,20996,3536,24532
2018-03,화북동,25103,363,25466
2018-03,효돈동,5318,81,5399
2018-04,건입동,9788,229,10017
2018-04,구좌읍,15608,550,16158
2018-04,남원읍,19203,633,19836
2018-04,노형동,53368,1770,55138
2018-04,대륜동,13687,183,13870
2018-04,대정읍,21213,1507,22720
2018-04,대천동,13351,245,13596
2018-04,도두동,3034,99,3133
2018-04,동홍동,22721,1239,23960
2018-04,봉개동,3982,75,4057
2018-04,삼도1동,14342,171,14513
2018-04,삼도2동,8656,228,8884
2018-04,삼양동,24143,249,24392
2018-04,서홍동,10644,123,10767
2018-04,성산읍,15446,1548,16994
2018-04,송산동,4453,513,4966
2018-04,아라동,31816,1065,32881
2018-04,안덕면,11677,549,12226
2018-04,애월읍,34628,1013,35641
2018-04,연동,41427,1688,43115
2018-04,영천동,5187,174,5361
2018-04,예래동,4019,148,4167
2018-04,오라동,13932,191,14123
2018-04,외도동,21041,277,21318
2018-04,용담1동,7717,84,7801
2018-04,용담2동,15590,223,15813
2018-04,우도면,1873,34,1907
2018-04,이도1동,7917,117,8034
2018-04,이도2동,49813,572,50385
2018-04,이호동,4291,139,4430
2018-04,일도1동,2983,86,3069
2018-04,일도2동,34937,276,35213
2018-04,정방동,2417,105,2522
2018-04,조천읍,23659,538,24197
2018-04,중문동,10873,272,11145
2018-04,중앙동,3939,109,4048
2018-04,천지동,3530,96,3626
2018-04,추자면,1845,344,2189
2018-04,표선면,12313,403,12716
2018-04,한경면,9031,306,9337
2018-04,한림읍,21036,3570,24606
2018-04,화북동,25069,361,25430
2018-04,효돈동,5312,82,5394
2018-05,건입동,9800,238,10038
2018-05,구좌읍,15645,559,16204
2018-05,남원읍,19252,638,19890
2018-05,노형동,53472,1973,55445
2018-05,대륜동,13743,177,13920
2018-05,대정읍,21292,1524,22816
2018-05,대천동,13358,239,13597
2018-05,도두동,3018,113,3131
2018-05,동홍동,22713,1235,23948
2018-05,봉개동,3979,77,4056
2018-05,삼도1동,14307,435,14742
2018-05,삼도2동,8617,254,8871
2018-05,삼양동,24208,247,24455
2018-05,서홍동,10647,122,10769
2018-05,성산읍,15466,1558,17024
2018-05,송산동,4425,524,4949
2018-05,아라동,32026,1071,33097
2018-05,안덕면,11720,559,12279
2018-05,애월읍,34705,1038,35743
2018-05,연동,41458,1705,43163
2018-05,영천동,5205,176,5381
2018-05,예래동,4034,159,4193
2018-05,오라동,13994,198,14192
2018-05,외도동,21071,284,21355
2018-05,용담1동,7702,86,7788
2018-05,용담2동,15607,226,15833
2018-05,우도면,1878,33,1911
2018-05,이도1동,7907,118,8025
2018-05,이도2동,49883,694,50577
2018-05,이호동,4320,139,4459
2018-05,일도1동,2985,96,3081
2018-05,일도2동,34872,269,35141
2018-05,정방동,2430,106,2536
2018-05,조천읍,23718,558,24276
2018-05,중문동,10916,277,11193
2018-05,중앙동,3940,104,4044
2018-05,천지동,3567,104,3671
2018-05,추자면,1825,335,2160
2018-05,표선면,12321,414,12735
2018-05,한경면,9093,313,9406
2018-05,한림읍,21112,3603,24715
2018-05,화북동,25083,368,25451
2018-05,효돈동,5319,83,5402
2018-06,건입동,9782,249,10031
2018-06,구좌읍,15672,589,16261
2018-06,남원읍,19250,680,19930
2018-06,노형동,53568,2012,55580
2018-06,대륜동,13775,182,13957
2018-06,대정읍,21247,1525,22772
2018-06,대천동,13358,239,13597
2018-06,도두동,3036,114,3150
2018-06,동홍동,22751,1243,23994
2018-06,봉개동,3974,80,4054
2018-06,삼도1동,14279,287,14566
2018-06,삼도2동,8601,266,8867
2018-06,삼양동,24306,240,24546
2018-06,서홍동,10641,125,10766
2018-06,성산읍,15495,1638,17133
2018-06,송산동,4420,531,4951
2018-06,아라동,32272,1069,33341
2018-06,안덕면,11715,592,12307
2018-06,애월읍,34831,1031,35862
2018-06,연동,41409,1705,43114
2018-06,영천동,5200,177,5377
2018-06,예래동,4054,180,4234
2018-06,오라동,14217,206,14423
2018-06,외도동,21145,291,21436
2018-06,용담1동,7653,84,7737
2018-06,용담2동,15567,235,15802
2018-06,우도면,1885,34,1919
2018-06,이도1동,7880,121,8001
2018-06,이도2동,49914,663,50577
2018-06,이호동,4354,147,4501
2018-06,일도1동,2976,96,3072
2018-06,일도2동,34782,279,35061
2018-06,정방동,2419,106,2525
2018-06,조천읍,23780,570,24350
2018-06,중문동,10984,291,11275
2018-06,중앙동,3940,104,4044
2018-06,천지동,3560,105,3665
2018-06,추자면,1832,344,2176
2018-06,표선면,12333,420,12753
2018-06,한경면,9094,343,9437
2018-06,한림읍,21101,3667,24768
2018-06,화북동,25091,374,25465
2018-06,효돈동,5322,81,5403
2018-07,건입동,9775,258,10033
2018-07,구좌읍,15715,601,16316
2018-07,남원읍,19190,700,19890
2018-07,노형동,53580,2038,55618
2018-07,대륜동,13853,185,14038
2018-07,대정읍,21280,1514,22794
2018-07,대천동,13511,243,13754
2018-07,도두동,3065,136,3201
2018-07,동홍동,22781,1252,24033
2018-07,봉개동,4003,83,4086
2018-07,삼도1동,14281,236,14517
2018-07,삼도2동,8567,270,8837
2018-07,삼양동,24464,242,24706
2018-07,서홍동,10635,124,10759
2018-07,성산읍,15491,1659,17150
2018-07,송산동,4409,549,4958
2018-07,아라동,32583,1066,33649
2018-07,안덕면,11746,646,12392
2018-07,애월읍,34943,1035,35978
2018-07,연동,41462,1721,43183
2018-07,영천동,5221,189,5410
2018-07,예래동,4026,228,4254
2018-07,오라동,14287,217,14504
2018-07,외도동,21232,291,21523
2018-07,용담1동,7616,87,7703
2018-07,용담2동,15561,245,15806
2018-07,우도면,1888,35,1923
2018-07,이도1동,7875,125,8000
2018-07,이도2동,49828,654,50482
2018-07,이호동,4395,144,4539
2018-07,일도1동,2958,115,3073
2018-07,일도2동,34684,289,34973
2018-07,정방동,2395,109,2504
2018-07,조천읍,23888,592,24480
2018-07,중문동,11075,294,11369
2018-07,중앙동,3941,105,4046
2018-07,천지동,3556,109,3665
2018-07,추자면,1821,340,2161
2018-07,표선면,12378,422,12800
2018-07,한경면,9087,352,9439
2018-07,한림읍,21126,3663,24789
2018-07,화북동,25073,386,25459
2018-07,효돈동,5334,83,5417
2018-08,건입동,9756,264,10020
2018-08,구좌읍,15677,608,16285
2018-08,남원읍,19173,704,19877
2018-08,노형동,53655,2040,55695
2018-08,대륜동,13868,190,14058
2018-08,대정읍,21459,1728,23187
2018-08,대천동,13524,243,13767
2018-08,도두동,3079,131,3210
2018-08,동홍동,22797,1256,24053
2018-08,봉개동,4016,85,4101
2018-08,삼도1동,14279,222,14501
2018-08,삼도2동,8510,273,8783
2018-08,삼양동,24561,247,24808
2018-08,서홍동,10622,122,10744
2018-08,성산읍,15495,1700,17195
2018-08,송산동,4408,565,4973
2018-08,아라동,32763,1048,33811
2018-08,안덕면,11803,670,12473
2018-08,애월읍,35045,1014,36059
2018-08,연동,41510,1731,43241
2018-08,영천동,5242,189,5431
2018-08,예래동,4064,238,4302
2018-08,오라동,14361,226,14587
2018-08,외도동,21367,288,21655
2018-08,용담1동,7595,86,7681
2018-08,용담2동,15542,241,15783
2018-08,우도면,1879,36,1915
2018-08,이도1동,7883,126,8009
2018-08,이도2동,49817,647,50464
2018-08,이호동,4444,146,4590
2018-08,일도1동,2959,113,3072
2018-08,일도2동,34697,302,34999
2018-08,정방동,2378,110,2488
2018-08,조천읍,23926,603,24529
2018-08,중문동,11096,301,11397
2018-08,중앙동,3913,107,4020
2018-08,천지동,3566,110,3676
2018-08,추자면,1823,347,2170
2018-08,표선면,12361,425,12786
2018-08,한경면,9064,352,9416
2018-08,한림읍,21190,3695,24885
2018-08,화북동,25010,394,25404
2018-08,효돈동,5340,84,5424
2018-09,건입동,9729,263,9992
2018-09,구좌읍,15685,611,16296
2018-09,남원읍,19150,724,19874
2018-09,노형동,53719,2040,55759
2018-09,대륜동,13903,198,14101
2018-09,대정읍,21444,1713,23157
2018-09,대천동,13563,248,13811
2018-09,도두동,3079,134,3213
2018-09,동홍동,22835,1275,24110
2018-09,봉개동,4041,86,4127
2018-09,삼도1동,14299,211,14510
2018-09,삼도2동,8484,262,8746
2018-09,삼양동,24622,248,24870
2018-09,서홍동,10628,127,10755
2018-09,성산읍,15519,1731,17250
2018-09,송산동,4404,599,5003
2018-09,아라동,32886,1217,34103
2018-09,안덕면,11871,693,12564
2018-09,애월읍,35140,1042,36182
2018-09,연동,41493,1726,43219
2018-09,영천동,5243,188,5431
2018-09,예래동,4083,250,4333
2018-09,오라동,14423,225,14648
2018-09,외도동,21415,288,21703
2018-09,용담1동,7582,81,7663
2018-09,용담2동,15525,247,15772
2018-09,우도면,1880,38,1918
2018-09,이도1동,7872,128,8000
2018-09,이도2동,49784,671,50455
2018-09,이호동,4485,153,4638
2018-09,일도1동,2938,108,3046
2018-09,일도2동,34662,313,34975
2018-09,정방동,2356,111,2467
2018-09,조천읍,23997,597,24594
2018-09,중문동,11138,308,11446
2018-09,중앙동,3924,108,4032
2018-09,천지동,3561,119,3680
2018-09,추자면,1816,351,2167
2018-09,표선면,12377,422,12799
2018-09,한경면,9051,365,9416
2018-09,한림읍,21197,3716,24913
2018-09,화북동,25013,397,25410
2018-09,효돈동,5335,82,5417
2018-10,건입동,9702,251,9953
2018-10,구좌읍,15669,617,16286
2018-10,남원읍,19099,732,19831
2018-10,노형동,53835,2173,56008
2018-10,대륜동,13929,198,14127
2018-10,대정읍,21413,1718,23131
2018-10,대천동,13626,251,13877
2018-10,도두동,3101,152,3253
2018-10,동홍동,22853,1271,24124
2018-10,봉개동,4060,86,4146
2018-10,삼도1동,14277,191,14468
2018-10,삼도2동,8448,267,8715
2018-10,삼양동,24773,257,25030
2018-10,서홍동,10625,126,10751
2018-10,성산읍,15559,1735,17294
2018-10,송산동,4412,600,5012
2018-10,아라동,32981,1230,34211
2018-10,안덕면,11871,693,12564
2018-10,애월읍,35300,1094,36394
2018-10,연동,41448,1751,43199
2018-10,영천동,5255,193,5448
2018-10,예래동,4092,276,4368
2018-10,오라동,14515,234,14749
2018-10,외도동,21440,289,21729
2018-10,용담1동,7576,85,7661
2018-10,용담2동,15527,247,15774
2018-10,우도면,1870,40,1910
2018-10,이도1동,7862,132,7994
2018-10,이도2동,49732,684,50416
2018-10,이호동,4464,156,4620
2018-10,일도1동,2925,112,3037
2018-10,일도2동,34653,310,34963
2018-10,정방동,2347,109,2456
2018-10,조천읍,24026,599,24625
2018-10,중문동,11125,312,11437
2018-10,중앙동,3919,105,4024
2018-10,천지동,3570,112,3682
2018-10,추자면,1810,342,2152
2018-10,표선면,12421,435,12856
2018-10,한경면,9074,363,9437
2018-10,한림읍,21235,3698,24933
2018-10,화북동,24965,401,25366
2018-10,효돈동,5302,84,5386
2018-11,건입동,9658,248,9906
2018-11,구좌읍,15654,620,16274
2018-11,남원읍,19094,728,19822
2018-11,노형동,53902,2197,56099
2018-11,대륜동,13949,199,14148
2018-11,대정읍,21392,1727,23119
2018-11,대천동,13616,256,13872
2018-11,도두동,3105,160,3265
2018-11,동홍동,22882,1282,24164
2018-11,봉개동,4278,87,4365
2018-11,삼도1동,14260,160,14420
2018-11,삼도2동,8407,270,8677
2018-11,삼양동,24903,254,25157
2018-11,서홍동,10593,128,10721
2018-11,성산읍,15519,1732,17251
2018-11,송산동,4418,608,5026
2018-11,아라동,33087,1238,34325
2018-11,안덕면,11904,660,12564
2018-11,애월읍,35402,1094,36496
2018-11,연동,41443,1777,43220
2018-11,영천동,5264,190,5454
2018-11,예래동,4118,279,4397
2018-11,오라동,14595,226,14821
2018-11,외도동,21438,291,21729
2018-11,용담1동,7562,83,7645
2018-11,용담2동,15449,248,15697
2018-11,우도면,1867,40,1907
2018-11,이도1동,7865,137,8002
2018-11,이도2동,49672,660,50332
2018-11,이호동,4469,160,4629
2018-11,일도1동,2906,113,3019
2018-11,일도2동,34586,299,34885
2018-11,정방동,2332,112,2444
2018-11,조천읍,24088,594,24682
2018-11,중문동,11134,322,11456
2018-11,중앙동,3901,106,4007
2018-11,천지동,3564,115,3679
2018-11,추자면,1799,344,2143
2018-11,표선면,12389,447,12836
2018-11,한경면,9068,360,9428
2018-11,한림읍,21283,3700,24983
2018-11,화북동,24960,409,25369
2018-11,효돈동,5289,83,5372
2018-12,건입동,9610,247,9857
2018-12,구좌읍,15670,613,16283
2018-12,남원읍,19038,740,19778
2018-12,노형동,54002,2221,56223
2018-12,대륜동,13958,198,14156
2018-12,대정읍,21364,1730,23094
2018-12,대천동,13675,255,13930
2018-12,도두동,3101,156,3257
2018-12,동홍동,22885,1278,24163
2018-12,봉개동,4842,94,4936
2018-12,삼도1동,14190,155,14345
2018-12,삼도2동,8397,265,8662
2018-12,삼양동,24897,256,25153
2018-12,서홍동,10570,127,10697
2018-12,성산읍,15450,1730,17180
2018-12,송산동,4417,610,5027
2018-12,아라동,33099,1222,34321
2018-12,안덕면,11867,670,12537
2018-12,애월읍,35451,1099,36550
2018-12,연동,41397,1820,43217
2018-12,영천동,5292,186,5478
2018-12,예래동,4136,278,4414
2018-12,오라동,14673,233,14906
2018-12,외도동,21445,296,21741
2018-12,용담1동,7527,83,7610
2018-12,용담2동,15426,247,15673
2018-12,우도면,1852,40,1892
2018-12,이도1동,7851,138,7989
2018-12,이도2동,49456,681,50137
2018-12,이호동,4495,159,4654
2018-12,일도1동,2884,109,2993
2018-12,일도2동,34388,296,34684
2018-12,정방동,2333,111,2444
2018-12,조천읍,24106,612,24718
2018-12,중문동,11159,323,11482
2018-12,중앙동,3879,105,3984
2018-12,천지동,3570,118,3688
2018-12,추자면,1804,345,2149
2018-12,표선면,12374,450,12824
2018-12,한경면,9089,358,9447
2018-12,한림읍,21309,3694,25003
2018-12,화북동,24985,406,25391
2018-12,효돈동,5278,87,5365
2019-01,건입동,9506,254,9760
2019-01,구좌읍,15574,610,16184
2019-01,남원읍,19032,761,19793
2019-01,노형동,53961,2252,56213
2019-01,대륜동,14143,210,14353
2019-01,대정읍,21337,1746,23083
2019-01,대천동,13659,257,13916
2019-01,도두동,3076,155,3231
2019-01,동홍동,22884,1286,24170
2019-01,봉개동,4997,96,5093
2019-01,삼도1동,14119,155,14274
2019-01,삼도2동,8394,282,8676
2019-01,삼양동,25027,255,25282
2019-01,서홍동,10523,124,10647
2019-01,성산읍,15432,1730,17162
2019-01,송산동,4383,596,4979
2019-01,아라동,33347,1207,34554
2019-01,안덕면,11858,665,12523
2019-01,애월읍,35478,1168,36646
2019-01,연동,41418,1899,43317
2019-01,영천동,5295,182,5477
2019-01,예래동,4139,282,4421
2019-01,오라동,14780,240,15020
2019-01,외도동,21443,299,21742
2019-01,용담1동,7479,84,7563
2019-01,용담2동,15360,260,15620
2019-01,우도면,1855,39,1894
2019-01,이도1동,7824,141,7965
2019-01,이도2동,49649,679,50328
2019-01,이호동,4524,159,4683
2019-01,일도1동,2870,104,2974
2019-01,일도2동,34190,308,34498
2019-01,정방동,2346,112,2458
2019-01,조천읍,24124,620,24744
2019-01,중문동,11146,324,11470
2019-01,중앙동,3847,104,3951
2019-01,천지동,3550,119,3669
2019-01,추자면,1789,335,2124
2019-01,표선면,12334,443,12777
2019-01,한경면,9086,360,9446
2019-01,한림읍,21337,3691,25028
2019-01,화북동,24943,405,25348
2019-01,효돈동,5279,86,5365
2019-02,건입동,9457,256,9713
2019-02,구좌읍,15633,606,16239
2019-02,남원읍,19020,762,19782
2019-02,노형동,53859,2247,56106
2019-02,대륜동,14266,214,14480
2019-02,대정읍,21349,1735,23084
2019-02,대천동,13612,252,13864
2019-02,도두동,3089,151,3240
2019-02,동홍동,22876,1289,24165
2019-02,봉개동,5094,97,5191
2019-02,삼도1동,14036,154,14190
2019-02,삼도2동,8345,273,8618
2019-02,삼양동,25043,252,25295
2019-02,서홍동,10500,116,10616
2019-02,성산읍,15464,1729,17193
2019-02,송산동,4369,597,4966
2019-02,아라동,33493,1174,34667
2019-02,안덕면,11835,674,12509
2019-02,애월읍,35590,1154,36744
2019-02,연동,41362,1933,43295
2019-02,영천동,5320,185,5505
2019-02,예래동,4126,275,4401
2019-02,오라동,14819,245,15064
2019-02,외도동,21457,298,21755
2019-02,용담1동,7427,85,7512
2019-02,용담2동,15345,261,15606
2019-02,우도면,1861,37,1898
2019-02,이도1동,7821,139,7960
2019-02,이도2동,49716,681,50397
2019-02,이호동,4519,160,4679
2019-02,일도1동,2873,97,2970
2019-02,일도2동,34120,302,34422
2019-02,정방동,2321,120,2441
2019-02,조천읍,24228,614,24842
2019-02,중문동,11127,326,11453
2019-02,중앙동,3848,101,3949
2019-02,천지동,3569,118,3687
2019-02,추자면,1764,333,2097
2019-02,표선면,12322,444,12766
2019-02,한경면,9093,362,9455
2019-02,한림읍,21356,3670,25026
2019-02,화북동,24906,409,25315
2019-02,효돈동,5292,85,5377
2019-03,건입동,9456,255,9711
2019-03,구좌읍,15601,624,16225
2019-03,남원읍,19035,762,19797
2019-03,노형동,53818,2287,56105
2019-03,대륜동,14331,209,14540
2019-03,대정읍,21388,1727,23115
2019-03,대천동,13652,239,13891
2019-03,도두동,3106,167,3273
2019-03,동홍동,22842,1296,24138
2019-03,봉개동,5159,98,5257
2019-03,삼도1동,14018,155,14173
2019-03,삼도2동,8319,267,8586
2019-03,삼양동,25108,254,25362
2019-03,서홍동,10474,114,10588
2019-03,성산읍,15495,1706,17201
2019-03,송산동,4335,585,4920
2019-03,아라동,33566,1306,34872
2019-03,안덕면,11824,664,12488
2019-03,애월읍,35734,1115,36849
2019-03,연동,41428,2004,43432
2019-03,영천동,5331,182,5513
2019-03,예래동,4122,284,4406
2019-03,오라동,14902,237,15139
2019-03,외도동,21474,304,21778
2019-03,용담1동,7414,86,7500
2019-03,용담2동,15303,262,15565
2019-03,우도면,1855,37,1892
2019-03,이도1동,7761,138,7899
2019-03,이도2동,49769,687,50456
2019-03,이호동,4537,161,4698
2019-03,일도1동,2870,98,2968
2019-03,일도2동,34074,294,34368
2019-03,정방동,2328,115,2443
2019-03,조천읍,24312,608,24920
2019-03,중문동,11141,332,11473
2019-03,중앙동,3843,101,3944
2019-03,천지동,3589,117,3706
2019-03,추자면,1756,325,2081
2019-03,표선면,12328,441,12769
2019-03,한경면,9122,362,9484
2019-03,한림읍,21376,3649,25025
2019-03,화북동,24918,422,25340
2019-03,효돈동,5306,84,5390
2019-04,건입동,9463,254,9717
2019-04,구좌읍,15627,662,16289
2019-04,남원읍,19086,770,19856
2019-04,노형동,53772,2504,56276
2019-04,대륜동,14347,209,14556
2019-04,대정읍,21425,1730,23155
2019-04,대천동,13649,234,13883
2019-04,도두동,3113,166,3279
2019-04,동홍동,22827,1294,24121
2019-04,봉개동,5181,102,5283
2019-04,삼도1동,14009,151,14160
2019-04,삼도2동,8264,281,8545
2019-04,삼양동,25160,255,25415
2019-04,서홍동,10471,119,10590
2019-04,성산읍,15504,1724,17228
2019-04,송산동,4334,581,4915
2019-04,아라동,33687,1276,34963
2019-04,안덕면,11839,692,12531
2019-04,애월읍,35796,1106,36902
2019-04,연동,41459,1978,43437
2019-04,영천동,5332,181,5513
2019-04,예래동,4099,283,4382
2019-04,오라동,15042,240,15282
2019-04,외도동,21495,299,21794
2019-04,용담1동,7396,92,7488
2019-04,용담2동,15278,265,15543
2019-04,우도면,1867,38,1905
2019-04,이도1동,7716,139,7855
2019-04,이도2동,49851,675,50526
2019-04,이호동,4551,164,4715
2019-04,일도1동,2849,96,2945
2019-04,일도2동,34032,308,34340
2019-04,정방동,2321,115,2436
2019-04,조천읍,24346,603,24949
2019-04,중문동,11166,333,11499
2019-04,중앙동,3845,102,3947
2019-04,천지동,3621,117,3738
2019-04,추자면,1759,317,2076
2019-04,표선면,12347,434,12781
2019-04,한경면,9134,367,9501
2019-04,한림읍,21411,3650,25061
2019-04,화북동,24885,425,25310
2019-04,효돈동,5292,78,5370
2019-05,건입동,9419,254,9673
2019-05,구좌읍,15641,665,16306
2019-05,남원읍,19126,770,19896
2019-05,노형동,53805,2514,56319
2019-05,대륜동,14364,210,14574
2019-05,대정읍,21415,1721,23136
2019-05,대천동,13659,227,13886
2019-05,도두동,3117,162,3279
2019-05,동홍동,22865,1286,24151
2019-05,봉개동,5204,102,5306
2019-05,삼도1동,13981,146,14127
2019-05,삼도2동,8254,275,8529
2019-05,삼양동,25210,249,25459
2019-05,서홍동,10478,127,10605
2019-05,성산읍,15484,1753,17237
2019-05,송산동,4321,575,4896
2019-05,아라동,33799,1260,35059
2019-05,안덕면,11867,700,12567
2019-05,애월읍,35918,1101,37019
2019-05,연동,41503,1977,43480
2019-05,영천동,5342,184,5526
2019-05,예래동,4084,280,4364
2019-05,오라동,15142,243,15385
2019-05,외도동,21528,298,21826
2019-05,용담1동,7360,88,7448
2019-05,용담2동,15277,266,15543
2019-05,우도면,1876,36,1912
2019-05,이도1동,7703,137,7840
2019-05,이도2동,49945,667,50612
2019-05,이호동,4569,168,4737
2019-05,일도1동,2832,96,2928
2019-05,일도2동,34002,310,34312
2019-05,정방동,2330,113,2443
2019-05,조천읍,24378,597,24975
2019-05,중문동,11220,335,11555
2019-05,중앙동,3811,105,3916
2019-05,천지동,3615,115,3730
2019-05,추자면,1750,318,2068
2019-05,표선면,12365,432,12797
2019-05,한경면,9101,360,9461
2019-05,한림읍,21441,3668,25109
2019-05,화북동,24942,426,25368
2019-05,효돈동,5285,82,5367
2019-06,건입동,9417,259,9676
2019-06,구좌읍,15650,661,16311
2019-06,남원읍,19125,790,19915
2019-06,노형동,53800,2510,56310
2019-06,대륜동,14337,215,14552
2019-06,대정읍,21334,1630,22964
2019-06,대천동,13722,228,13950
2019-06,도두동,3126,172,3298
2019-06,동홍동,22892,1293,24185
2019-06,봉개동,5225,97,5322
2019-06,삼도1동,13947,149,14096
2019-06,삼도2동,8239,271,8510
2019-06,삼양동,25332,248,25580
2019-06,서홍동,10500,124,10624
2019-06,성산읍,15499,1767,17266
2019-06,송산동,4312,589,4901
2019-06,아라동,33888,1245,35133
2019-06,안덕면,11888,725,12613
2019-06,애월읍,36046,1070,37116
2019-06,연동,41479,2003,43482
2019-06,영천동,5376,189,5565
2019-06,예래동,4066,276,4342
2019-06,오라동,15191,245,15436
2019-06,외도동,21571,292,21863
2019-06,용담1동,7338,85,7423
2019-06,용담2동,15260,263,15523
2019-06,우도면,1869,37,1906
2019-06,이도1동,7694,138,7832
2019-06,이도2동,49982,673,50655
2019-06,이호동,4556,168,4724
2019-06,일도1동,2817,96,2913
2019-06,일도2동,33982,301,34283
2019-06,정방동,2334,114,2448
2019-06,조천읍,24417,593,25010
2019-06,중문동,11244,339,11583
2019-06,중앙동,3805,100,3905
2019-06,천지동,3600,121,3721
2019-06,추자면,1741,328,2069
2019-06,표선면,12378,430,12808
2019-06,한경면,9116,360,9476
2019-06,한림읍,21442,3675,25117
2019-06,화북동,24947,422,25369
2019-06,효돈동,5287,83,5370
2019-07,건입동,9408,260,9668
2019-07,구좌읍,15642,669,16311
2019-07,남원읍,19098,800,19898
2019-07,노형동,53830,2438,56268
2019-07,대륜동,14356,213,14569
2019-07,대정읍,21332,1612,22944
2019-07,대천동,13724,232,13956
2019-07,도두동,3120,157,3277
2019-07,동홍동,22884,1275,24159
2019-07,봉개동,5209,94,5303
2019-07,삼도1동,13982,148,14130
2019-07,삼도2동,8228,263,8491
2019-07,삼양동,25398,248,25646
2019-07,서홍동,10505,121,10626
2019-07,성산읍,15545,1782,17327
2019-07,송산동,4287,598,4885
2019-07,아라동,34037,1239,35276
2019-07,안덕면,11909,744,12653
2019-07,애월읍,36051,1068,37119
2019-07,연동,41513,2113,43626
2019-07,영천동,5385,189,5574
2019-07,예래동,4069,283,4352
2019-07,오라동,15191,248,15439
2019-07,외도동,21629,294,21923
2019-07,용담1동,7334,85,7419
2019-07,용담2동,15255,258,15513
2019-07,우도면,1871,34,1905
2019-07,이도1동,7690,144,7834
2019-07,이도2동,50038,658,50696
2019-07,이호동,4569,168,4737
2019-07,일도1동,2804,93,2897
2019-07,일도2동,33965,308,34273
2019-07,정방동,2324,115,2439
2019-07,조천읍,24468,595,25063
2019-07,중문동,11279,330,11609
2019-07,중앙동,3802,100,3902
2019-07,천지동,3600,119,3719
2019-07,추자면,1738,327,2065
2019-07,표선면,12369,430,12799
2019-07,한경면,9118,360,9478
2019-07,한림읍,21400,3675,25075
2019-07,화북동,24959,420,25379
2019-07,효돈동,5294,79,5373
2019-08,건입동,9380,260,9640
2019-08,구좌읍,15661,670,16331
2019-08,남원읍,19109,799,19908
2019-08,노형동,53953,2380,56333
2019-08,대륜동,14346,214,14560
2019-08,대정읍,21408,1813,23221
2019-08,대천동,13758,234,13992
2019-08,도두동,3150,153,3303
2019-08,동홍동,22948,1279,24227
2019-08,봉개동,5216,90,5306
2019-08,삼도1동,13951,149,14100
2019-08,삼도2동,8196,266,8462
2019-08,삼양동,25447,256,25703
2019-08,서홍동,10489,118,10607
2019-08,성산읍,15597,1772,17369
2019-08,송산동,4291,606,4897
2019-08,아라동,34195,1232,35427
2019-08,안덕면,11952,746,12698
2019-08,애월읍,36056,1071,37127
2019-08,연동,41522,2163,43685
2019-08,영천동,5385,190,5575
2019-08,예래동,4047,284,4331
2019-08,오라동,15235,252,15487
2019-08,외도동,21663,296,21959
2019-08,용담1동,7321,85,7406
2019-08,용담2동,15238,259,15497
2019-08,우도면,1889,35,1924
2019-08,이도1동,7655,144,7799
2019-08,이도2동,50060,674,50734
2019-08,이호동,4576,175,4751
2019-08,일도1동,2774,90,2864
2019-08,일도2동,33878,315,34193
2019-08,정방동,2304,120,2424
2019-08,조천읍,24456,587,25043
2019-08,중문동,11261,333,11594
2019-08,중앙동,3778,103,3881
2019-08,천지동,3580,120,3700
2019-08,추자면,1737,325,2062
2019-08,표선면,12335,428,12763
2019-08,한경면,9098,360,9458
2019-08,한림읍,21419,3694,25113
2019-08,화북동,24906,415,25321
2019-08,효돈동,5301,81,5382
2019-09,건입동,9380,263,9643
2019-09,구좌읍,15651,672,16323
2019-09,남원읍,19049,811,19860
2019-09,노형동,53953,2463,56416
2019-09,대륜동,14353,226,14579
2019-09,대정읍,21379,1783,23162
2019-09,대천동,13800,234,14034
2019-09,도두동,3151,145,3296
2019-09,동홍동,23023,1278,24301
2019-09,봉개동,5236,92,5328
2019-09,삼도1동,13924,152,14076
2019-09,삼도2동,8214,256,8470
2019-09,삼양동,25461,259,25720
2019-09,서홍동,10451,121,10572
2019-09,성산읍,15606,1790,17396
2019-09,송산동,4274,602,4876
2019-09,아라동,34357,1280,35637
2019-09,안덕면,11981,768,12749
2019-09,애월읍,36110,1084,37194
2019-09,연동,41522,2171,43693
2019-09,영천동,5365,191,5556
2019-09,예래동,4042,282,4324
2019-09,오라동,15266,249,15515
2019-09,외도동,21660,295,21955
2019-09,용담1동,7307,91,7398
2019-09,용담2동,15196,258,15454
2019-09,우도면,1883,32,1915
2019-09,이도1동,7660,155,7815
2019-09,이도2동,50088,676,50764
2019-09,이호동,4545,175,4720
2019-09,일도1동,2775,93,2868
2019-09,일도2동,33885,323,34208
2019-09,정방동,2284,122,2406
2019-09,조천읍,24531,583,25114
2019-09,중문동,11240,339,11579
2019-09,중앙동,3749,102,3851
2019-09,천지동,3560,117,3677
2019-09,추자면,1743,336,2079
2019-09,표선면,12330,445,12775
2019-09,한경면,9065,358,9423
2019-09,한림읍,21388,3696,25084
2019-09,화북동,24872,421,25293
2019-09,효돈동,5301,79,5380
2019-10,건입동,9359,261,9620
2019-10,구좌읍,15605,669,16274
2019-10,남원읍,18990,811,19801
2019-10,노형동,54095,2432,56527
2019-10,대륜동,14374,221,14595
2019-10,대정읍,21348,1784,23132
2019-10,대천동,13804,228,14032
2019-10,도두동,3180,135,3315
2019-10,동홍동,23061,1273,24334
2019-10,봉개동,5230,95,5325
2019-10,삼도1동,13886,156,14042
2019-10,삼도2동,8186,255,8441
2019-10,삼양동,25544,257,25801
2019-10,서홍동,10421,125,10546
2019-10,성산읍,15606,1782,17388
2019-10,송산동,4269,605,4874
2019-10,아라동,34592,1262,35854
2019-10,안덕면,11967,735,12702
2019-10,애월읍,36132,1115,37247
2019-10,연동,41465,2197,43662
2019-10,영천동,5350,195,5545
2019-10,예래동,4014,281,4295
2019-10,오라동,15287,248,15535
2019-10,외도동,21694,301,21995
2019-10,용담1동,7294,94,7388
2019-10,용담2동,15124,263,15387
2019-10,우도면,1882,33,1915
2019-10,이도1동,7656,149,7805
2019-10,이도2동,50081,686,50767
2019-10,이호동,4572,177,4749
2019-10,일도1동,2747,90,2837
2019-10,일도2동,33856,321,34177
2019-10,정방동,2294,125,2419
2019-10,조천읍,24568,587,25155
2019-10,중문동,11233,334,11567
2019-10,중앙동,3747,103,3850
2019-10,천지동,3559,119,3678
2019-10,추자면,1732,335,2067
2019-10,표선면,12309,444,12753
2019-10,한경면,9072,360,9432
2019-10,한림읍,21380,3730,25110
2019-10,화북동,24870,433,25303
2019-10,효돈동,5303,83,5386
2019-11,건입동,9335,252,9587
2019-11,구좌읍,15556,658,16214
2019-11,남원읍,18936,815,19751
2019-11,노형동,54223,2409,56632
2019-11,대륜동,14390,221,14611
2019-11,대정읍,21367,1784,23151
2019-11,대천동,13759,237,13996
2019-11,도두동,3176,131,3307
2019-11,동홍동,23104,1276,24380
2019-11,봉개동,5255,92,5347
2019-11,삼도1동,13867,154,14021
2019-11,삼도2동,8182,267,8449
2019-11,삼양동,25611,262,25873
2019-11,서홍동,10436,126,10562
2019-11,성산읍,15604,1810,17414
2019-11,송산동,4262,606,4868
2019-11,아라동,34727,1270,35997
2019-11,안덕면,11988,726,12714
2019-11,애월읍,36182,1117,37299
2019-11,연동,41474,2208,43682
2019-11,영천동,5351,192,5543
2019-11,예래동,3997,283,4280
2019-11,오라동,15300,250,15550
2019-11,외도동,21720,300,22020
2019-11,용담1동,7250,95,7345
2019-11,용담2동,15084,259,15343
2019-11,우도면,1862,32,1894
2019-11,이도1동,7617,142,7759
2019-11,이도2동,50038,683,50721
2019-11,이호동,4547,184,4731
2019-11,일도1동,2731,88,2819
2019-11,일도2동,33791,323,34114
2019-11,정방동,2289,128,2417
2019-11,조천읍,24614,624,25238
2019-11,중문동,11294,329,11623
2019-11,중앙동,3725,97,3822
2019-11,천지동,3548,117,3665
2019-11,추자면,1735,346,2081
2019-11,표선면,12318,443,12761
2019-11,한경면,9059,368,9427
2019-11,한림읍,21400,3749,25149
2019-11,화북동,24894,429,25323
2019-11,효돈동,5297,80,5377
2019-12,건입동,9311,260,9571
2019-12,구좌읍,15589,643,16232
2019-12,남원읍,18905,802,19707
2019-12,노형동,54222,2389,56611
2019-12,대륜동,14443,214,14657
2019-12,대정읍,21334,1771,23105
2019-12,대천동,13785,225,14010
2019-12,도두동,3186,128,3314
2019-12,동홍동,23118,1271,24389
2019-12,봉개동,5270,93,5363
2019-12,삼도1동,13854,151,14005
2019-12,삼도2동,8174,259,8433
2019-12,삼양동,25702,263,25965
2019-12,서홍동,10433,126,10559
2019-12,성산읍,15557,1781,17338
2019-12,송산동,4286,607,4893
2019-12,아라동,34806,1218,36024
2019-12,안덕면,12023,688,12711
2019-12,애월읍,36233,1112,37345
2019-12,연동,41513,2195,43708
2019-12,영천동,5289,196,5485
2019-12,예래동,3974,273,4247
2019-12,오라동,15334,254,15588
2019-12,외도동,21801,307,22108
2019-12,용담1동,7225,90,7315
2019-12,용담2동,15074,254,15328
2019-12,우도면,1862,30,1892
2019-12,이도1동,7649,147,7796
2019-12,이도2동,49964,691,50655
2019-12,이호동,4569,195,4764
2019-12,일도1동,2724,85,2809
2019-12,일도2동,33683,315,33998
2019-12,정방동,2276,123,2399
2019-12,조천읍,24670,643,25313
2019-12,중문동,11337,328,11665
2019-12,중앙동,3705,93,3798
2019-12,천지동,3544,112,3656
2019-12,추자면,1733,324,2057
2019-12,표선면,12284,438,12722
2019-12,한경면,9037,368,9405
2019-12,한림읍,21365,3715,25080
2019-12,화북동,24855,416,25271
2019-12,효돈동,5291,75,5366
2020-01,건입동,9230,266,9496
2020-01,구좌읍,15549,654,16203
2020-01,남원읍,18864,798,19662
2020-01,노형동,54148,2400,56548
2020-01,대륜동,14477,215,14692
2020-01,대정읍,21354,1784,23138
2020-01,대천동,13756,224,13980
2020-01,도두동,3202,128,3330
2020-01,동홍동,23137,1271,24408
2020-01,봉개동,5272,94,5366
2020-01,삼도1동,13771,149,13920
2020-01,삼도2동,8141,261,8402
2020-01,삼양동,25712,260,25972
2020-01,서홍동,10479,127,10606
2020-01,성산읍,15489,1802,17291
2020-01,송산동,4265,606,4871
2020-01,아라동,34879,1218,36097
2020-01,안덕면,12053,705,12758
2020-01,애월읍,36186,1124,37310
2020-01,연동,41487,2224,43711
2020-01,영천동,5301,194,5495
2020-01,예래동,3983,277,4260
2020-01,오라동,15397,257,15654
2020-01,외도동,21742,316,22058
2020-01,용담1동,7261,92,7353
2020-01,용담2동,15051,258,15309
2020-01,우도면,1860,30,1890
2020-01,이도1동,7688,146,7834
2020-01,이도2동,49953,692,50645
2020-01,이호동,4573,197,4770
2020-01,일도1동,2701,84,2785
2020-01,일도2동,33612,314,33926
2020-01,정방동,2258,123,2381
2020-01,조천읍,24803,651,25454
2020-01,중문동,11365,328,11693
2020-01,중앙동,3676,94,3770
2020-01,천지동,3558,111,3669
2020-01,추자면,1717,327,2044
2020-01,표선면,12248,437,12685
2020-01,한경면,9044,370,9414
2020-01,한림읍,21373,3703,25076
2020-01,화북동,24850,418,25268
2020-01,효돈동,5284,75,5359
2020-02,건입동,9209,273,9482
2020-02,구좌읍,15554,648,16202
2020-02,남원읍,18854,798,19652
2020-02,노형동,54244,2392,56636
2020-02,대륜동,14492,221,14713
2020-02,대정읍,21329,1783,23112
2020-02,대천동,13790,224,14014
2020-02,도두동,3221,130,3351
2020-02,동홍동,23136,1270,24406
2020-02,봉개동,5265,96,5361
2020-02,삼도1동,13743,149,13892
2020-02,삼도2동,8116,267,8383
2020-02,삼양동,25729,260,25989
2020-02,서홍동,10470,120,10590
2020-02,성산읍,15434,1791,17225
2020-02,송산동,4263,605,4868
2020-02,아라동,34955,1186,36141
2020-02,안덕면,12044,694,12738
2020-02,애월읍,36333,1113,37446
2020-02,연동,41486,2249,43735
2020-02,영천동,5281,190,5471
2020-02,예래동,3978,281,4259
2020-02,오라동,15425,258,15683
2020-02,외도동,21757,309,22066
2020-02,용담1동,7241,97,7338
2020-02,용담2동,15051,253,15304
2020-02,우도면,1843,29,1872
2020-02,이도1동,7702,143,7845
2020-02,이도2동,49942,700,50642
2020-02,이호동,4553,193,4746
2020-02,일도1동,2671,81,2752
2020-02,일도2동,33578,314,33892
2020-02,정방동,2259,126,2385
2020-02,조천읍,24937,652,25589
2020-02,중문동,11371,326,11697
2020-02,중앙동,3662,98,3760
2020-02,천지동,3535,110,3645
2020-02,추자면,1729,316,2045
2020-02,표선면,12252,437,12689
2020-02,한경면,9045,371,9416
2020-02,한림읍,21326,3695,25021
2020-02,화북동,24801,412,25213
2020-02,효돈동,5270,74,5344
2020-03,건입동,9202,263,9465
2020-03,구좌읍,15514,625,16139
2020-03,남원읍,18824,791,19615
2020-03,노형동,54193,2353,56546
2020-03,대륜동,14464,214,14678
2020-03,대정읍,21338,1768,23106
2020-03,대천동,13757,217,13974
2020-03,도두동,3202,125,3327
2020-03,동홍동,23187,1245,24432
2020-03,봉개동,5258,95,5353
2020-03,삼도1동,13711,147,13858
2020-03,삼도2동,8075,271,8346
2020-03,삼양동,25756,257,26013
2020-03,서홍동,10451,119,10570
2020-03,성산읍,15341,1766,17107
2020-03,송산동,4245,596,4841
2020-03,아라동,35008,1159,36167
2020-03,안덕면,12020,654,12674
2020-03,애월읍,36359,1074,37433
2020-03,연동,41435,2213,43648
2020-03,영천동,5297,184,5481
2020-03,예래동,3964,271,4235
2020-03,오라동,15522,247,15769
2020-03,외도동,21773,303,22076
2020-03,용담1동,7226,92,7318
2020-03,용담2동,15037,252,15289
2020-03,우도면,1828,26,1854
2020-03,이도1동,7691,134,7825
2020-03,이도2동,50011,683,50694
2020-03,이호동,4560,192,4752
2020-03,일도1동,2676,77,2753
2020-03,일도2동,33493,313,33806
2020-03,정방동,2243,123,2366
2020-03,조천읍,24964,644,25608
2020-03,중문동,11376,325,11701
2020-03,중앙동,3634,96,3730
2020-03,천지동,3546,106,3652
2020-03,추자면,1704,304,2008
2020-03,표선면,12263,424,12687
2020-03,한경면,9050,359,9409
2020-03,한림읍,21280,3662,24942
2020-03,화북동,24743,399,25142
2020-03,효돈동,5287,74,5361
2020-04,건입동,9170,250,9420
2020-04,구좌읍,15433,618,16051
2020-04,남원읍,18813,771,19584
2020-04,노형동,54254,2331,56585
2020-04,대륜동,14461,213,14674
2020-04,대정읍,21313,1765,23078
2020-04,대천동,13839,215,14054
2020-04,도두동,3210,126,3336
2020-04,동홍동,23179,1239,24418
2020-04,봉개동,5272,92,5364
2020-04,삼도1동,13697,154,13851
2020-04,삼도2동,8109,268,8377
2020-04,삼양동,25726,254,25980
2020-04,서홍동,10424,115,10539
2020-04,성산읍,15290,1752,17042
2020-04,송산동,4223,590,4813
2020-04,아라동,35144,1083,36227
2020-04,안덕면,11980,642,12622
2020-04,애월읍,36396,1048,37444
2020-04,연동,41500,2151,43651
2020-04,영천동,5288,181,5469
2020-04,예래동,3954,269,4223
2020-04,오라동,15611,248,15859
2020-04,외도동,21805,305,22110
2020-04,용담1동,7213,91,7304
2020-04,용담2동,15010,248,15258
2020-04,우도면,1812,26,1838
2020-04,이도1동,7686,136,7822
2020-04,이도2동,50040,676,50716
2020-04,이호동,4576,191,4767
2020-04,일도1동,2675,77,2752
2020-04,일도2동,33405,312,33717
2020-04,정방동,2238,124,2362
2020-04,조천읍,24995,651,25646
2020-04,중문동,11390,323,11713
2020-04,중앙동,3634,93,3727
2020-04,천지동,3545,107,3652
2020-04,추자면,1698,296,1994
2020-04,표선면,12286,420,12706
2020-04,한경면,9021,356,9377
2020-04,한림읍,21252,3646,24898
2020-04,화북동,24756,397,25153
2020-04,효돈동,5272,74,5346
2020-05,건입동,9164,245,9409
2020-05,구좌읍,15452,614,16066
2020-05,남원읍,18758,757,19515
2020-05,노형동,54309,2306,56615
2020-05,대륜동,14467,208,14675
2020-05,대정읍,21316,1737,23053
2020-05,대천동,13819,208,14027
2020-05,도두동,3212,121,3333
2020-05,동홍동,23185,1215,24400
2020-05,봉개동,5248,89,5337
2020-05,삼도1동,13671,155,13826
2020-05,삼도2동,8100,262,8362
2020-05,삼양동,25743,250,25993
2020-05,서홍동,10438,117,10555
2020-05,성산읍,15290,1733,17023
2020-05,송산동,4195,583,4778
2020-05,아라동,35281,1069,36350
2020-05,안덕면,11974,642,12616
2020-05,애월읍,36516,1035,37551
2020-05,연동,41528,2129,43657
2020-05,영천동,5261,178,5439
2020-05,예래동,3926,271,4197
2020-05,오라동,15703,250,15953
2020-05,외도동,21866,301,22167
2020-05,용담1동,7203,90,7293
2020-05,용담2동,14992,236,15228
2020-05,우도면,1792,26,1818
2020-05,이도1동,7676,135,7811
2020-05,이도2동,50074,666,50740
2020-05,이호동,4583,184,4767
2020-05,일도1동,2665,79,2744
2020-05,일도2동,33362,314,33676
2020-05,정방동,2231,121,2352
2020-05,조천읍,24976,599,25575
2020-05,중문동,11471,309,11780
2020-05,중앙동,3641,89,3730
2020-05,천지동,3556,105,3661
2020-05,추자면,1696,292,1988
2020-05,표선면,12277,400,12677
2020-05,한경면,9011,392,9403
2020-05,한림읍,21202,3614,24816
2020-05,화북동,24709,392,25101
2020-05,효돈동,5254,71,5325
2020-06,건입동,9150,246,9396
2020-06,구좌읍,15466,611,16077
2020-06,남원읍,18754,752,19506
2020-06,노형동,54345,2290,56635
2020-06,대륜동,14514,211,14725
2020-06,대정읍,21298,1672,22970
2020-06,대천동,13820,202,14022
2020-06,도두동,3230,122,3352
2020-06,동홍동,23166,1202,24368
2020-06,봉개동,5264,90,5354
2020-06,삼도1동,13692,150,13842
2020-06,삼도2동,8067,260,8327
2020-06,삼양동,25724,252,25976
2020-06,서홍동,10416,119,10535
2020-06,성산읍,15302,1724,17026
2020-06,송산동,4198,580,4778
2020-06,아라동,35460,1061,36521
2020-06,안덕면,11940,609,12549
2020-06,애월읍,36616,1030,37646
2020-06,연동,41660,2112,43772
2020-06,영천동,5236,178,5414
2020-06,예래동,3935,273,4208
2020-06,오라동,15730,257,15987
2020-06,외도동,21862,302,22164
2020-06,용담1동,7174,89,7263
2020-06,용담2동,14970,234,15204
2020-06,우도면,1781,24,1805
2020-06,이도1동,7670,136,7806
2020-06,이도2동,50115,667,50782
2020-06,이호동,4602,187,4789
2020-06,일도1동,2669,74,2743
2020-06,일도2동,33333,319,33652
2020-06,정방동,2245,119,2364
2020-06,조천읍,25058,586,25644
2020-06,중문동,11515,309,11824
2020-06,중앙동,3624,86,3710
2020-06,천지동,3568,106,3674
2020-06,추자면,1687,292,1979
2020-06,표선면,12276,395,12671
2020-06,한경면,9061,406,9467
2020-06,한림읍,21198,3604,24802
2020-06,화북동,24670,394,25064
2020-06,효돈동,5255,73,5328
2020-07,건입동,9136,244,9380
2020-07,구좌읍,15499,602,16101
2020-07,남원읍,18762,743,19505
2020-07,노형동,54408,2272,56680
2020-07,대륜동,14538,212,14750
2020-07,대정읍,21328,1631,22959
2020-07,대천동,13826,194,14020
2020-07,도두동,3246,118,3364
2020-07,동홍동,23215,1174,24389
2020-07,봉개동,5278,86,5364
2020-07,삼도1동,13671,148,13819
2020-07,삼도2동,8074,261,8335
2020-07,삼양동,25745,247,25992
2020-07,서홍동,10413,119,10532
2020-07,성산읍,15284,1716,17000
2020-07,송산동,4169,558,4727
2020-07,아라동,35511,1043,36554
2020-07,안덕면,11956,607,12563
2020-07,애월읍,36705,1035,37740
2020-07,연동,41744,2116,43860
2020-07,영천동,5222,181,5403
2020-07,예래동,3938,274,4212
2020-07,오라동,15747,249,15996
2020-07,외도동,21936,297,22233
2020-07,용담1동,7176,89,7265
2020-07,용담2동,14961,227,15188
2020-07,우도면,1778,24,1802
2020-07,이도1동,7664,134,7798
2020-07,이도2동,50136,649,50785
2020-07,이호동,4597,183,4780
2020-07,일도1동,2655,78,2733
2020-07,일도2동,33300,316,33616
2020-07,정방동,2238,120,2358
2020-07,조천읍,25149,583,25732
2020-07,중문동,11533,308,11841
2020-07,중앙동,3608,83,3691
2020-07,천지동,3558,108,3666
2020-07,추자면,1682,284,1966
2020-07,표선면,12290,391,12681
2020-07,한경면,9079,408,9487
2020-07,한림읍,21218,3563,24781
2020-07,화북동,24677,392,25069
2020-07,효돈동,5263,72,5335
2020-08,건입동,9116,240,9356
2020-08,구좌읍,15524,594,16118
2020-08,남원읍,18752,737,19489
2020-08,노형동,54517,2229,56746
2020-08,대륜동,14556,214,14770
2020-08,대정읍,21431,1731,23162
2020-08,대천동,13829,198,14027
2020-08,도두동,3234,116,3350
2020-08,동홍동,23202,1150,24352
2020-08,봉개동,5274,87,5361
2020-08,삼도1동,13655,142,13797
2020-08,삼도2동,8068,259,8327
2020-08,삼양동,25794,245,26039
2020-08,서홍동,10439,116,10555
2020-08,성산읍,15300,1714,17014
2020-08,송산동,4205,519,4724
2020-08,아라동,35937,1017,36954
2020-08,안덕면,11986,580,12566
2020-08,애월읍,36815,1032,37847
2020-08,연동,41678,2078,43756
2020-08,영천동,5202,179,5381
2020-08,예래동,3934,269,4203
2020-08,오라동,15789,249,16038
2020-08,외도동,21927,297,22224
2020-08,용담1동,7159,92,7251
2020-08,용담2동,14925,223,15148
2020-08,우도면,1768,24,1792
2020-08,이도1동,7645,130,7775
2020-08,이도2동,50112,634,50746
2020-08,이호동,4580,185,4765
2020-08,일도1동,2640,79,2719
2020-08,일도2동,33232,316,33548
2020-08,정방동,2217,120,2337
2020-08,조천읍,25168,574,25742
2020-08,중문동,11567,312,11879
2020-08,중앙동,3595,81,3676
2020-08,천지동,3561,108,3669
2020-08,추자면,1681,277,1958
2020-08,표선면,12310,385,12695
2020-08,한경면,9082,406,9488
2020-08,한림읍,21229,3518,24747
2020-08,화북동,24635,389,25024
2020-08,효돈동,5254,74,5328
2020-09,건입동,9101,235,9336
2020-09,구좌읍,15531,597,16128
2020-09,남원읍,18734,729,19463
2020-09,노형동,54498,2186,56684
2020-09,대륜동,14571,209,14780
2020-09,대정읍,21528,1735,23263
2020-09,대천동,13816,198,14014
2020-09,도두동,3237,118,3355
2020-09,동홍동,23258,1107,24365
2020-09,봉개동,5241,87,5328
2020-09,삼도1동,13616,140,13756
2020-09,삼도2동,8078,267,8345
2020-09,삼양동,25779,243,26022
2020-09,서홍동,10439,117,10556
2020-09,성산읍,15297,1692,16989
2020-09,송산동,4202,519,4721
2020-09,아라동,36590,1118,37708
2020-09,안덕면,12008,573,12581
2020-09,애월읍,36810,978,37788
2020-09,연동,41714,2086,43800
2020-09,영천동,5189,178,5367
2020-09,예래동,3933,266,4199
2020-09,오라동,15751,241,15992
2020-09,외도동,21941,302,22243
2020-09,용담1동,7096,94,7190
2020-09,용담2동,14852,223,15075
2020-09,우도면,1752,24,1776
2020-09,이도1동,7680,131,7811
2020-09,이도2동,49986,623,50609
2020-09,이호동,4591,185,4776
2020-09,일도1동,2633,78,2711
2020-09,일도2동,33192,316,33508
2020-09,정방동,2217,119,2336
2020-09,조천읍,25246,569,25815
2020-09,중문동,11589,306,11895
2020-09,중앙동,3584,81,3665
2020-09,천지동,3539,106,3645
2020-09,추자면,1674,276,1950
2020-09,표선면,12346,381,12727
2020-09,한경면,9052,405,9457
2020-09,한림읍,21225,3486,24711
2020-09,화북동,24580,389,24969
2020-09,효돈동,5252,73,5325
2020-10,건입동,9110,239,9349
2020-10,구좌읍,15546,595,16141
2020-10,남원읍,18744,715,19459
2020-10,노형동,54739,2161,56900
2020-10,대륜동,14625,206,14831
2020-10,대정읍,21616,1720,23336
2020-10,대천동,13890,198,14088
2020-10,도두동,3244,111,3355
2020-10,동홍동,23233,1047,24280
2020-10,봉개동,5245,85,5330
2020-10,삼도1동,13589,135,13724
2020-10,삼도2동,8077,261,8338
2020-10,삼양동,25777,243,26020
2020-10,서홍동,10553,122,10675
2020-10,성산읍,15288,1680,16968
2020-10,송산동,4174,491,4665
2020-10,아라동,36776,1093,37869
2020-10,안덕면,11965,548,12513
2020-10,애월읍,36799,988,37787
2020-10,연동,41796,2062,43858
2020-10,영천동,5188,175,5363
2020-10,예래동,3938,259,4197
2020-10,오라동,15757,231,15988
2020-10,외도동,21957,298,22255
2020-10,용담1동,7083,92,7175
2020-10,용담2동,14820,215,15035
2020-10,우도면,1750,23,1773
2020-10,이도1동,7674,125,7799
2020-10,이도2동,50006,614,50620
2020-10,이호동,4596,184,4780
2020-10,일도1동,2615,79,2694
2020-10,일도2동,33188,305,33493
2020-10,정방동,2211,119,2330
2020-10,조천읍,25295,568,25863
2020-10,중문동,11554,304,11858
2020-10,중앙동,3563,79,3642
2020-10,천지동,3526,110,3636
2020-10,추자면,1669,278,1947
2020-10,표선면,12344,378,12722
2020-10,한경면,9049,404,9453
2020-10,한림읍,21246,3421,24667
2020-10,화북동,24546,376,24922
2020-10,효돈동,5245,73,5318
2020-11,건입동,9101,236,9337
2020-11,구좌읍,15557,596,16153
2020-11,남원읍,18757,715,19472
2020-11,노형동,54895,2138,57033
2020-11,대륜동,14652,202,14854
2020-11,대정읍,21720,1708,23428
2020-11,대천동,13986,197,14183
2020-11,도두동,3255,110,3365
2020-11,동홍동,23237,1000,24237
2020-11,봉개동,5239,81,5320
2020-11,삼도1동,13596,132,13728
2020-11,삼도2동,8052,256,8308
2020-11,삼양동,25765,237,26002
2020-11,서홍동,10586,124,10710
2020-11,성산읍,15306,1669,16975
2020-11,송산동,4175,483,4658
2020-11,아라동,36912,1095,38007
2020-11,안덕면,11980,538,12518
2020-11,애월읍,36842,989,37831
2020-11,연동,41801,2045,43846
2020-11,영천동,5207,173,5380
2020-11,예래동,3944,257,4201
2020-11,오라동,15738,224,15962
2020-11,외도동,22014,299,22313
2020-11,용담1동,7072,91,7163
2020-11,용담2동,14792,218,15010
2020-11,우도면,1753,23,1776
2020-11,이도1동,7670,125,7795
2020-11,이도2동,49947,602,50549
2020-11,이호동,4573,185,4758
2020-11,일도1동,2613,82,2695
2020-11,일도2동,33118,295,33413
2020-11,정방동,2203,119,2322
2020-11,조천읍,25328,575,25903
2020-11,중문동,11551,297,11848
2020-11,중앙동,3533,77,3610
2020-11,천지동,3523,110,3633
2020-11,추자면,1671,276,1947
2020-11,표선면,12334,373,12707
2020-11,한경면,9019,395,9414
2020-11,한림읍,21248,3379,24627
2020-11,화북동,24501,369,24870
2020-11,효돈동,5235,73,5308
2020-12,건입동,9091,234,9325
2020-12,구좌읍,15546,583,16129
2020-12,남원읍,18766,703,19469
2020-12,노형동,55087,2103,57190
2020-12,대륜동,14765,198,14963
2020-12,대정읍,21761,1690,23451
2020-12,대천동,13921,189,14110
2020-12,도두동,3262,105,3367
2020-12,동홍동,23233,989,24222
2020-12,봉개동,5285,87,5372
2020-12,삼도1동,13586,133,13719
2020-12,삼도2동,8005,270,8275
2020-12,삼양동,25837,242,26079
2020-12,서홍동,10618,128,10746
2020-12,성산읍,15412,1660,17072
2020-12,송산동,4171,487,4658
2020-12,아라동,37070,1067,38137
2020-12,안덕면,11982,541,12523
2020-12,애월읍,36913,985,37898
2020-12,연동,41910,2006,43916
2020-12,영천동,5199,172,5371
2020-12,예래동,3938,262,4200
2020-12,오라동,15746,220,15966
2020-12,외도동,22055,298,22353
2020-12,용담1동,7050,90,7140
2020-12,용담2동,14798,216,15014
2020-12,우도면,1740,26,1766
2020-12,이도1동,7683,125,7808
2020-12,이도2동,49834,589,50423
2020-12,이호동,4572,174,4746
2020-12,일도1동,2584,80,2664
2020-12,일도2동,33062,291,33353
2020-12,정방동,2196,119,2315
2020-12,조천읍,25339,566,25905
2020-12,중문동,11586,291,11877
2020-12,중앙동,3519,73,3592
2020-12,천지동,3524,112,3636
2020-12,추자면,1677,286,1963
2020-12,표선면,12325,366,12691
2020-12,한경면,9029,393,9422
2020-12,한림읍,21249,3360,24609
2020-12,화북동,24456,363,24819
2020-12,효돈동,5253,71,5324
2021-01,건입동,9042,237,9279
2021-01,구좌읍,15512,587,16099
2021-01,남원읍,18756,696,19452
2021-01,노형동,55106,2077,57183
2021-01,대륜동,14826,196,15022
2021-01,대정읍,21816,1687,23503
2021-01,대천동,13900,183,14083
2021-01,도두동,3270,100,3370
2021-01,동홍동,23187,979,24166
2021-01,봉개동,5287,85,5372
2021-01,삼도1동,13579,136,13715
2021-01,삼도2동,7949,264,8213
2021-01,삼양동,25844,235,26079
2021-01,서홍동,10743,131,10874
2021-01,성산읍,15397,1656,17053
2021-01,송산동,4145,478,4623
2021-01,아라동,37416,1045,38461
2021-01,안덕면,12034,534,12568
2021-01,애월읍,36936,968,37904
2021-01,연동,41908,1991,43899
2021-01,영천동,5175,171,5346
2021-01,예래동,3934,258,4192
2021-01,오라동,15713,228,15941
2021-01,외도동,22091,292,22383
2021-01,용담1동,6991,87,7078
2021-01,용담2동,14749,208,14957
2021-01,우도면,1741,26,1767
2021-01,이도1동,7635,123,7758
2021-01,이도2동,49801,581,50382
2021-01,이호동,4564,176,4740
2021-01,일도1동,2561,79,2640
2021-01,일도2동,32888,287,33175
2021-01,정방동,2184,118,2302
2021-01,조천읍,25361,558,25919
2021-01,중문동,11543,287,11830
2021-01,중앙동,3503,73,3576
2021-01,천지동,3515,110,3625
2021-01,추자면,1663,273,1936
2021-01,표선면,12339,361,12700
2021-01,한경면,9041,389,9430
2021-01,한림읍,21263,3353,24616
2021-01,화북동,24435,364,24799
2021-01,효돈동,5272,67,5339
2021-02,건입동,8984,231,9215
2021-02,구좌읍,15530,583,16113
2021-02,남원읍,18751,686,19437
2021-02,노형동,55146,2057,57203
2021-02,대륜동,14906,191,15097
2021-02,대정읍,21947,1696,23643
2021-02,대천동,13909,181,14090
2021-02,도두동,3264,98,3362
2021-02,동홍동,23219,951,24170
2021-02,봉개동,5307,82,5389
2021-02,삼도1동,13569,137,13706
2021-02,삼도2동,7947,259,8206
2021-02,삼양동,25852,232,26084
2021-02,서홍동,10772,128,10900
2021-02,성산읍,15403,1650,17053
2021-02,송산동,4117,466,4583
2021-02,아라동,37836,1013,38849
2021-02,안덕면,12049,529,12578
2021-02,애월읍,37006,950,37956
2021-02,연동,41926,1982,43908
2021-02,영천동,5182,166,5348
2021-02,예래동,3917,256,4173
2021-02,오라동,15752,227,15979
2021-02,외도동,22058,287,22345
2021-02,용담1동,6993,87,7080
2021-02,용담2동,14702,209,14911
2021-02,우도면,1746,26,1772
2021-02,이도1동,7572,125,7697
2021-02,이도2동,49638,577,50215
2021-02,이호동,4554,169,4723
2021-02,일도1동,2544,81,2625
2021-02,일도2동,32890,282,33172
2021-02,정방동,2157,120,2277
2021-02,조천읍,25407,545,25952
2021-02,중문동,11539,290,11829
2021-02,중앙동,3467,71,3538
2021-02,천지동,3503,109,3612
2021-02,추자면,1653,267,1920
2021-02,표선면,12357,362,12719
2021-02,한경면,9076,387,9463
2021-02,한림읍,21267,3304,24571
2021-02,화북동,24434,357,24791
2021-02,효돈동,5289,65,5354
2021-03,건입동,8917,231,9148
2021-03,구좌읍,15412,573,15985
2021-03,남원읍,18704,680,19384
2021-03,노형동,55083,2072,57155
2021-03,대륜동,14958,188,15146
2021-03,대정읍,21883,1687,23570
2021-03,대천동,13858,190,14048
2021-03,도두동,3270,97,3367
2021-03,동홍동,23203,942,24145
2021-03,봉개동,5281,81,5362
2021-03,삼도1동,13523,135,13658
2021-03,삼도2동,7941,260,8201
2021-03,삼양동,25770,224,25994
2021-03,서홍동,10757,121,10878
2021-03,성산읍,15419,1627,17046
2021-03,송산동,4061,462,4523
2021-03,아라동,38072,1029,39101
2021-03,안덕면,12095,525,12620
2021-03,애월읍,37072,943,38015
2021-03,연동,41949,1952,43901
2021-03,영천동,5165,164,5329
2021-03,예래동,3925,253,4178
2021-03,오라동,15766,220,15986
2021-03,외도동,22003,287,22290
2021-03,용담1동,6939,85,7024
2021-03,용담2동,14626,204,14830
2021-03,우도면,1734,27,1761
2021-03,이도1동,7534,127,7661
2021-03,이도2동,49541,578,50119
2021-03,이호동,4563,167,4730
2021-03,일도1동,2485,80,2565
2021-03,일도2동,32714,279,32993
2021-03,정방동,2122,117,2239
2021-03,조천읍,25324,534,25858
2021-03,중문동,11544,290,11834
2021-03,중앙동,3405,71,3476
2021-03,천지동,3463,108,3571
2021-03,추자면,1636,265,1901
2021-03,표선면,12307,356,12663
2021-03,한경면,9052,384,9436
2021-03,한림읍,21214,3280,24494
2021-03,화북동,24422,343,24765
2021-03,효돈동,5262,61,5323
2021-04,건입동,8922,226,9148
2021-04,구좌읍,15425,566,15991
2021-04,남원읍,18729,661,19390
2021-04,노형동,55222,2090,57312
2021-04,대륜동,15033,190,15223
2021-04,대정읍,21859,1682,23541
2021-04,대천동,13878,187,14065
2021-04,도두동,3283,98,3381
2021-04,동홍동,23193,911,24104
2021-04,봉개동,5271,82,5353
2021-04,삼도1동,13503,134,13637
2021-04,삼도2동,7923,248,8171
2021-04,삼양동,25767,226,25993
2021-04,서홍동,10810,127,10937
2021-04,성산읍,15437,1562,16999
2021-04,송산동,4061,457,4518
2021-04,아라동,38176,1037,39213
2021-04,안덕면,12121,519,12640
2021-04,애월읍,37127,953,38080
2021-04,연동,41949,1934,43883
2021-04,영천동,5151,163,5314
2021-04,예래동,3908,253,4161
2021-04,오라동,15790,217,16007
2021-04,외도동,21982,271,22253
2021-04,용담1동,6962,85,7047
2021-04,용담2동,14625,206,14831
2021-04,우도면,1722,27,1749
2021-04,이도1동,7541,129,7670
2021-04,이도2동,49555,578,50133
2021-04,이호동,4568,164,4732
2021-04,일도1동,2464,80,2544
2021-04,일도2동,32678,282,32960
2021-04,정방동,2126,114,2240
2021-04,조천읍,25380,526,25906
2021-04,중문동,11573,303,11876
2021-04,중앙동,3383,73,3456
2021-04,천지동,3453,109,3562
2021-04,추자면,1632,262,1894
2021-04,표선면,12334,350,12684
2021-04,한경면,9097,368,9465
2021-04,한림읍,21224,3263,24487
2021-04,화북동,24380,336,24716
2021-04,효돈동,5267,59,5326
2021-05,건입동,8900,227,9127
2021-05,구좌읍,15402,561,15963
2021-05,남원읍,18702,654,19356
2021-05,노형동,55326,2069,57395
2021-05,대륜동,15052,187,15239
2021-05,대정읍,21919,1678,23597
2021-05,대천동,13908,184,14092
2021-05,도두동,3291,94,3385
2021-05,동홍동,23204,907,24111
2021-05,봉개동,5255,82,5337
2021-05,삼도1동,13525,138,13663
2021-05,삼도2동,7943,251,8194
2021-05,삼양동,25803,225,26028
2021-05,서홍동,10846,127,10973
2021-05,성산읍,15448,1525,16973
2021-05,송산동,4043,462,4505
2021-05,아라동,38243,1042,39285
2021-05,안덕면,12164,510,12674
2021-05,애월읍,37223,974,38197
2021-05,연동,41953,1911,43864
2021-05,영천동,5133,160,5293
2021-05,예래동,3931,247,4178
2021-05,오라동,15800,220,16020
2021-05,외도동,22031,276,22307
2021-05,용담1동,6953,84,7037
2021-05,용담2동,14593,203,14796
2021-05,우도면,1719,27,1746
2021-05,이도1동,7509,127,7636
2021-05,이도2동,49559,575,50134
2021-05,이호동,4534,158,4692
2021-05,일도1동,2454,79,2533
2021-05,일도2동,32671,277,32948
2021-05,정방동,2136,113,2249
2021-05,조천읍,25427,523,25950
2021-05,중문동,11556,309,11865
2021-05,중앙동,3372,73,3445
2021-05,천지동,3477,114,3591
2021-05,추자면,1623,255,1878
2021-05,표선면,12337,339,12676
2021-05,한경면,9150,336,9486
2021-05,한림읍,21193,3242,24435
2021-05,화북동,24303,336,24639
2021-05,효돈동,5266,60,5326
2021-06,건입동,8883,227,9110
2021-06,구좌읍,15401,554,15955
2021-06,남원읍,18717,637,19354
2021-06,노형동,55385,2088,57473
2021-06,대륜동,15084,193,15277
2021-06,대정읍,21959,1571,23530
2021-06,대천동,13865,181,14046
2021-06,도두동,3313,90,3403
2021-06,동홍동,23205,892,24097
2021-06,봉개동,5246,81,5327
2021-06,삼도1동,13513,138,13651
2021-06,삼도2동,7939,250,8189
2021-06,삼양동,25797,224,26021
2021-06,서홍동,10925,129,11054
2021-06,성산읍,15478,1494,16972
2021-06,송산동,4044,466,4510
2021-06,아라동,38359,1037,39396
2021-06,안덕면,12205,509,12714
2021-06,애월읍,37337,961,38298
2021-06,연동,41910,1875,43785
2021-06,영천동,5146,155,5301
2021-06,예래동,3915,237,4152
2021-06,오라동,15748,216,15964
2021-06,외도동,22086,274,22360
2021-06,용담1동,6937,88,7025
2021-06,용담2동,14575,197,14772
2021-06,우도면,1722,29,1751
2021-06,이도1동,7537,130,7667
2021-06,이도2동,49553,563,50116
2021-06,이호동,4520,155,4675
2021-06,일도1동,2465,77,2542
2021-06,일도2동,32646,275,32921
2021-06,정방동,2132,112,2244
2021-06,조천읍,25439,521,25960
2021-06,중문동,11563,305,11868
2021-06,중앙동,3358,72,3430
2021-06,천지동,3466,115,3581
2021-06,추자면,1626,251,1877
2021-06,표선면,12347,334,12681
2021-06,한경면,9158,337,9495
2021-06,한림읍,21232,3230,24462
2021-06,화북동,24300,330,24630
2021-06,효돈동,5257,57,5314
