,base_date,aptCode,emd_nm,disQuantity,disCount
0,2018-01,W6Y001,동홍동,1858600.0,620.0
1,2018-02,W6Y001,동홍동,1786050.0,632.0
2,2018-03,W6Y001,동홍동,1802700.0,631.0
3,2018-04,W6Y001,동홍동,1455650.0,556.0
4,2018-05,W6Y001,동홍동,1653850.0,712.0
5,2018-06,W6Y001,동홍동,1587350.0,744.0
6,2018-07,W6Y001,동홍동,1920350.0,903.0
7,2018-08,W6Y001,동홍동,1798450.0,850.0
8,2018-09,W6Y001,동홍동,1450600.0,670.0
9,2018-10,W6Y001,동홍동,1179200.0,643.0
10,2018-11,W6Y001,동홍동,1279400.0,608.0
11,2018-12,W6Y001,동홍동,1395500.0,593.0
12,2019-01,W6Y001,동홍동,1563750.0,598.0
13,2019-02,W6Y001,동홍동,1294850.0,513.0
14,2019-03,W6Y001,동홍동,651600.0,311.0
15,2019-04,W6Y001,동홍동,698700.0,352.0
16,2019-05,W6Y001,동홍동,1168650.0,582.0
17,2019-06,W6Y001,동홍동,1269300.0,581.0
18,2019-07,W6Y001,동홍동,1252500.0,520.0
19,2019-08,W6Y001,동홍동,1325850.0,542.0
20,2019-09,W6Y001,동홍동,1267800.0,515.0
21,2019-10,W6Y001,동홍동,965200.0,420.0
22,2019-11,W6Y001,동홍동,892550.0,388.0
23,2019-12,W6Y001,동홍동,963800.0,375.0
24,2020-01,W6Y001,동홍동,1374350.0,425.0
25,2020-02,W6Y001,동홍동,1181650.0,380.0
26,2020-03,W6Y001,동홍동,1233400.0,446.0
27,2020-04,W6Y001,동홍동,984300.0,390.0
28,2020-05,W6Y001,동홍동,1190500.0,465.0
29,2020-06,W6Y001,동홍동,1213000.0,519.0
30,2020-07,W6Y001,동홍동,1199700.0,544.0
31,2020-08,W6Y001,동홍동,1352500.0,620.0
32,2020-09,W6Y001,동홍동,1190450.0,554.0
33,2020-10,W6Y001,동홍동,1084250.0,477.0
34,2020-11,W6Y001,동홍동,924150.0,425.0
35,2020-12,W6Y001,동홍동,1169900.0,463.0
36,2021-01,W6Y001,동홍동,1170500.0,421.0
37,2021-02,W6Y001,동홍동,1230250.0,416.0
38,2021-03,W6Y001,동홍동,1090300.0,418.0
39,2021-04,W6Y001,동홍동,,
40,2021-05,W6Y001,동홍동,948350.0,413.0
41,2021-06,W6Y001,동홍동,1167800.0,496.0
42,2018-01,W6Y002,동홍동,6406450.0,1884.0
43,2018-02,W6Y002,동홍동,6865450.0,1756.0
44,2018-03,W6Y002,동홍동,7774150.0,2071.0
45,2018-04,W6Y002,동홍동,6573450.0,1897.0
46,2018-05,W6Y002,동홍동,7913900.0,2049.0
47,2018-06,W6Y002,동홍동,7844500.0,2130.0
48,2018-07,W6Y002,동홍동,9313800.0,2500.0
49,2018-08,W6Y002,동홍동,8609800.0,2321.0
50,2018-09,W6Y002,동홍동,7216500.0,2089.0
51,2018-10,W6Y002,동홍동,7708350.0,2017.0
52,2018-11,W6Y002,동홍동,7874950.0,1869.0
53,2018-12,W6Y002,동홍동,8162000.0,1890.0
54,2019-01,W6Y002,동홍동,7486800.0,1691.0
55,2019-02,W6Y002,동홍동,2571250.0,672.0
56,2019-03,W6Y002,동홍동,46050.0,11.0
57,2019-04,W6Y002,동홍동,619700.0,263.0
58,2019-05,W6Y002,동홍동,5584500.0,1713.0
59,2019-06,W6Y002,동홍동,7227900.0,2198.0
60,2019-07,W6Y002,동홍동,4720150.0,1337.0
61,2019-08,W6Y002,동홍동,4530350.0,1288.0
62,2019-09,W6Y002,동홍동,6761950.0,1968.0
63,2019-10,W6Y002,동홍동,7139600.0,2059.0
64,2019-11,W6Y002,동홍동,7350650.0,1897.0
65,2019-12,W6Y002,동홍동,7681900.0,1891.0
66,2020-01,W6Y002,동홍동,8485950.0,1971.0
67,2020-02,W6Y002,동홍동,7426150.0,1823.0
68,2020-03,W6Y002,동홍동,7378300.0,1993.0
69,2020-04,W6Y002,동홍동,6384550.0,1772.0
70,2020-05,W6Y002,동홍동,6764650.0,1908.0
71,2020-06,W6Y002,동홍동,6943050.0,2028.0
72,2020-07,W6Y002,동홍동,7673550.0,2153.0
73,2020-08,W6Y002,동홍동,3534100.0,1002.0
74,2020-09,W6Y002,동홍동,,
75,2020-10,W6Y002,동홍동,,
76,2020-11,W6Y002,동홍동,,
77,2020-12,W6Y002,동홍동,,
78,2021-01,W6Y002,동홍동,,
79,2021-02,W6Y002,동홍동,,
80,2021-03,W6Y002,동홍동,,
81,2021-04,W6Y002,동홍동,,
82,2021-05,W6Y002,동홍동,63350.0,18.0
83,2021-06,W6Y002,동홍동,2311150.0,673.0
84,2018-01,W6Y003,동홍동,6447100.0,2384.0
85,2018-02,W6Y003,동홍동,5181700.0,1859.0
86,2018-03,W6Y003,동홍동,5785000.0,2109.0
87,2018-04,W6Y003,동홍동,5324450.0,2242.0
88,2018-05,W6Y003,동홍동,5190550.0,2457.0
89,2018-06,W6Y003,동홍동,6101650.0,2760.0
90,2018-07,W6Y003,동홍동,7653550.0,3300.0
91,2018-08,W6Y003,동홍동,6790800.0,3096.0
92,2018-09,W6Y003,동홍동,7040400.0,2843.0
93,2018-10,W6Y003,동홍동,5188450.0,2452.0
94,2018-11,W6Y003,동홍동,2895400.0,1467.0
95,2018-12,W6Y003,동홍동,3367800.0,1504.0
96,2019-01,W6Y003,동홍동,2934900.0,1324.0
97,2019-02,W6Y003,동홍동,2800400.0,1115.0
98,2019-03,W6Y003,동홍동,1917850.0,819.0
99,2019-04,W6Y003,동홍동,1803400.0,902.0
100,2019-05,W6Y003,동홍동,2690300.0,1377.0
101,2019-06,W6Y003,동홍동,2339300.0,1182.0
102,2019-07,W6Y003,동홍동,3661850.0,1902.0
103,2019-08,W6Y003,동홍동,3554300.0,1883.0
104,2019-09,W6Y003,동홍동,3311800.0,1808.0
105,2019-10,W6Y003,동홍동,2736650.0,1661.0
106,2019-11,W6Y003,동홍동,2886250.0,1526.0
107,2019-12,W6Y003,동홍동,3191850.0,1482.0
108,2020-01,W6Y003,동홍동,3323500.0,1563.0
109,2020-02,W6Y003,동홍동,3510600.0,1577.0
110,2020-03,W6Y003,동홍동,3636650.0,1685.0
111,2020-04,W6Y003,동홍동,3026000.0,1506.0
112,2020-05,W6Y003,동홍동,3390950.0,1778.0
113,2020-06,W6Y003,동홍동,3167900.0,1720.0
114,2020-07,W6Y003,동홍동,3397350.0,1903.0
115,2020-08,W6Y003,동홍동,3056300.0,1706.0
116,2020-09,W6Y003,동홍동,1851500.0,1152.0
117,2020-10,W6Y003,동홍동,1357900.0,879.0
118,2020-11,W6Y003,동홍동,1164950.0,705.0
119,2020-12,W6Y003,동홍동,1453000.0,771.0
120,2021-01,W6Y003,동홍동,1618100.0,836.0
121,2021-02,W6Y003,동홍동,1518500.0,780.0
122,2021-03,W6Y003,동홍동,1351550.0,733.0
123,2021-04,W6Y003,동홍동,,
124,2021-05,W6Y003,동홍동,1585300.0,868.0
125,2021-06,W6Y003,동홍동,2370900.0,1232.0
126,2018-01,W6Y004,동홍동,3791250.0,1749.0
127,2018-02,W6Y004,동홍동,3656350.0,1594.0
128,2018-03,W6Y004,동홍동,3873950.0,1755.0
129,2018-04,W6Y004,동홍동,3420650.0,1663.0
130,2018-05,W6Y004,동홍동,3399350.0,1840.0
131,2018-06,W6Y004,동홍동,3652750.0,1950.0
132,2018-07,W6Y004,동홍동,4294200.0,2299.0
133,2018-08,W6Y004,동홍동,3895500.0,2177.0
134,2018-09,W6Y004,동홍동,2697650.0,1764.0
135,2018-10,W6Y004,동홍동,2773500.0,1742.0
136,2018-11,W6Y004,동홍동,2806100.0,1564.0
137,2018-12,W6Y004,동홍동,3454100.0,1620.0
138,2019-01,W6Y004,동홍동,3403650.0,1307.0
139,2019-02,W6Y004,동홍동,1773950.0,683.0
140,2019-03,W6Y004,동홍동,,
141,2019-04,W6Y004,동홍동,,
142,2019-05,W6Y004,동홍동,2208100.0,1219.0
143,2019-06,W6Y004,동홍동,2975100.0,1815.0
144,2019-07,W6Y004,동홍동,3305950.0,1951.0
145,2019-08,W6Y004,동홍동,3213950.0,2070.0
146,2019-09,W6Y004,동홍동,3034000.0,1933.0
147,2019-10,W6Y004,동홍동,2714300.0,1832.0
148,2019-11,W6Y004,동홍동,2778750.0,1668.0
149,2019-12,W6Y004,동홍동,2945200.0,1563.0
150,2020-01,W6Y004,동홍동,3317950.0,1637.0
151,2020-02,W6Y004,동홍동,3033150.0,1466.0
152,2020-03,W6Y004,동홍동,3205700.0,1669.0
153,2020-04,W6Y004,동홍동,2550000.0,1466.0
154,2020-05,W6Y004,동홍동,2997800.0,1718.0
155,2020-06,W6Y004,동홍동,3172150.0,1881.0
156,2020-07,W6Y004,동홍동,3140650.0,2094.0
157,2020-08,W6Y004,동홍동,2985800.0,2069.0
158,2020-09,W6Y004,동홍동,2735050.0,1914.0
159,2020-10,W6Y004,동홍동,2126450.0,1542.0
160,2020-11,W6Y004,동홍동,1619100.0,1113.0
161,2020-12,W6Y004,동홍동,2798150.0,1713.0
162,2021-01,W6Y004,동홍동,2816000.0,1666.0
163,2021-02,W6Y004,동홍동,2620800.0,1474.0
164,2021-03,W6Y004,동홍동,2546600.0,1624.0
165,2021-04,W6Y004,동홍동,,
166,2021-05,W6Y004,동홍동,2507100.0,1809.0
167,2021-06,W6Y004,동홍동,2579100.0,1871.0
168,2018-01,W6Y005,동홍동,2568300.0,923.0
169,2018-02,W6Y005,동홍동,2495500.0,947.0
170,2018-03,W6Y005,동홍동,2521800.0,1002.0
171,2018-04,W6Y005,동홍동,2144450.0,930.0
172,2018-05,W6Y005,동홍동,2411850.0,1037.0
173,2018-06,W6Y005,동홍동,2431550.0,1104.0
174,2018-07,W6Y005,동홍동,2930000.0,1322.0
175,2018-08,W6Y005,동홍동,2516400.0,1210.0
176,2018-09,W6Y005,동홍동,2335250.0,1163.0
177,2018-10,W6Y005,동홍동,2235200.0,1152.0
178,2018-11,W6Y005,동홍동,2897500.0,1144.0
179,2018-12,W6Y005,동홍동,3053400.0,1058.0
180,2019-01,W6Y005,동홍동,2521900.0,1015.0
181,2019-02,W6Y005,동홍동,1792750.0,555.0
182,2019-03,W6Y005,동홍동,46300.0,25.0
183,2019-04,W6Y005,동홍동,12150.0,17.0
184,2019-05,W6Y005,동홍동,1357100.0,674.0
185,2019-06,W6Y005,동홍동,2063300.0,1003.0
186,2019-07,W6Y005,동홍동,2483500.0,1199.0
187,2019-08,W6Y005,동홍동,2688700.0,1268.0
188,2019-09,W6Y005,동홍동,2605950.0,1245.0
189,2019-10,W6Y005,동홍동,2003550.0,1101.0
190,2019-11,W6Y005,동홍동,2012300.0,959.0
191,2019-12,W6Y005,동홍동,2295000.0,965.0
192,2020-01,W6Y005,동홍동,2675350.0,1068.0
193,2020-02,W6Y005,동홍동,2291800.0,942.0
194,2020-03,W6Y005,동홍동,2428450.0,1050.0
195,2020-04,W6Y005,동홍동,2178300.0,1000.0
196,2020-05,W6Y005,동홍동,2148650.0,1062.0
197,2020-06,W6Y005,동홍동,2320550.0,1164.0
198,2020-07,W6Y005,동홍동,2369350.0,1235.0
199,2020-08,W6Y005,동홍동,2463150.0,1317.0
200,2020-09,W6Y005,동홍동,2358050.0,1205.0
201,2020-10,W6Y005,동홍동,2163400.0,1144.0
202,2020-11,W6Y005,동홍동,2245850.0,1110.0
203,2020-12,W6Y005,동홍동,2572500.0,1092.0
204,2021-01,W6Y005,동홍동,2647900.0,1115.0
205,2021-02,W6Y005,동홍동,2419850.0,1055.0
206,2021-03,W6Y005,동홍동,2217000.0,997.0
207,2021-04,W6Y005,동홍동,,
208,2021-05,W6Y005,동홍동,2224150.0,1074.0
209,2021-06,W6Y005,동홍동,2206100.0,1141.0
210,2018-01,W6Y006,동홍동,2465300.0,1037.0
211,2018-02,W6Y006,동홍동,2275450.0,914.0
212,2018-03,W6Y006,동홍동,2441150.0,1071.0
213,2018-04,W6Y006,동홍동,2378600.0,1009.0
214,2018-05,W6Y006,동홍동,2298750.0,1082.0
215,2018-06,W6Y006,동홍동,2332850.0,1171.0
216,2018-07,W6Y006,동홍동,3064550.0,1683.0
217,2018-08,W6Y006,동홍동,3251750.0,1879.0
218,2018-09,W6Y006,동홍동,2329650.0,1416.0
219,2018-10,W6Y006,동홍동,2425000.0,1338.0
220,2018-11,W6Y006,동홍동,2417700.0,1283.0
221,2018-12,W6Y006,동홍동,2627250.0,1236.0
222,2019-01,W6Y006,동홍동,2790350.0,1267.0
223,2019-02,W6Y006,동홍동,2161050.0,858.0
224,2019-03,W6Y006,동홍동,1420500.0,349.0
225,2019-04,W6Y006,동홍동,1192000.0,336.0
226,2019-05,W6Y006,동홍동,2487600.0,1099.0
227,2019-06,W6Y006,동홍동,1837850.0,1071.0
228,2019-07,W6Y006,동홍동,1891450.0,1185.0
229,2019-08,W6Y006,동홍동,1836950.0,1244.0
230,2019-09,W6Y006,동홍동,1880000.0,1221.0
231,2019-10,W6Y006,동홍동,1643600.0,1139.0
232,2019-11,W6Y006,동홍동,1536350.0,1015.0
233,2019-12,W6Y006,동홍동,1823050.0,1048.0
234,2020-01,W6Y006,동홍동,997850.0,472.0
235,2020-02,W6Y006,동홍동,681050.0,308.0
236,2020-03,W6Y006,동홍동,628350.0,328.0
237,2020-04,W6Y006,동홍동,455800.0,261.0
238,2020-05,W6Y006,동홍동,480750.0,283.0
239,2020-06,W6Y006,동홍동,552750.0,326.0
240,2020-07,W6Y006,동홍동,631950.0,417.0
241,2020-08,W6Y006,동홍동,1203650.0,808.0
242,2020-09,W6Y006,동홍동,1687200.0,1162.0
243,2020-10,W6Y006,동홍동,2023300.0,1357.0
244,2020-11,W6Y006,동홍동,3890650.0,2060.0
245,2020-12,W6Y006,동홍동,2976150.0,1622.0
246,2021-01,W6Y006,동홍동,2793600.0,1455.0
247,2021-02,W6Y006,동홍동,2768050.0,1353.0
248,2021-03,W6Y006,동홍동,1924950.0,1073.0
249,2021-04,W6Y006,동홍동,,
250,2021-05,W6Y006,동홍동,1654500.0,1133.0
251,2021-06,W6Y006,동홍동,1649850.0,1192.0
252,2018-01,W6Y007,동홍동,2729400.0,892.0
253,2018-02,W6Y007,동홍동,2265650.0,798.0
254,2018-03,W6Y007,동홍동,2400850.0,826.0
255,2018-04,W6Y007,동홍동,1661850.0,679.0
256,2018-05,W6Y007,동홍동,1609100.0,691.0
257,2018-06,W6Y007,동홍동,1377900.0,666.0
258,2018-07,W6Y007,동홍동,1449150.0,702.0
259,2018-08,W6Y007,동홍동,994100.0,506.0
260,2018-09,W6Y007,동홍동,1370100.0,598.0
261,2018-10,W6Y007,동홍동,1596400.0,680.0
262,2018-11,W6Y007,동홍동,1530300.0,544.0
263,2018-12,W6Y007,동홍동,1656850.0,554.0
264,2019-01,W6Y007,동홍동,365250.0,148.0
265,2019-02,W6Y007,동홍동,340350.0,128.0
266,2019-03,W6Y007,동홍동,256650.0,82.0
267,2019-04,W6Y007,동홍동,26700.0,15.0
268,2019-05,W6Y007,동홍동,678600.0,224.0
269,2019-06,W6Y007,동홍동,870000.0,320.0
270,2019-07,W6Y007,동홍동,1016550.0,365.0
271,2019-08,W6Y007,동홍동,1160500.0,411.0
272,2019-09,W6Y007,동홍동,1104450.0,415.0
273,2019-10,W6Y007,동홍동,1011000.0,389.0
274,2019-11,W6Y007,동홍동,1152700.0,422.0
275,2019-12,W6Y007,동홍동,1069300.0,385.0
276,2020-01,W6Y007,동홍동,1223000.0,409.0
277,2020-02,W6Y007,동홍동,1088700.0,373.0
278,2020-03,W6Y007,동홍동,1218850.0,457.0
279,2020-04,W6Y007,동홍동,791250.0,303.0
280,2020-05,W6Y007,동홍동,905300.0,410.0
281,2020-06,W6Y007,동홍동,962900.0,481.0
282,2020-07,W6Y007,동홍동,750850.0,348.0
283,2020-08,W6Y007,동홍동,2919650.0,1269.0
284,2020-09,W6Y007,동홍동,2426200.0,1134.0
285,2020-10,W6Y007,동홍동,2398750.0,1143.0
286,2020-11,W6Y007,동홍동,2400650.0,984.0
287,2020-12,W6Y007,동홍동,2527300.0,983.0
288,2021-01,W6Y007,동홍동,2710750.0,941.0
289,2021-02,W6Y007,동홍동,2439850.0,884.0
290,2021-03,W6Y007,동홍동,2620950.0,966.0
291,2021-04,W6Y007,동홍동,,
292,2021-05,W6Y007,동홍동,2406350.0,1004.0
293,2021-06,W6Y007,동홍동,2504950.0,1105.0
294,2018-01,W6Y008,동홍동,5962450.0,2225.0
295,2018-02,W6Y008,동홍동,9347850.0,3195.0
296,2018-03,W6Y008,동홍동,7785800.0,2762.0
297,2018-04,W6Y008,동홍동,5750650.0,2277.0
298,2018-05,W6Y008,동홍동,4724450.0,2210.0
299,2018-06,W6Y008,동홍동,5411100.0,2559.0
300,2018-07,W6Y008,동홍동,6785150.0,3158.0
301,2018-08,W6Y008,동홍동,6299750.0,3018.0
302,2018-09,W6Y008,동홍동,5771450.0,2805.0
303,2018-10,W6Y008,동홍동,5374350.0,2439.0
304,2018-11,W6Y008,동홍동,5327150.0,2356.0
305,2018-12,W6Y008,동홍동,5878000.0,2338.0
306,2019-01,W6Y008,동홍동,4627400.0,1935.0
307,2019-02,W6Y008,동홍동,3467950.0,1376.0
308,2019-03,W6Y008,동홍동,1581800.0,557.0
309,2019-04,W6Y008,동홍동,1481750.0,540.0
310,2019-05,W6Y008,동홍동,4731050.0,2028.0
311,2019-06,W6Y008,동홍동,4999250.0,2392.0
312,2019-07,W6Y008,동홍동,5821950.0,2654.0
313,2019-08,W6Y008,동홍동,5309800.0,2633.0
314,2019-09,W6Y008,동홍동,5100100.0,2580.0
315,2019-10,W6Y008,동홍동,4374350.0,2355.0
316,2019-11,W6Y008,동홍동,4476200.0,2171.0
317,2019-12,W6Y008,동홍동,4864600.0,2120.0
318,2020-01,W6Y008,동홍동,5593500.0,2278.0
319,2020-02,W6Y008,동홍동,5009250.0,2109.0
320,2020-03,W6Y008,동홍동,5052800.0,2228.0
321,2020-04,W6Y008,동홍동,4650150.0,2232.0
322,2020-05,W6Y008,동홍동,5152300.0,2418.0
323,2020-06,W6Y008,동홍동,4796550.0,2426.0
324,2020-07,W6Y008,동홍동,4056700.0,2006.0
325,2020-08,W6Y008,동홍동,2736900.0,1274.0
326,2020-09,W6Y008,동홍동,1577500.0,648.0
327,2020-10,W6Y008,동홍동,1456700.0,644.0
328,2020-11,W6Y008,동홍동,1532250.0,605.0
329,2020-12,W6Y008,동홍동,1700000.0,594.0
330,2021-01,W6Y008,동홍동,1862950.0,630.0
331,2021-02,W6Y008,동홍동,1842800.0,662.0
332,2021-03,W6Y008,동홍동,2095700.0,774.0
333,2021-04,W6Y008,동홍동,,
334,2021-05,W6Y008,동홍동,1731050.0,746.0
335,2021-06,W6Y008,동홍동,1405150.0,762.0
336,2018-01,W6Y009,동홍동,4193900.0,2390.0
337,2018-02,W6Y009,동홍동,4170350.0,2428.0
338,2018-03,W6Y009,동홍동,4206400.0,2650.0
339,2018-04,W6Y009,동홍동,3708250.0,2480.0
340,2018-05,W6Y009,동홍동,3803200.0,2690.0
341,2018-06,W6Y009,동홍동,4247200.0,2934.0
342,2018-07,W6Y009,동홍동,4883250.0,3320.0
343,2018-08,W6Y009,동홍동,4794300.0,3316.0
344,2018-09,W6Y009,동홍동,4094450.0,3116.0
345,2018-10,W6Y009,동홍동,3744550.0,2816.0
346,2018-11,W6Y009,동홍동,4160450.0,2859.0
347,2018-12,W6Y009,동홍동,4278650.0,2715.0
348,2019-01,W6Y009,동홍동,3244950.0,2103.0
349,2019-02,W6Y009,동홍동,1453000.0,829.0
350,2019-03,W6Y009,동홍동,,
351,2019-04,W6Y009,동홍동,,
352,2019-05,W6Y009,동홍동,2700450.0,1947.0
353,2019-06,W6Y009,동홍동,4019800.0,2843.0
354,2019-07,W6Y009,동홍동,3870300.0,2603.0
355,2019-08,W6Y009,동홍동,2399950.0,1641.0
356,2019-09,W6Y009,동홍동,1337400.0,827.0
357,2019-10,W6Y009,동홍동,1001100.0,693.0
358,2019-11,W6Y009,동홍동,873650.0,583.0
359,2019-12,W6Y009,동홍동,731300.0,428.0
360,2020-01,W6Y009,동홍동,1025200.0,519.0
361,2020-02,W6Y009,동홍동,1107050.0,629.0
362,2020-03,W6Y009,동홍동,852500.0,521.0
363,2020-04,W6Y009,동홍동,626150.0,410.0
364,2020-05,W6Y009,동홍동,760650.0,484.0
365,2020-06,W6Y009,동홍동,835650.0,527.0
366,2020-07,W6Y009,동홍동,599050.0,418.0
367,2020-08,W6Y009,동홍동,1609100.0,1195.0
368,2020-09,W6Y009,동홍동,2116750.0,1597.0
369,2020-10,W6Y009,동홍동,2226100.0,1639.0
370,2020-11,W6Y009,동홍동,1642100.0,1074.0
371,2020-12,W6Y009,동홍동,3480150.0,2149.0
372,2021-01,W6Y009,동홍동,3429750.0,2164.0
373,2021-02,W6Y009,동홍동,3448350.0,2171.0
374,2021-03,W6Y009,동홍동,3532200.0,2382.0
375,2021-04,W6Y009,동홍동,,
376,2021-05,W6Y009,동홍동,2966800.0,2239.0
377,2021-06,W6Y009,동홍동,3199500.0,2427.0
378,2018-01,W6Y010,동홍동,4833700.0,2483.0
379,2018-02,W6Y010,동홍동,4526750.0,2336.0
380,2018-03,W6Y010,동홍동,4337250.0,2420.0
381,2018-04,W6Y010,동홍동,3840250.0,2351.0
382,2018-05,W6Y010,동홍동,3640250.0,2378.0
383,2018-06,W6Y010,동홍동,4206550.0,2756.0
384,2018-07,W6Y010,동홍동,4823800.0,3180.0
385,2018-08,W6Y010,동홍동,4647800.0,3053.0
386,2018-09,W6Y010,동홍동,4157850.0,2932.0
387,2018-10,W6Y010,동홍동,3571300.0,2621.0
388,2018-11,W6Y010,동홍동,3469700.0,2249.0
389,2018-12,W6Y010,동홍동,3565450.0,2180.0
390,2019-01,W6Y010,동홍동,3770900.0,2182.0
391,2019-02,W6Y010,동홍동,2718250.0,1516.0
392,2019-03,W6Y010,동홍동,1178200.0,760.0
393,2019-04,W6Y010,동홍동,1075450.0,776.0
394,2019-05,W6Y010,동홍동,2444100.0,1798.0
395,2019-06,W6Y010,동홍동,3249750.0,2306.0
396,2019-07,W6Y010,동홍동,3512150.0,2519.0
397,2019-08,W6Y010,동홍동,3970350.0,2720.0
398,2019-09,W6Y010,동홍동,3603100.0,2625.0
399,2019-10,W6Y010,동홍동,3163750.0,2427.0
400,2019-11,W6Y010,동홍동,3207500.0,2345.0
401,2019-12,W6Y010,동홍동,3478600.0,2245.0
402,2020-01,W6Y010,동홍동,4051800.0,2375.0
403,2020-02,W6Y010,동홍동,3701800.0,2058.0
404,2020-03,W6Y010,동홍동,3715000.0,2227.0
405,2020-04,W6Y010,동홍동,3298950.0,2130.0
406,2020-05,W6Y010,동홍동,3487400.0,2466.0
407,2020-06,W6Y010,동홍동,3610250.0,2628.0
408,2020-07,W6Y010,동홍동,3671100.0,2754.0
409,2020-08,W6Y010,동홍동,4193500.0,3055.0
410,2020-09,W6Y010,동홍동,3667850.0,2787.0
411,2020-10,W6Y010,동홍동,3822950.0,2906.0
412,2020-11,W6Y010,동홍동,3580950.0,2554.0
413,2020-12,W6Y010,동홍동,4401750.0,2659.0
414,2021-01,W6Y010,동홍동,4219400.0,2527.0
415,2021-02,W6Y010,동홍동,4302450.0,2463.0
416,2021-03,W6Y010,동홍동,3961000.0,2546.0
417,2021-04,W6Y010,동홍동,,
418,2021-05,W6Y010,동홍동,3794750.0,2707.0
419,2021-06,W6Y010,동홍동,3851700.0,2805.0
420,2018-01,W6Y011,동홍동,1209550.0,484.0
421,2018-02,W6Y011,동홍동,1415650.0,508.0
422,2018-03,W6Y011,동홍동,1290100.0,542.0
423,2018-04,W6Y011,동홍동,1124700.0,501.0
424,2018-05,W6Y011,동홍동,1115350.0,567.0
425,2018-06,W6Y011,동홍동,1298900.0,607.0
426,2018-07,W6Y011,동홍동,1572000.0,763.0
427,2018-08,W6Y011,동홍동,1449300.0,692.0
428,2018-09,W6Y011,동홍동,1259350.0,666.0
429,2018-10,W6Y011,동홍동,1137800.0,605.0
430,2018-11,W6Y011,동홍동,1255750.0,589.0
431,2018-12,W6Y011,동홍동,1435100.0,587.0
432,2019-01,W6Y011,동홍동,1351600.0,546.0
433,2019-02,W6Y011,동홍동,534750.0,202.0
434,2019-03,W6Y011,동홍동,,
435,2019-04,W6Y011,동홍동,,
436,2019-05,W6Y011,동홍동,931850.0,411.0
437,2019-06,W6Y011,동홍동,1426600.0,610.0
438,2019-07,W6Y011,동홍동,1561900.0,695.0
439,2019-08,W6Y011,동홍동,1412200.0,688.0
440,2019-09,W6Y011,동홍동,1478100.0,687.0
441,2019-10,W6Y011,동홍동,1125700.0,587.0
442,2019-11,W6Y011,동홍동,1211450.0,565.0
443,2019-12,W6Y011,동홍동,1207700.0,533.0
444,2020-01,W6Y011,동홍동,1528950.0,575.0
445,2020-02,W6Y011,동홍동,1291550.0,535.0
446,2020-03,W6Y011,동홍동,1445950.0,589.0
447,2020-04,W6Y011,동홍동,1176900.0,525.0
448,2020-05,W6Y011,동홍동,1352250.0,618.0
449,2020-06,W6Y011,동홍동,1465600.0,642.0
450,2020-07,W6Y011,동홍동,1551400.0,721.0
451,2020-08,W6Y011,동홍동,719700.0,343.0
452,2020-09,W6Y011,동홍동,,
453,2020-10,W6Y011,동홍동,,
454,2020-11,W6Y011,동홍동,,
455,2020-12,W6Y011,동홍동,,
456,2021-01,W6Y011,동홍동,,
457,2021-02,W6Y011,동홍동,,
458,2021-03,W6Y011,동홍동,,
459,2021-04,W6Y011,동홍동,,
460,2021-05,W6Y011,동홍동,,
461,2021-06,W6Y011,동홍동,,
462,2018-01,W6Y013,대천동,,
463,2018-02,W6Y013,대천동,,
464,2018-03,W6Y013,대천동,,
465,2018-04,W6Y013,대천동,,
466,2018-05,W6Y013,대천동,,
467,2018-06,W6Y013,대천동,,
468,2018-07,W6Y013,대천동,,
469,2018-08,W6Y013,대천동,,
470,2018-09,W6Y013,대천동,,
471,2018-10,W6Y013,대천동,,
472,2018-11,W6Y013,대천동,,
473,2018-12,W6Y013,대천동,,
474,2019-01,W6Y013,대천동,,
475,2019-02,W6Y013,대천동,,
476,2019-03,W6Y013,대천동,,
477,2019-04,W6Y013,대천동,,
478,2019-05,W6Y013,대천동,,
479,2019-06,W6Y013,대천동,,
480,2019-07,W6Y013,대천동,,
481,2019-08,W6Y013,대천동,,
482,2019-09,W6Y013,대천동,,
483,2019-10,W6Y013,대천동,,
484,2019-11,W6Y013,대천동,,
485,2019-12,W6Y013,대천동,,
486,2020-01,W6Y013,대천동,,
487,2020-02,W6Y013,대천동,,
488,2020-03,W6Y013,대천동,,
489,2020-04,W6Y013,대천동,,
490,2020-05,W6Y013,대천동,,
491,2020-06,W6Y013,대천동,,
492,2020-07,W6Y013,대천동,,
493,2020-08,W6Y013,대천동,,
494,2020-09,W6Y013,대천동,,
495,2020-10,W6Y013,대천동,,
496,2020-11,W6Y013,대천동,,
497,2020-12,W6Y013,대천동,,
498,2021-01,W6Y013,대천동,,
499,2021-02,W6Y013,대천동,,
500,2021-03,W6Y013,대천동,,
501,2021-04,W6Y013,대천동,,
502,2021-05,W6Y013,대천동,,
503,2021-06,W6Y013,대천동,,
504,2018-01,W6Y014,동홍동,,
505,2018-02,W6Y014,동홍동,,
506,2018-03,W6Y014,동홍동,,
507,2018-04,W6Y014,동홍동,,
508,2018-05,W6Y014,동홍동,,
509,2018-06,W6Y014,동홍동,,
510,2018-07,W6Y014,동홍동,,
511,2018-08,W6Y014,동홍동,,
512,2018-09,W6Y014,동홍동,,
513,2018-10,W6Y014,동홍동,,
514,2018-11,W6Y014,동홍동,,
515,2018-12,W6Y014,동홍동,,
516,2019-01,W6Y014,동홍동,,
517,2019-02,W6Y014,동홍동,,
518,2019-03,W6Y014,동홍동,,
519,2019-04,W6Y014,동홍동,,
520,2019-05,W6Y014,동홍동,,
521,2019-06,W6Y014,동홍동,,
522,2019-07,W6Y014,동홍동,,
523,2019-08,W6Y014,동홍동,,
524,2019-09,W6Y014,동홍동,,
525,2019-10,W6Y014,동홍동,,
526,2019-11,W6Y014,동홍동,,
527,2019-12,W6Y014,동홍동,,
528,2020-01,W6Y014,동홍동,,
529,2020-02,W6Y014,동홍동,,
530,2020-03,W6Y014,동홍동,,
531,2020-04,W6Y014,동홍동,,
532,2020-05,W6Y014,동홍동,,
533,2020-06,W6Y014,동홍동,,
534,2020-07,W6Y014,동홍동,,
535,2020-08,W6Y014,동홍동,,
536,2020-09,W6Y014,동홍동,,
537,2020-10,W6Y014,동홍동,,
538,2020-11,W6Y014,동홍동,,
539,2020-12,W6Y014,동홍동,,
540,2021-01,W6Y014,동홍동,,
541,2021-02,W6Y014,동홍동,,
542,2021-03,W6Y014,동홍동,,
543,2021-04,W6Y014,동홍동,,
544,2021-05,W6Y014,동홍동,,
545,2021-06,W6Y014,동홍동,,
546,2018-01,W6Y015,동홍동,4895100.0,2140.0
547,2018-02,W6Y015,동홍동,4483550.0,1780.0
548,2018-03,W6Y015,동홍동,5432700.0,2168.0
549,2018-04,W6Y015,동홍동,5835350.0,2284.0
550,2018-05,W6Y015,동홍동,5564450.0,2444.0
551,2018-06,W6Y015,동홍동,5687500.0,2606.0
552,2018-07,W6Y015,동홍동,6814400.0,3028.0
553,2018-08,W6Y015,동홍동,6398350.0,2933.0
554,2018-09,W6Y015,동홍동,5612200.0,2768.0
555,2018-10,W6Y015,동홍동,5189750.0,2571.0
556,2018-11,W6Y015,동홍동,5116900.0,2325.0
557,2018-12,W6Y015,동홍동,5619450.0,2295.0
558,2019-01,W6Y015,동홍동,3782250.0,1396.0
559,2019-02,W6Y015,동홍동,3045450.0,1134.0
560,2019-03,W6Y015,동홍동,2522450.0,866.0
561,2019-04,W6Y015,동홍동,2210800.0,813.0
562,2019-05,W6Y015,동홍동,4332650.0,1912.0
563,2019-06,W6Y015,동홍동,4572400.0,2097.0
564,2019-07,W6Y015,동홍동,6217750.0,2787.0
565,2019-08,W6Y015,동홍동,6263000.0,2885.0
566,2019-09,W6Y015,동홍동,5518500.0,2769.0
567,2019-10,W6Y015,동홍동,4709200.0,2578.0
568,2019-11,W6Y015,동홍동,4740400.0,2310.0
569,2019-12,W6Y015,동홍동,5103550.0,2267.0
570,2020-01,W6Y015,동홍동,5349850.0,2160.0
571,2020-02,W6Y015,동홍동,4861400.0,2131.0
572,2020-03,W6Y015,동홍동,5352200.0,2408.0
573,2020-04,W6Y015,동홍동,4056100.0,2085.0
574,2020-05,W6Y015,동홍동,4153400.0,2036.0
575,2020-06,W6Y015,동홍동,4602450.0,2157.0
576,2020-07,W6Y015,동홍동,4728900.0,2255.0
577,2020-08,W6Y015,동홍동,5054050.0,2587.0
578,2020-09,W6Y015,동홍동,5384550.0,2840.0
579,2020-10,W6Y015,동홍동,4034200.0,2162.0
580,2020-11,W6Y015,동홍동,4535500.0,2162.0
581,2020-12,W6Y015,동홍동,4481600.0,1894.0
582,2021-01,W6Y015,동홍동,5004150.0,2170.0
583,2021-02,W6Y015,동홍동,5189050.0,2316.0
584,2021-03,W6Y015,동홍동,5240500.0,2489.0
585,2021-04,W6Y015,동홍동,,
586,2021-05,W6Y015,동홍동,5445900.0,2695.0
587,2021-06,W6Y015,동홍동,5531850.0,2766.0
588,2018-01,W6Y016,동홍동,8553850.0,4441.0
589,2018-02,W6Y016,동홍동,8655700.0,4368.0
590,2018-03,W6Y016,동홍동,9357050.0,4787.0
591,2018-04,W6Y016,동홍동,7936950.0,4349.0
592,2018-05,W6Y016,동홍동,8072650.0,4637.0
593,2018-06,W6Y016,동홍동,7533000.0,4739.0
594,2018-07,W6Y016,동홍동,9106750.0,5382.0
595,2018-08,W6Y016,동홍동,8337400.0,5163.0
596,2018-09,W6Y016,동홍동,7722800.0,4978.0
597,2018-10,W6Y016,동홍동,6673650.0,4369.0
598,2018-11,W6Y016,동홍동,6695150.0,4038.0
599,2018-12,W6Y016,동홍동,7307000.0,4106.0
600,2019-01,W6Y016,동홍동,645600.0,349.0
601,2019-02,W6Y016,동홍동,,
602,2019-03,W6Y016,동홍동,,
603,2019-04,W6Y016,동홍동,,
604,2019-05,W6Y016,동홍동,5224900.0,2933.0
605,2019-06,W6Y016,동홍동,7551200.0,4440.0
606,2019-07,W6Y016,동홍동,9030350.0,5258.0
607,2019-08,W6Y016,동홍동,9109050.0,5295.0
608,2019-09,W6Y016,동홍동,8381500.0,5126.0
609,2019-10,W6Y016,동홍동,7575700.0,4766.0
610,2019-11,W6Y016,동홍동,7448400.0,4461.0
611,2019-12,W6Y016,동홍동,8066300.0,4281.0
612,2020-01,W6Y016,동홍동,9075400.0,4526.0
613,2020-02,W6Y016,동홍동,8435000.0,4235.0
614,2020-03,W6Y016,동홍동,8611400.0,4526.0
615,2020-04,W6Y016,동홍동,7221950.0,4020.0
616,2020-05,W6Y016,동홍동,7592900.0,4509.0
617,2020-06,W6Y016,동홍동,8345950.0,4788.0
618,2020-07,W6Y016,동홍동,9863850.0,5771.0
619,2020-08,W6Y016,동홍동,9293800.0,5553.0
620,2020-09,W6Y016,동홍동,9394350.0,5764.0
621,2020-10,W6Y016,동홍동,9105950.0,5654.0
622,2020-11,W6Y016,동홍동,8441650.0,4670.0
623,2020-12,W6Y016,동홍동,9618500.0,5176.0
624,2021-01,W6Y016,동홍동,10264600.0,5472.0
625,2021-02,W6Y016,동홍동,10065600.0,5205.0
626,2021-03,W6Y016,동홍동,9434250.0,5232.0
627,2021-04,W6Y016,동홍동,,
628,2021-05,W6Y016,동홍동,8669200.0,5352.0
629,2021-06,W6Y016,동홍동,9053550.0,5552.0
630,2018-01,W6Y017,동홍동,3681150.0,1081.0
631,2018-02,W6Y017,동홍동,3734750.0,1043.0
632,2018-03,W6Y017,동홍동,4496050.0,1184.0
633,2018-04,W6Y017,동홍동,3940250.0,1149.0
634,2018-05,W6Y017,동홍동,3782800.0,1242.0
635,2018-06,W6Y017,동홍동,4020700.0,1345.0
636,2018-07,W6Y017,동홍동,4434800.0,1518.0
637,2018-08,W6Y017,동홍동,3972850.0,1410.0
638,2018-09,W6Y017,동홍동,3759300.0,1363.0
639,2018-10,W6Y017,동홍동,3497550.0,1293.0
640,2018-11,W6Y017,동홍동,3465250.0,1198.0
641,2018-12,W6Y017,동홍동,4107750.0,1219.0
642,2019-01,W6Y017,동홍동,328450.0,108.0
643,2019-02,W6Y017,동홍동,,
644,2019-03,W6Y017,동홍동,,
645,2019-04,W6Y017,동홍동,,
646,2019-05,W6Y017,동홍동,2993950.0,1074.0
647,2019-06,W6Y017,동홍동,3677700.0,1280.0
648,2019-07,W6Y017,동홍동,4130450.0,1453.0
649,2019-08,W6Y017,동홍동,3777850.0,1456.0
650,2019-09,W6Y017,동홍동,3370500.0,1380.0
651,2019-10,W6Y017,동홍동,3377550.0,1315.0
652,2019-11,W6Y017,동홍동,3152500.0,1200.0
653,2019-12,W6Y017,동홍동,3417300.0,1161.0
654,2020-01,W6Y017,동홍동,4094700.0,1243.0
655,2020-02,W6Y017,동홍동,3447900.0,1102.0
656,2020-03,W6Y017,동홍동,3411050.0,1212.0
657,2020-04,W6Y017,동홍동,3235350.0,1120.0
658,2020-05,W6Y017,동홍동,3091450.0,1204.0
659,2020-06,W6Y017,동홍동,3193800.0,1247.0
660,2020-07,W6Y017,동홍동,3442700.0,1409.0
661,2020-08,W6Y017,동홍동,3304650.0,1364.0
662,2020-09,W6Y017,동홍동,2980100.0,1242.0
663,2020-10,W6Y017,동홍동,2994550.0,1232.0
664,2020-11,W6Y017,동홍동,2955450.0,1077.0
665,2020-12,W6Y017,동홍동,3143250.0,1131.0
666,2021-01,W6Y017,동홍동,3173450.0,1078.0
667,2021-02,W6Y017,동홍동,3593850.0,1155.0
668,2021-03,W6Y017,동홍동,3441500.0,1156.0
669,2021-04,W6Y017,동홍동,,
670,2021-05,W6Y017,동홍동,3274200.0,1166.0
671,2021-06,W6Y017,동홍동,3348150.0,1261.0
672,2018-01,W6Y018,동홍동,13488600.0,6184.0
673,2018-02,W6Y018,동홍동,12646800.0,5707.0
674,2018-03,W6Y018,동홍동,13006450.0,6074.0
675,2018-04,W6Y018,동홍동,10859300.0,5705.0
676,2018-05,W6Y018,동홍동,10653300.0,6313.0
677,2018-06,W6Y018,동홍동,11237150.0,6836.0
678,2018-07,W6Y018,동홍동,13090700.0,7770.0
679,2018-08,W6Y018,동홍동,12263500.0,7301.0
680,2018-09,W6Y018,동홍동,11287600.0,7121.0
681,2018-10,W6Y018,동홍동,10451050.0,6541.0
682,2018-11,W6Y018,동홍동,11345050.0,6266.0
683,2018-12,W6Y018,동홍동,12563300.0,6317.0
684,2019-01,W6Y018,동홍동,11901100.0,5529.0
685,2019-02,W6Y018,동홍동,5411150.0,2437.0
686,2019-03,W6Y018,동홍동,128250.0,85.0
687,2019-04,W6Y018,동홍동,108000.0,86.0
688,2019-05,W6Y018,동홍동,8166300.0,4499.0
689,2019-06,W6Y018,동홍동,11704050.0,6762.0
690,2019-07,W6Y018,동홍동,12048500.0,7032.0
691,2019-08,W6Y018,동홍동,12681850.0,7487.0
692,2019-09,W6Y018,동홍동,11390000.0,6771.0
693,2019-10,W6Y018,동홍동,10248650.0,6499.0
694,2019-11,W6Y018,동홍동,10598400.0,6054.0
695,2019-12,W6Y018,동홍동,10731650.0,5680.0
696,2020-01,W6Y018,동홍동,12291000.0,5843.0
697,2020-02,W6Y018,동홍동,10208100.0,4801.0
698,2020-03,W6Y018,동홍동,10152550.0,5096.0
699,2020-04,W6Y018,동홍동,8939550.0,4842.0
700,2020-05,W6Y018,동홍동,10633150.0,6019.0
701,2020-06,W6Y018,동홍동,11077550.0,6620.0
702,2020-07,W6Y018,동홍동,11431100.0,7013.0
703,2020-08,W6Y018,동홍동,12436050.0,7694.0
704,2020-09,W6Y018,동홍동,11193000.0,7236.0
705,2020-10,W6Y018,동홍동,10713350.0,6552.0
706,2020-11,W6Y018,동홍동,8556950.0,4460.0
707,2020-12,W6Y018,동홍동,12705300.0,6439.0
708,2021-01,W6Y018,동홍동,12377850.0,6212.0
709,2021-02,W6Y018,동홍동,12416700.0,6025.0
710,2021-03,W6Y018,동홍동,12736350.0,6223.0
711,2021-04,W6Y018,동홍동,,
712,2021-05,W6Y018,동홍동,12331650.0,6798.0
713,2021-06,W6Y018,동홍동,11810250.0,7166.0
714,2018-01,W6Y019,서홍동,1914100.0,599.0
715,2018-02,W6Y019,서홍동,1714750.0,472.0
716,2018-03,W6Y019,서홍동,2094250.0,679.0
717,2018-04,W6Y019,서홍동,1372300.0,457.0
718,2018-05,W6Y019,서홍동,,
719,2018-06,W6Y019,서홍동,55650.0,15.0
720,2018-07,W6Y019,서홍동,141150.0,60.0
721,2018-08,W6Y019,서홍동,490350.0,179.0
722,2018-09,W6Y019,서홍동,166250.0,122.0
723,2018-10,W6Y019,서홍동,891950.0,393.0
724,2018-11,W6Y019,서홍동,2087550.0,796.0
725,2018-12,W6Y019,서홍동,2049100.0,797.0
726,2019-01,W6Y019,서홍동,2312250.0,800.0
727,2019-02,W6Y019,서홍동,2428150.0,837.0
728,2019-03,W6Y019,서홍동,2316500.0,694.0
729,2019-04,W6Y019,서홍동,1728500.0,536.0
730,2019-05,W6Y019,서홍동,1949700.0,615.0
731,2019-06,W6Y019,서홍동,362750.0,106.0
732,2019-07,W6Y019,서홍동,,
733,2019-08,W6Y019,서홍동,,
734,2019-09,W6Y019,서홍동,,
735,2019-10,W6Y019,서홍동,,
736,2019-11,W6Y019,서홍동,,
737,2019-12,W6Y019,서홍동,,
738,2020-01,W6Y019,서홍동,,
739,2020-02,W6Y019,서홍동,,
740,2020-03,W6Y019,서홍동,,
741,2020-04,W6Y019,서홍동,,
742,2020-05,W6Y019,서홍동,,
743,2020-06,W6Y019,서홍동,,
744,2020-07,W6Y019,서홍동,,
745,2020-08,W6Y019,서홍동,,
746,2020-09,W6Y019,서홍동,,
747,2020-10,W6Y019,서홍동,,
748,2020-11,W6Y019,서홍동,,
749,2020-12,W6Y019,서홍동,,
750,2021-01,W6Y019,서홍동,,
751,2021-02,W6Y019,서홍동,,
752,2021-03,W6Y019,서홍동,,
753,2021-04,W6Y019,서홍동,,
754,2021-05,W6Y019,서홍동,,
755,2021-06,W6Y019,서홍동,1833100.0,906.0
756,2018-01,W6Y020,서홍동,5157900.0,2327.0
757,2018-02,W6Y020,서홍동,4925250.0,2209.0
758,2018-03,W6Y020,서홍동,5328000.0,2492.0
759,2018-04,W6Y020,서홍동,4915000.0,2458.0
760,2018-05,W6Y020,서홍동,4904700.0,2599.0
761,2018-06,W6Y020,서홍동,5202700.0,2658.0
762,2018-07,W6Y020,서홍동,5961000.0,3054.0
763,2018-08,W6Y020,서홍동,5435600.0,3007.0
764,2018-09,W6Y020,서홍동,4833800.0,2771.0
765,2018-10,W6Y020,서홍동,4463300.0,2609.0
766,2018-11,W6Y020,서홍동,4609800.0,2327.0
767,2018-12,W6Y020,서홍동,5079050.0,2378.0
768,2019-01,W6Y020,서홍동,2641850.0,1169.0
769,2019-02,W6Y020,서홍동,1341550.0,547.0
770,2019-03,W6Y020,서홍동,63500.0,19.0
771,2019-04,W6Y020,서홍동,,
772,2019-05,W6Y020,서홍동,3323950.0,1705.0
773,2019-06,W6Y020,서홍동,5277050.0,2556.0
774,2019-07,W6Y020,서홍동,5704800.0,2743.0
775,2019-08,W6Y020,서홍동,5484650.0,2851.0
776,2019-09,W6Y020,서홍동,4704050.0,2702.0
777,2019-10,W6Y020,서홍동,4382350.0,2611.0
778,2019-11,W6Y020,서홍동,4554000.0,2511.0
779,2019-12,W6Y020,서홍동,4803950.0,2382.0
780,2020-01,W6Y020,서홍동,5370950.0,2417.0
781,2020-02,W6Y020,서홍동,5134200.0,2343.0
782,2020-03,W6Y020,서홍동,5677450.0,2658.0
783,2020-04,W6Y020,서홍동,4886450.0,2399.0
784,2020-05,W6Y020,서홍동,5164650.0,2645.0
785,2020-06,W6Y020,서홍동,5203800.0,2706.0
786,2020-07,W6Y020,서홍동,5390250.0,2782.0
787,2020-08,W6Y020,서홍동,5552000.0,2983.0
788,2020-09,W6Y020,서홍동,4826050.0,2753.0
789,2020-10,W6Y020,서홍동,4794600.0,2575.0
790,2020-11,W6Y020,서홍동,4433700.0,2457.0
791,2020-12,W6Y020,서홍동,5352350.0,2475.0
792,2021-01,W6Y020,서홍동,5304800.0,2408.0
793,2021-02,W6Y020,서홍동,4898450.0,2125.0
794,2021-03,W6Y020,서홍동,4695000.0,2273.0
795,2021-04,W6Y020,서홍동,,
796,2021-05,W6Y020,서홍동,4829200.0,2445.0
797,2021-06,W6Y020,서홍동,5068250.0,2638.0
798,2018-01,W6Y021,서홍동,4509350.0,1471.0
799,2018-02,W6Y021,서홍동,4065700.0,1375.0
800,2018-03,W6Y021,서홍동,4053300.0,1373.0
801,2018-04,W6Y021,서홍동,4072700.0,1435.0
802,2018-05,W6Y021,서홍동,5062700.0,1806.0
803,2018-06,W6Y021,서홍동,5050150.0,1874.0
804,2018-07,W6Y021,서홍동,5710900.0,2185.0
805,2018-08,W6Y021,서홍동,5196450.0,2112.0
806,2018-09,W6Y021,서홍동,4941800.0,1945.0
807,2018-10,W6Y021,서홍동,4821900.0,1755.0
808,2018-11,W6Y021,서홍동,4822500.0,1749.0
809,2018-12,W6Y021,서홍동,5349950.0,1702.0
810,2019-01,W6Y021,서홍동,5640950.0,1706.0
811,2019-02,W6Y021,서홍동,3350600.0,1007.0
812,2019-03,W6Y021,서홍동,1346150.0,393.0
813,2019-04,W6Y021,서홍동,1177400.0,370.0
814,2019-05,W6Y021,서홍동,3582850.0,1343.0
815,2019-06,W6Y021,서홍동,4097900.0,1490.0
816,2019-07,W6Y021,서홍동,5669750.0,2134.0
817,2019-08,W6Y021,서홍동,5711600.0,2225.0
818,2019-09,W6Y021,서홍동,5262350.0,2116.0
819,2019-10,W6Y021,서홍동,4732550.0,1973.0
820,2019-11,W6Y021,서홍동,4886500.0,1937.0
821,2019-12,W6Y021,서홍동,5547200.0,1866.0
822,2020-01,W6Y021,서홍동,5597300.0,1824.0
823,2020-02,W6Y021,서홍동,5693500.0,1885.0
824,2020-03,W6Y021,서홍동,6184450.0,2088.0
825,2020-04,W6Y021,서홍동,5478650.0,1919.0
826,2020-05,W6Y021,서홍동,5497150.0,2086.0
827,2020-06,W6Y021,서홍동,5876950.0,2180.0
828,2020-07,W6Y021,서홍동,5740050.0,2283.0
829,2020-08,W6Y021,서홍동,4889300.0,1977.0
830,2020-09,W6Y021,서홍동,3763950.0,1569.0
831,2020-10,W6Y021,서홍동,4043100.0,1587.0
832,2020-11,W6Y021,서홍동,4821400.0,1856.0
833,2020-12,W6Y021,서홍동,4934150.0,1776.0
834,2021-01,W6Y021,서홍동,4900650.0,1660.0
835,2021-02,W6Y021,서홍동,4865300.0,1621.0
836,2021-03,W6Y021,서홍동,4829300.0,1759.0
837,2021-04,W6Y021,서홍동,,
838,2021-05,W6Y021,서홍동,4217350.0,1786.0
839,2021-06,W6Y021,서홍동,1655350.0,751.0
840,2018-01,W6Y022,서홍동,6593950.0,1929.0
841,2018-02,W6Y022,서홍동,5309100.0,1641.0
842,2018-03,W6Y022,서홍동,5716500.0,1961.0
843,2018-04,W6Y022,서홍동,5162800.0,1904.0
844,2018-05,W6Y022,서홍동,5175950.0,2174.0
845,2018-06,W6Y022,서홍동,4019500.0,1785.0
846,2018-07,W6Y022,서홍동,6142250.0,2676.0
847,2018-08,W6Y022,서홍동,6040500.0,2662.0
848,2018-09,W6Y022,서홍동,5581950.0,2532.0
849,2018-10,W6Y022,서홍동,5533300.0,2319.0
850,2018-11,W6Y022,서홍동,5043700.0,2042.0
851,2018-12,W6Y022,서홍동,5343700.0,2069.0
852,2019-01,W6Y022,서홍동,3911100.0,1489.0
853,2019-02,W6Y022,서홍동,1310700.0,419.0
854,2019-03,W6Y022,서홍동,,
855,2019-04,W6Y022,서홍동,,
856,2019-05,W6Y022,서홍동,3966900.0,1856.0
857,2019-06,W6Y022,서홍동,6049450.0,2631.0
858,2019-07,W6Y022,서홍동,6930350.0,2966.0
859,2019-08,W6Y022,서홍동,6920950.0,3078.0
860,2019-09,W6Y022,서홍동,6137800.0,2742.0
861,2019-10,W6Y022,서홍동,5724850.0,2581.0
862,2019-11,W6Y022,서홍동,5753800.0,2299.0
863,2019-12,W6Y022,서홍동,6037900.0,2183.0
864,2020-01,W6Y022,서홍동,6171900.0,2365.0
865,2020-02,W6Y022,서홍동,5748250.0,2282.0
866,2020-03,W6Y022,서홍동,6004800.0,2568.0
867,2020-04,W6Y022,서홍동,5354200.0,2455.0
868,2020-05,W6Y022,서홍동,5907500.0,2769.0
869,2020-06,W6Y022,서홍동,5829750.0,2873.0
870,2020-07,W6Y022,서홍동,6419200.0,3112.0
871,2020-08,W6Y022,서홍동,7713000.0,3537.0
872,2020-09,W6Y022,서홍동,6885550.0,3140.0
873,2020-10,W6Y022,서홍동,7706000.0,3410.0
874,2020-11,W6Y022,서홍동,4691850.0,1896.0
875,2020-12,W6Y022,서홍동,2884450.0,1006.0
876,2021-01,W6Y022,서홍동,3811850.0,1414.0
877,2021-02,W6Y022,서홍동,3690400.0,1391.0
878,2021-03,W6Y022,서홍동,3537300.0,1400.0
879,2021-04,W6Y022,서홍동,,
880,2021-05,W6Y022,서홍동,3421100.0,1406.0
881,2021-06,W6Y022,서홍동,1377700.0,444.0
882,2018-01,W6Y023,서홍동,3437200.0,804.0
883,2018-02,W6Y023,서홍동,3085350.0,770.0
884,2018-03,W6Y023,서홍동,3928950.0,914.0
885,2018-04,W6Y023,서홍동,3912050.0,1006.0
886,2018-05,W6Y023,서홍동,4576250.0,1117.0
887,2018-06,W6Y023,서홍동,4651200.0,1170.0
888,2018-07,W6Y023,서홍동,5011650.0,1287.0
889,2018-08,W6Y023,서홍동,4938800.0,1294.0
890,2018-09,W6Y023,서홍동,4255350.0,1230.0
891,2018-10,W6Y023,서홍동,4388350.0,1184.0
892,2018-11,W6Y023,서홍동,4410100.0,1109.0
893,2018-12,W6Y023,서홍동,4810150.0,1026.0
894,2019-01,W6Y023,서홍동,4920550.0,994.0
895,2019-02,W6Y023,서홍동,1565500.0,307.0
896,2019-03,W6Y023,서홍동,,
897,2019-04,W6Y023,서홍동,,
898,2019-05,W6Y023,서홍동,3002150.0,709.0
899,2019-06,W6Y023,서홍동,4318000.0,1088.0
900,2019-07,W6Y023,서홍동,4895250.0,1251.0
901,2019-08,W6Y023,서홍동,4573900.0,1198.0
902,2019-09,W6Y023,서홍동,4230000.0,1139.0
903,2019-10,W6Y023,서홍동,4275750.0,1106.0
904,2019-11,W6Y023,서홍동,3942700.0,1004.0
905,2019-12,W6Y023,서홍동,4085200.0,958.0
906,2020-01,W6Y023,서홍동,4383450.0,1017.0
907,2020-02,W6Y023,서홍동,4265800.0,925.0
908,2020-03,W6Y023,서홍동,3740400.0,986.0
909,2020-04,W6Y023,서홍동,3392700.0,952.0
910,2020-05,W6Y023,서홍동,3778300.0,1108.0
911,2020-06,W6Y023,서홍동,3889900.0,1150.0
912,2020-07,W6Y023,서홍동,3968850.0,1249.0
913,2020-08,W6Y023,서홍동,4911150.0,1562.0
914,2020-09,W6Y023,서홍동,4160650.0,1340.0
915,2020-10,W6Y023,서홍동,4124700.0,1310.0
916,2020-11,W6Y023,서홍동,2311850.0,828.0
917,2020-12,W6Y023,서홍동,4107600.0,1173.0
918,2021-01,W6Y023,서홍동,4017100.0,1081.0
919,2021-02,W6Y023,서홍동,3539000.0,1019.0
920,2021-03,W6Y023,서홍동,3729950.0,1078.0
921,2021-04,W6Y023,서홍동,,
922,2021-05,W6Y023,서홍동,3328550.0,997.0
923,2021-06,W6Y023,서홍동,1059650.0,306.0
924,2018-01,W6Y024,서홍동,,
925,2018-02,W6Y024,서홍동,,
926,2018-03,W6Y024,서홍동,,
927,2018-04,W6Y024,서홍동,,
928,2018-05,W6Y024,서홍동,,
929,2018-06,W6Y024,서홍동,,
930,2018-07,W6Y024,서홍동,,
931,2018-08,W6Y024,서홍동,,
932,2018-09,W6Y024,서홍동,,
933,2018-10,W6Y024,서홍동,,
934,2018-11,W6Y024,서홍동,,
935,2018-12,W6Y024,서홍동,,
936,2019-01,W6Y024,서홍동,,
937,2019-02,W6Y024,서홍동,,
938,2019-03,W6Y024,서홍동,,
939,2019-04,W6Y024,서홍동,,
940,2019-05,W6Y024,서홍동,,
941,2019-06,W6Y024,서홍동,,
942,2019-07,W6Y024,서홍동,,
943,2019-08,W6Y024,서홍동,,
944,2019-09,W6Y024,서홍동,,
945,2019-10,W6Y024,서홍동,,
946,2019-11,W6Y024,서홍동,,
947,2019-12,W6Y024,서홍동,,
948,2020-01,W6Y024,서홍동,,
949,2020-02,W6Y024,서홍동,,
950,2020-03,W6Y024,서홍동,,
951,2020-04,W6Y024,서홍동,,
952,2020-05,W6Y024,서홍동,,
953,2020-06,W6Y024,서홍동,,
954,2020-07,W6Y024,서홍동,1187250.0,433.0
955,2020-08,W6Y024,서홍동,4881200.0,1801.0
956,2020-09,W6Y024,서홍동,3954650.0,1609.0
957,2020-10,W6Y024,서홍동,871250.0,331.0
958,2020-11,W6Y024,서홍동,,
959,2020-12,W6Y024,서홍동,790400.0,271.0
960,2021-01,W6Y024,서홍동,1045400.0,408.0
961,2021-02,W6Y024,서홍동,1481400.0,491.0
962,2021-03,W6Y024,서홍동,1040000.0,407.0
963,2021-04,W6Y024,서홍동,,
964,2021-05,W6Y024,서홍동,2064450.0,617.0
965,2021-06,W6Y024,서홍동,1511200.0,544.0
966,2018-01,W6Y025,서홍동,764900.0,333.0
967,2018-02,W6Y025,서홍동,549850.0,270.0
968,2018-03,W6Y025,서홍동,490450.0,290.0
969,2018-04,W6Y025,서홍동,468650.0,273.0
970,2018-05,W6Y025,서홍동,483000.0,323.0
971,2018-06,W6Y025,서홍동,481700.0,335.0
972,2018-07,W6Y025,서홍동,615700.0,407.0
973,2018-08,W6Y025,서홍동,580750.0,389.0
974,2018-09,W6Y025,서홍동,490550.0,357.0
975,2018-10,W6Y025,서홍동,379600.0,281.0
976,2018-11,W6Y025,서홍동,395950.0,297.0
977,2018-12,W6Y025,서홍동,484250.0,323.0
978,2019-01,W6Y025,서홍동,475800.0,302.0
979,2019-02,W6Y025,서홍동,294600.0,153.0
980,2019-03,W6Y025,서홍동,,
981,2019-04,W6Y025,서홍동,,
982,2019-05,W6Y025,서홍동,325400.0,232.0
983,2019-06,W6Y025,서홍동,504200.0,371.0
984,2019-07,W6Y025,서홍동,621750.0,458.0
985,2019-08,W6Y025,서홍동,588650.0,444.0
986,2019-09,W6Y025,서홍동,564300.0,408.0
987,2019-10,W6Y025,서홍동,514850.0,395.0
988,2019-11,W6Y025,서홍동,486700.0,334.0
989,2019-12,W6Y025,서홍동,551800.0,352.0
990,2020-01,W6Y025,서홍동,588650.0,379.0
991,2020-02,W6Y025,서홍동,550850.0,348.0
992,2020-03,W6Y025,서홍동,588300.0,427.0
993,2020-04,W6Y025,서홍동,510950.0,358.0
994,2020-05,W6Y025,서홍동,488900.0,365.0
995,2020-06,W6Y025,서홍동,611000.0,436.0
996,2020-07,W6Y025,서홍동,563750.0,425.0
997,2020-08,W6Y025,서홍동,546800.0,408.0
998,2020-09,W6Y025,서홍동,431200.0,329.0
999,2020-10,W6Y025,서홍동,465800.0,335.0
1000,2020-11,W6Y025,서홍동,413200.0,284.0
1001,2020-12,W6Y025,서홍동,437050.0,267.0
1002,2021-01,W6Y025,서홍동,450250.0,256.0
1003,2021-02,W6Y025,서홍동,441350.0,250.0
1004,2021-03,W6Y025,서홍동,413600.0,253.0
1005,2021-04,W6Y025,서홍동,,
1006,2021-05,W6Y025,서홍동,389250.0,271.0
1007,2021-06,W6Y025,서홍동,432600.0,298.0
1008,2018-01,W6Y026,송산동,1138450.0,425.0
1009,2018-02,W6Y026,송산동,1190650.0,385.0
1010,2018-03,W6Y026,송산동,1369050.0,411.0
1011,2018-04,W6Y026,송산동,1676400.0,544.0
1012,2018-05,W6Y026,송산동,1683750.0,640.0
1013,2018-06,W6Y026,송산동,1898000.0,697.0
1014,2018-07,W6Y026,송산동,2177700.0,810.0
1015,2018-08,W6Y026,송산동,2086900.0,764.0
1016,2018-09,W6Y026,송산동,1668800.0,742.0
1017,2018-10,W6Y026,송산동,2178000.0,771.0
1018,2018-11,W6Y026,송산동,2048400.0,663.0
1019,2018-12,W6Y026,송산동,1982000.0,635.0
1020,2019-01,W6Y026,송산동,1959550.0,633.0
1021,2019-02,W6Y026,송산동,1581500.0,494.0
1022,2019-03,W6Y026,송산동,927500.0,343.0
1023,2019-04,W6Y026,송산동,1298400.0,487.0
1024,2019-05,W6Y026,송산동,1639500.0,698.0
1025,2019-06,W6Y026,송산동,1368450.0,697.0
1026,2019-07,W6Y026,송산동,1273900.0,637.0
1027,2019-08,W6Y026,송산동,938300.0,468.0
1028,2019-09,W6Y026,송산동,1050900.0,465.0
1029,2019-10,W6Y026,송산동,803350.0,425.0
1030,2019-11,W6Y026,송산동,1003950.0,422.0
1031,2019-12,W6Y026,송산동,1161800.0,386.0
1032,2020-01,W6Y026,송산동,1258950.0,427.0
1033,2020-02,W6Y026,송산동,981050.0,369.0
1034,2020-03,W6Y026,송산동,1238400.0,477.0
1035,2020-04,W6Y026,송산동,959000.0,361.0
1036,2020-05,W6Y026,송산동,1301900.0,474.0
1037,2020-06,W6Y026,송산동,1132600.0,468.0
1038,2020-07,W6Y026,송산동,1127500.0,554.0
1039,2020-08,W6Y026,송산동,1832850.0,767.0
1040,2020-09,W6Y026,송산동,1659100.0,760.0
1041,2020-10,W6Y026,송산동,1663300.0,780.0
1042,2020-11,W6Y026,송산동,1639600.0,665.0
1043,2020-12,W6Y026,송산동,1801600.0,714.0
1044,2021-01,W6Y026,송산동,1623000.0,621.0
1045,2021-02,W6Y026,송산동,1685100.0,571.0
1046,2021-03,W6Y026,송산동,1854700.0,649.0
1047,2021-04,W6Y026,송산동,,
1048,2021-05,W6Y026,송산동,1891850.0,746.0
1049,2021-06,W6Y026,송산동,1650200.0,759.0
1050,2018-01,W6Y027,송산동,,
1051,2018-02,W6Y027,송산동,,
1052,2018-03,W6Y027,송산동,,
1053,2018-04,W6Y027,송산동,,
1054,2018-05,W6Y027,송산동,,
1055,2018-06,W6Y027,송산동,,
1056,2018-07,W6Y027,송산동,,
1057,2018-08,W6Y027,송산동,,
1058,2018-09,W6Y027,송산동,,
1059,2018-10,W6Y027,송산동,,
1060,2018-11,W6Y027,송산동,,
1061,2018-12,W6Y027,송산동,,
1062,2019-01,W6Y027,송산동,,
1063,2019-02,W6Y027,송산동,,
1064,2019-03,W6Y027,송산동,,
1065,2019-04,W6Y027,송산동,,
1066,2019-05,W6Y027,송산동,,
1067,2019-06,W6Y027,송산동,,
1068,2019-07,W6Y027,송산동,,
1069,2019-08,W6Y027,송산동,,
1070,2019-09,W6Y027,송산동,,
1071,2019-10,W6Y027,송산동,,
1072,2019-11,W6Y027,송산동,,
1073,2019-12,W6Y027,송산동,,
1074,2020-01,W6Y027,송산동,,
1075,2020-02,W6Y027,송산동,,
1076,2020-03,W6Y027,송산동,,
1077,2020-04,W6Y027,송산동,,
1078,2020-05,W6Y027,송산동,,
1079,2020-06,W6Y027,송산동,,
1080,2020-07,W6Y027,송산동,,
1081,2020-08,W6Y027,송산동,,
1082,2020-09,W6Y027,송산동,,
1083,2020-10,W6Y027,송산동,,
1084,2020-11,W6Y027,송산동,,
1085,2020-12,W6Y027,송산동,,
1086,2021-01,W6Y027,송산동,,
1087,2021-02,W6Y027,송산동,,
1088,2021-03,W6Y027,송산동,,
1089,2021-04,W6Y027,송산동,,
1090,2021-05,W6Y027,송산동,,
1091,2021-06,W6Y027,송산동,,
1092,2018-01,W6Y028,정방동,2798750.0,1206.0
1093,2018-02,W6Y028,정방동,2469750.0,1081.0
1094,2018-03,W6Y028,정방동,2835500.0,1198.0
1095,2018-04,W6Y028,정방동,2436900.0,1165.0
1096,2018-05,W6Y028,정방동,2449750.0,1196.0
1097,2018-06,W6Y028,정방동,2562350.0,1338.0
1098,2018-07,W6Y028,정방동,3088200.0,1651.0
1099,2018-08,W6Y028,정방동,2956850.0,1560.0
1100,2018-09,W6Y028,정방동,2496250.0,1498.0
1101,2018-10,W6Y028,정방동,2322200.0,1351.0
1102,2018-11,W6Y028,정방동,2455250.0,1343.0
1103,2018-12,W6Y028,정방동,3128200.0,1344.0
1104,2019-01,W6Y028,정방동,3002950.0,1256.0
1105,2019-02,W6Y028,정방동,2435000.0,1014.0
1106,2019-03,W6Y028,정방동,1710150.0,563.0
1107,2019-04,W6Y028,정방동,1664600.0,623.0
1108,2019-05,W6Y028,정방동,2573150.0,1148.0
1109,2019-06,W6Y028,정방동,3143550.0,1376.0
1110,2019-07,W6Y028,정방동,3615500.0,1583.0
1111,2019-08,W6Y028,정방동,3642150.0,1678.0
1112,2019-09,W6Y028,정방동,3872100.0,1904.0
1113,2019-10,W6Y028,정방동,3619650.0,1868.0
1114,2019-11,W6Y028,정방동,3991200.0,1747.0
1115,2019-12,W6Y028,정방동,4388600.0,1715.0
1116,2020-01,W6Y028,정방동,4401250.0,1697.0
1117,2020-02,W6Y028,정방동,4076350.0,1477.0
1118,2020-03,W6Y028,정방동,3814800.0,1434.0
1119,2020-04,W6Y028,정방동,3198150.0,1303.0
1120,2020-05,W6Y028,정방동,3506600.0,1437.0
1121,2020-06,W6Y028,정방동,2552550.0,1080.0
1122,2020-07,W6Y028,정방동,1051800.0,434.0
1123,2020-08,W6Y028,정방동,3756750.0,1725.0
1124,2020-09,W6Y028,정방동,3250200.0,1537.0
1125,2020-10,W6Y028,정방동,3276650.0,1532.0
1126,2020-11,W6Y028,정방동,3451100.0,1365.0
1127,2020-12,W6Y028,정방동,3921900.0,1401.0
1128,2021-01,W6Y028,정방동,2001900.0,719.0
1129,2021-02,W6Y028,정방동,2072450.0,685.0
1130,2021-03,W6Y028,정방동,1730750.0,661.0
1131,2021-04,W6Y028,정방동,,
1132,2021-05,W6Y028,정방동,1811650.0,798.0
1133,2021-06,W6Y028,정방동,2007500.0,895.0
1134,2018-01,W6Y029,영천동,1450500.0,637.0
1135,2018-02,W6Y029,영천동,1312500.0,577.0
1136,2018-03,W6Y029,영천동,1483950.0,656.0
1137,2018-04,W6Y029,영천동,1267450.0,644.0
1138,2018-05,W6Y029,영천동,1450050.0,730.0
1139,2018-06,W6Y029,영천동,1435600.0,749.0
1140,2018-07,W6Y029,영천동,1665300.0,868.0
1141,2018-08,W6Y029,영천동,1546100.0,830.0
1142,2018-09,W6Y029,영천동,1387700.0,759.0
1143,2018-10,W6Y029,영천동,1122000.0,640.0
1144,2018-11,W6Y029,영천동,1104750.0,570.0
1145,2018-12,W6Y029,영천동,1239800.0,568.0
1146,2019-01,W6Y029,영천동,469450.0,207.0
1147,2019-02,W6Y029,영천동,,
1148,2019-03,W6Y029,영천동,,
1149,2019-04,W6Y029,영천동,,
1150,2019-05,W6Y029,영천동,583400.0,135.0
1151,2019-06,W6Y029,영천동,841500.0,216.0
1152,2019-07,W6Y029,영천동,1110750.0,268.0
1153,2019-08,W6Y029,영천동,1084250.0,257.0
1154,2019-09,W6Y029,영천동,911850.0,218.0
1155,2019-10,W6Y029,영천동,1098550.0,230.0
1156,2019-11,W6Y029,영천동,1545900.0,249.0
1157,2019-12,W6Y029,영천동,1771450.0,266.0
1158,2020-01,W6Y029,영천동,1577350.0,246.0
1159,2020-02,W6Y029,영천동,1395800.0,221.0
1160,2020-03,W6Y029,영천동,1244850.0,244.0
1161,2020-04,W6Y029,영천동,1167800.0,234.0
1162,2020-05,W6Y029,영천동,1292950.0,245.0
1163,2020-06,W6Y029,영천동,1514750.0,298.0
1164,2020-07,W6Y029,영천동,555350.0,113.0
1165,2020-08,W6Y029,영천동,1141500.0,472.0
1166,2020-09,W6Y029,영천동,1447300.0,678.0
1167,2020-10,W6Y029,영천동,1523950.0,599.0
1168,2020-11,W6Y029,영천동,964300.0,312.0
1169,2020-12,W6Y029,영천동,1816100.0,556.0
1170,2021-01,W6Y029,영천동,1340800.0,365.0
1171,2021-02,W6Y029,영천동,1548800.0,437.0
1172,2021-03,W6Y029,영천동,1507250.0,462.0
1173,2021-04,W6Y029,영천동,,
1174,2021-05,W6Y029,영천동,161750.0,48.0
1175,2021-06,W6Y029,영천동,,
1176,2018-01,W6Y030,대천동,3109350.0,1241.0
1177,2018-02,W6Y030,대천동,2783650.0,1110.0
1178,2018-03,W6Y030,대천동,3306800.0,1300.0
1179,2018-04,W6Y030,대천동,2826850.0,1232.0
1180,2018-05,W6Y030,대천동,2615150.0,1325.0
1181,2018-06,W6Y030,대천동,3118000.0,1489.0
1182,2018-07,W6Y030,대천동,3694000.0,1720.0
1183,2018-08,W6Y030,대천동,3220500.0,1563.0
1184,2018-09,W6Y030,대천동,2825850.0,1441.0
1185,2018-10,W6Y030,대천동,2320250.0,1174.0
1186,2018-11,W6Y030,대천동,2541500.0,1199.0
1187,2018-12,W6Y030,대천동,2925900.0,1248.0
1188,2019-01,W6Y030,대천동,2945150.0,1253.0
1189,2019-02,W6Y030,대천동,1991250.0,825.0
1190,2019-03,W6Y030,대천동,1033900.0,400.0
1191,2019-04,W6Y030,대천동,967150.0,412.0
1192,2019-05,W6Y030,대천동,2962050.0,1445.0
1193,2019-06,W6Y030,대천동,3635700.0,1729.0
1194,2019-07,W6Y030,대천동,4068050.0,1974.0
1195,2019-08,W6Y030,대천동,4086600.0,2072.0
1196,2019-09,W6Y030,대천동,3683500.0,1904.0
1197,2019-10,W6Y030,대천동,3226200.0,1767.0
1198,2019-11,W6Y030,대천동,3214150.0,1565.0
1199,2019-12,W6Y030,대천동,3413450.0,1451.0
1200,2020-01,W6Y030,대천동,3999200.0,1602.0
1201,2020-02,W6Y030,대천동,3883100.0,1518.0
1202,2020-03,W6Y030,대천동,4129200.0,1696.0
1203,2020-04,W6Y030,대천동,3575700.0,1641.0
1204,2020-05,W6Y030,대천동,4043500.0,1859.0
1205,2020-06,W6Y030,대천동,3981600.0,1864.0
1206,2020-07,W6Y030,대천동,4309600.0,2071.0
1207,2020-08,W6Y030,대천동,4569950.0,2225.0
1208,2020-09,W6Y030,대천동,3698700.0,2065.0
1209,2020-10,W6Y030,대천동,3548550.0,1889.0
1210,2020-11,W6Y030,대천동,3543350.0,1743.0
1211,2020-12,W6Y030,대천동,3901350.0,1783.0
1212,2021-01,W6Y030,대천동,3860050.0,1695.0
1213,2021-02,W6Y030,대천동,3849850.0,1612.0
1214,2021-03,W6Y030,대천동,3700700.0,1692.0
1215,2021-04,W6Y030,대천동,,
1216,2021-05,W6Y030,대천동,3598150.0,1915.0
1217,2021-06,W6Y030,대천동,3495650.0,1922.0
1218,2018-01,W6Y031,대천동,1824850.0,907.0
1219,2018-02,W6Y031,대천동,1014950.0,406.0
1220,2018-03,W6Y031,대천동,1038250.0,435.0
1221,2018-04,W6Y031,대천동,833750.0,418.0
1222,2018-05,W6Y031,대천동,943300.0,429.0
1223,2018-06,W6Y031,대천동,987700.0,466.0
1224,2018-07,W6Y031,대천동,1171600.0,500.0
1225,2018-08,W6Y031,대천동,997700.0,473.0
1226,2018-09,W6Y031,대천동,856550.0,487.0
1227,2018-10,W6Y031,대천동,800350.0,406.0
1228,2018-11,W6Y031,대천동,807950.0,385.0
1229,2018-12,W6Y031,대천동,826000.0,403.0
1230,2019-01,W6Y031,대천동,934250.0,450.0
1231,2019-02,W6Y031,대천동,861100.0,409.0
1232,2019-03,W6Y031,대천동,844950.0,472.0
1233,2019-04,W6Y031,대천동,742650.0,431.0
1234,2019-05,W6Y031,대천동,686550.0,418.0
1235,2019-06,W6Y031,대천동,399550.0,214.0
1236,2019-07,W6Y031,대천동,796400.0,399.0
1237,2019-08,W6Y031,대천동,668650.0,344.0
1238,2019-09,W6Y031,대천동,622950.0,336.0
1239,2019-10,W6Y031,대천동,567400.0,316.0
1240,2019-11,W6Y031,대천동,594950.0,264.0
1241,2019-12,W6Y031,대천동,559450.0,255.0
1242,2020-01,W6Y031,대천동,598200.0,277.0
1243,2020-02,W6Y031,대천동,548450.0,243.0
1244,2020-03,W6Y031,대천동,503950.0,235.0
1245,2020-04,W6Y031,대천동,519400.0,220.0
1246,2020-05,W6Y031,대천동,555450.0,246.0
1247,2020-06,W6Y031,대천동,683100.0,286.0
1248,2020-07,W6Y031,대천동,708250.0,301.0
1249,2020-08,W6Y031,대천동,689850.0,364.0
1250,2020-09,W6Y031,대천동,550600.0,325.0
1251,2020-10,W6Y031,대천동,586650.0,298.0
1252,2020-11,W6Y031,대천동,608900.0,269.0
1253,2020-12,W6Y031,대천동,648950.0,303.0
1254,2021-01,W6Y031,대천동,675600.0,316.0
1255,2021-02,W6Y031,대천동,651050.0,312.0
1256,2021-03,W6Y031,대천동,642200.0,305.0
1257,2021-04,W6Y031,대천동,,
1258,2021-05,W6Y031,대천동,590050.0,286.0
1259,2021-06,W6Y031,대천동,638400.0,380.0
1260,2018-01,W6Y032,대천동,2170500.0,869.0
1261,2018-02,W6Y032,대천동,1946100.0,766.0
1262,2018-03,W6Y032,대천동,2265050.0,905.0
1263,2018-04,W6Y032,대천동,1966950.0,878.0
1264,2018-05,W6Y032,대천동,2000550.0,947.0
1265,2018-06,W6Y032,대천동,2115100.0,993.0
1266,2018-07,W6Y032,대천동,2451500.0,1096.0
1267,2018-08,W6Y032,대천동,2328950.0,1098.0
1268,2018-09,W6Y032,대천동,1880550.0,927.0
1269,2018-10,W6Y032,대천동,1936250.0,900.0
1270,2018-11,W6Y032,대천동,1883700.0,863.0
1271,2018-12,W6Y032,대천동,2175300.0,919.0
1272,2019-01,W6Y032,대천동,2045900.0,849.0
1273,2019-02,W6Y032,대천동,1203350.0,484.0
1274,2019-03,W6Y032,대천동,,
1275,2019-04,W6Y032,대천동,,
1276,2019-05,W6Y032,대천동,1368300.0,624.0
1277,2019-06,W6Y032,대천동,2038750.0,883.0
1278,2019-07,W6Y032,대천동,2132050.0,997.0
1279,2019-08,W6Y032,대천동,2133850.0,1013.0
1280,2019-09,W6Y032,대천동,1899200.0,935.0
1281,2019-10,W6Y032,대천동,1889800.0,951.0
1282,2019-11,W6Y032,대천동,1896750.0,916.0
1283,2019-12,W6Y032,대천동,1922400.0,806.0
1284,2020-01,W6Y032,대천동,2091100.0,869.0
1285,2020-02,W6Y032,대천동,1563750.0,662.0
1286,2020-03,W6Y032,대천동,1534900.0,695.0
1287,2020-04,W6Y032,대천동,1437400.0,677.0
1288,2020-05,W6Y032,대천동,1590800.0,769.0
1289,2020-06,W6Y032,대천동,1285750.0,601.0
1290,2020-07,W6Y032,대천동,1293600.0,644.0
1291,2020-08,W6Y032,대천동,1640600.0,801.0
1292,2020-09,W6Y032,대천동,1836250.0,978.0
1293,2020-10,W6Y032,대천동,1785800.0,931.0
1294,2020-11,W6Y032,대천동,1827500.0,941.0
1295,2020-12,W6Y032,대천동,2085700.0,972.0
1296,2021-01,W6Y032,대천동,1922300.0,889.0
1297,2021-02,W6Y032,대천동,1780650.0,793.0
1298,2021-03,W6Y032,대천동,2046250.0,896.0
1299,2021-04,W6Y032,대천동,,
1300,2021-05,W6Y032,대천동,1955800.0,1015.0
1301,2021-06,W6Y032,대천동,1813100.0,983.0
1302,2018-01,W6Y033,대륜동,2612400.0,1128.0
1303,2018-02,W6Y033,대륜동,2255400.0,1007.0
1304,2018-03,W6Y033,대륜동,2692350.0,1187.0
1305,2018-04,W6Y033,대륜동,2494950.0,1204.0
1306,2018-05,W6Y033,대륜동,2450350.0,1293.0
1307,2018-06,W6Y033,대륜동,2347200.0,1334.0
1308,2018-07,W6Y033,대륜동,2637500.0,1436.0
1309,2018-08,W6Y033,대륜동,2743250.0,1462.0
1310,2018-09,W6Y033,대륜동,2667500.0,1405.0
1311,2018-10,W6Y033,대륜동,2231850.0,1268.0
1312,2018-11,W6Y033,대륜동,2409200.0,1181.0
1313,2018-12,W6Y033,대륜동,2783750.0,1196.0
1314,2019-01,W6Y033,대륜동,2675350.0,1099.0
1315,2019-02,W6Y033,대륜동,2773650.0,1080.0
1316,2019-03,W6Y033,대륜동,2643100.0,1094.0
1317,2019-04,W6Y033,대륜동,2277800.0,1007.0
1318,2019-05,W6Y033,대륜동,2413800.0,1112.0
1319,2019-06,W6Y033,대륜동,1383400.0,668.0
1320,2019-07,W6Y033,대륜동,2987050.0,1377.0
1321,2019-08,W6Y033,대륜동,2080100.0,930.0
1322,2019-09,W6Y033,대륜동,1179000.0,547.0
1323,2019-10,W6Y033,대륜동,943300.0,482.0
1324,2019-11,W6Y033,대륜동,931800.0,427.0
1325,2019-12,W6Y033,대륜동,1127100.0,455.0
1326,2020-01,W6Y033,대륜동,1042550.0,399.0
1327,2020-02,W6Y033,대륜동,922900.0,393.0
1328,2020-03,W6Y033,대륜동,1190500.0,480.0
1329,2020-04,W6Y033,대륜동,1140850.0,472.0
1330,2020-05,W6Y033,대륜동,1176450.0,476.0
1331,2020-06,W6Y033,대륜동,1145500.0,494.0
1332,2020-07,W6Y033,대륜동,1057950.0,527.0
1333,2020-08,W6Y033,대륜동,1111150.0,514.0
1334,2020-09,W6Y033,대륜동,1138500.0,693.0
1335,2020-10,W6Y033,대륜동,882850.0,472.0
1336,2020-11,W6Y033,대륜동,1056600.0,466.0
1337,2020-12,W6Y033,대륜동,1067950.0,495.0
1338,2021-01,W6Y033,대륜동,1001850.0,455.0
1339,2021-02,W6Y033,대륜동,1047500.0,440.0
1340,2021-03,W6Y033,대륜동,1131950.0,493.0
1341,2021-04,W6Y033,대륜동,,
1342,2021-05,W6Y033,대륜동,1110500.0,588.0
1343,2021-06,W6Y033,대륜동,1046350.0,649.0
1344,2018-01,W6Y034,대륜동,2236150.0,1184.0
1345,2018-02,W6Y034,대륜동,1722800.0,954.0
1346,2018-03,W6Y034,대륜동,1805550.0,1049.0
1347,2018-04,W6Y034,대륜동,1644650.0,1010.0
1348,2018-05,W6Y034,대륜동,1768850.0,1148.0
1349,2018-06,W6Y034,대륜동,1739350.0,1250.0
1350,2018-07,W6Y034,대륜동,1988200.0,1356.0
1351,2018-08,W6Y034,대륜동,1886300.0,1321.0
1352,2018-09,W6Y034,대륜동,1769600.0,1257.0
1353,2018-10,W6Y034,대륜동,1670700.0,1161.0
1354,2018-11,W6Y034,대륜동,1707750.0,1133.0
1355,2018-12,W6Y034,대륜동,1959900.0,1088.0
1356,2019-01,W6Y034,대륜동,2083200.0,1106.0
1357,2019-02,W6Y034,대륜동,1570950.0,781.0
1358,2019-03,W6Y034,대륜동,1221900.0,658.0
1359,2019-04,W6Y034,대륜동,939950.0,623.0
1360,2019-05,W6Y034,대륜동,1564850.0,998.0
1361,2019-06,W6Y034,대륜동,1729950.0,1169.0
1362,2019-07,W6Y034,대륜동,1998400.0,1290.0
1363,2019-08,W6Y034,대륜동,2024050.0,1306.0
1364,2019-09,W6Y034,대륜동,1864850.0,1246.0
1365,2019-10,W6Y034,대륜동,1535500.0,1136.0
1366,2019-11,W6Y034,대륜동,1704150.0,1130.0
1367,2019-12,W6Y034,대륜동,1825350.0,1120.0
1368,2020-01,W6Y034,대륜동,1776600.0,975.0
1369,2020-02,W6Y034,대륜동,1760100.0,1020.0
1370,2020-03,W6Y034,대륜동,1915250.0,1139.0
1371,2020-04,W6Y034,대륜동,1626100.0,1045.0
1372,2020-05,W6Y034,대륜동,1878000.0,1204.0
1373,2020-06,W6Y034,대륜동,1959600.0,1298.0
1374,2020-07,W6Y034,대륜동,2124450.0,1355.0
1375,2020-08,W6Y034,대륜동,2041050.0,1386.0
1376,2020-09,W6Y034,대륜동,1852650.0,1239.0
1377,2020-10,W6Y034,대륜동,1843450.0,1259.0
1378,2020-11,W6Y034,대륜동,1873200.0,1132.0
1379,2020-12,W6Y034,대륜동,2076600.0,1134.0
1380,2021-01,W6Y034,대륜동,2059400.0,1173.0
1381,2021-02,W6Y034,대륜동,1876750.0,1082.0
1382,2021-03,W6Y034,대륜동,1905950.0,1163.0
1383,2021-04,W6Y034,대륜동,,
1384,2021-05,W6Y034,대륜동,1792950.0,1249.0
1385,2021-06,W6Y034,대륜동,1819450.0,1300.0
1386,2018-01,W6Y035,대륜동,3342650.0,1256.0
1387,2018-02,W6Y035,대륜동,3308050.0,1255.0
1388,2018-03,W6Y035,대륜동,3675400.0,1381.0
1389,2018-04,W6Y035,대륜동,3696200.0,1441.0
1390,2018-05,W6Y035,대륜동,3675800.0,1595.0
1391,2018-06,W6Y035,대륜동,3588150.0,1709.0
1392,2018-07,W6Y035,대륜동,4367150.0,2003.0
1393,2018-08,W6Y035,대륜동,3716200.0,1836.0
1394,2018-09,W6Y035,대륜동,3334700.0,1697.0
1395,2018-10,W6Y035,대륜동,2983650.0,1509.0
1396,2018-11,W6Y035,대륜동,3102650.0,1352.0
1397,2018-12,W6Y035,대륜동,3432400.0,1406.0
1398,2019-01,W6Y035,대륜동,3441200.0,1384.0
1399,2019-02,W6Y035,대륜동,2389500.0,894.0
1400,2019-03,W6Y035,대륜동,,
1401,2019-04,W6Y035,대륜동,,
1402,2019-05,W6Y035,대륜동,2128650.0,1097.0
1403,2019-06,W6Y035,대륜동,3078850.0,1480.0
1404,2019-07,W6Y035,대륜동,3319350.0,1631.0
1405,2019-08,W6Y035,대륜동,3459800.0,1691.0
1406,2019-09,W6Y035,대륜동,3092650.0,1587.0
1407,2019-10,W6Y035,대륜동,2479000.0,1439.0
1408,2019-11,W6Y035,대륜동,2677200.0,1356.0
1409,2019-12,W6Y035,대륜동,2857050.0,1249.0
1410,2020-01,W6Y035,대륜동,3426950.0,1428.0
1411,2020-02,W6Y035,대륜동,3078900.0,1272.0
1412,2020-03,W6Y035,대륜동,3311400.0,1427.0
1413,2020-04,W6Y035,대륜동,2897350.0,1359.0
1414,2020-05,W6Y035,대륜동,3174300.0,1569.0
1415,2020-06,W6Y035,대륜동,3455900.0,1682.0
1416,2020-07,W6Y035,대륜동,3520500.0,1801.0
1417,2020-08,W6Y035,대륜동,3653400.0,1915.0
1418,2020-09,W6Y035,대륜동,3154750.0,1794.0
1419,2020-10,W6Y035,대륜동,3045350.0,1678.0
1420,2020-11,W6Y035,대륜동,3059500.0,1495.0
1421,2020-12,W6Y035,대륜동,3297900.0,1526.0
1422,2021-01,W6Y035,대륜동,3403600.0,1494.0
1423,2021-02,W6Y035,대륜동,3193800.0,1365.0
1424,2021-03,W6Y035,대륜동,3182400.0,1450.0
1425,2021-04,W6Y035,대륜동,,
1426,2021-05,W6Y035,대륜동,3103800.0,1622.0
1427,2021-06,W6Y035,대륜동,3165250.0,1754.0
1428,2018-01,W6Y036,대륜동,2133400.0,873.0
1429,2018-02,W6Y036,대륜동,2054050.0,751.0
1430,2018-03,W6Y036,대륜동,2018450.0,842.0
1431,2018-04,W6Y036,대륜동,1753850.0,714.0
1432,2018-05,W6Y036,대륜동,1685450.0,813.0
1433,2018-06,W6Y036,대륜동,1717000.0,846.0
1434,2018-07,W6Y036,대륜동,1938650.0,973.0
1435,2018-08,W6Y036,대륜동,1738600.0,924.0
1436,2018-09,W6Y036,대륜동,1585950.0,900.0
1437,2018-10,W6Y036,대륜동,1337700.0,735.0
1438,2018-11,W6Y036,대륜동,1551150.0,750.0
1439,2018-12,W6Y036,대륜동,1651650.0,728.0
1440,2019-01,W6Y036,대륜동,1448450.0,594.0
1441,2019-02,W6Y036,대륜동,462800.0,192.0
1442,2019-03,W6Y036,대륜동,,
1443,2019-04,W6Y036,대륜동,,
1444,2019-05,W6Y036,대륜동,1074150.0,535.0
1445,2019-06,W6Y036,대륜동,1446300.0,742.0
1446,2019-07,W6Y036,대륜동,2342750.0,1151.0
1447,2019-08,W6Y036,대륜동,2213400.0,1156.0
1448,2019-09,W6Y036,대륜동,2067950.0,1055.0
1449,2019-10,W6Y036,대륜동,1703150.0,940.0
1450,2019-11,W6Y036,대륜동,1771600.0,873.0
1451,2019-12,W6Y036,대륜동,1865950.0,808.0
1452,2020-01,W6Y036,대륜동,2061650.0,820.0
1453,2020-02,W6Y036,대륜동,1929700.0,736.0
1454,2020-03,W6Y036,대륜동,2119150.0,879.0
1455,2020-04,W6Y036,대륜동,1866000.0,850.0
1456,2020-05,W6Y036,대륜동,2057600.0,1005.0
1457,2020-06,W6Y036,대륜동,2065900.0,1048.0
1458,2020-07,W6Y036,대륜동,2158200.0,1135.0
1459,2020-08,W6Y036,대륜동,2432650.0,1257.0
1460,2020-09,W6Y036,대륜동,2009750.0,1103.0
1461,2020-10,W6Y036,대륜동,1863550.0,1092.0
1462,2020-11,W6Y036,대륜동,1901200.0,985.0
1463,2020-12,W6Y036,대륜동,2252450.0,1040.0
1464,2021-01,W6Y036,대륜동,2126000.0,930.0
1465,2021-02,W6Y036,대륜동,2063300.0,889.0
1466,2021-03,W6Y036,대륜동,1756850.0,826.0
1467,2021-04,W6Y036,대륜동,,
1468,2021-05,W6Y036,대륜동,1755650.0,921.0
1469,2021-06,W6Y036,대륜동,1875550.0,1021.0
1470,2018-01,W6Y037,중문동,1307500.0,543.0
1471,2018-02,W6Y037,중문동,1255550.0,514.0
1472,2018-03,W6Y037,중문동,1386400.0,589.0
1473,2018-04,W6Y037,중문동,1167650.0,534.0
1474,2018-05,W6Y037,중문동,1434500.0,640.0
1475,2018-06,W6Y037,중문동,1512700.0,692.0
1476,2018-07,W6Y037,중문동,1710200.0,766.0
1477,2018-08,W6Y037,중문동,1670150.0,729.0
1478,2018-09,W6Y037,중문동,1384950.0,703.0
1479,2018-10,W6Y037,중문동,1201700.0,577.0
1480,2018-11,W6Y037,중문동,1207000.0,571.0
1481,2018-12,W6Y037,중문동,1361200.0,554.0
1482,2019-01,W6Y037,중문동,1239950.0,515.0
1483,2019-02,W6Y037,중문동,1084800.0,414.0
1484,2019-03,W6Y037,중문동,479900.0,252.0
1485,2019-04,W6Y037,중문동,516000.0,286.0
1486,2019-05,W6Y037,중문동,936100.0,476.0
1487,2019-06,W6Y037,중문동,1291049.0,614.0
1488,2019-07,W6Y037,중문동,1199750.0,684.0
1489,2019-08,W6Y037,중문동,1131750.0,639.0
1490,2019-09,W6Y037,중문동,1052300.0,618.0
1491,2019-10,W6Y037,중문동,1041650.0,604.0
1492,2019-11,W6Y037,중문동,1007000.0,530.0
1493,2019-12,W6Y037,중문동,982500.0,475.0
1494,2020-01,W6Y037,중문동,1328500.0,544.0
1495,2020-02,W6Y037,중문동,1166499.0,515.0
1496,2020-03,W6Y037,중문동,1257899.0,559.0
1497,2020-04,W6Y037,중문동,1059850.0,533.0
1498,2020-05,W6Y037,중문동,1145550.0,587.0
1499,2020-06,W6Y037,중문동,1138399.0,629.0
1500,2020-07,W6Y037,중문동,1308100.0,743.0
1501,2020-08,W6Y037,중문동,1362700.0,791.0
1502,2020-09,W6Y037,중문동,1023250.0,649.0
1503,2020-10,W6Y037,중문동,1015000.0,603.0
1504,2020-11,W6Y037,중문동,997950.0,527.0
1505,2020-12,W6Y037,중문동,1090900.0,533.0
1506,2021-01,W6Y037,중문동,1113550.0,517.0
1507,2021-02,W6Y037,중문동,1235500.0,509.0
1508,2021-03,W6Y037,중문동,1002200.0,492.0
1509,2021-04,W6Y037,중문동,,
1510,2021-05,W6Y037,중문동,1116400.0,590.0
1511,2021-06,W6Y037,중문동,1020700.0,611.0
1512,2018-01,W6Y038,중문동,7816800.0,3258.0
1513,2018-02,W6Y038,중문동,7909250.0,2989.0
1514,2018-03,W6Y038,중문동,7764950.0,3227.0
1515,2018-04,W6Y038,중문동,7239400.0,3253.0
1516,2018-05,W6Y038,중문동,7563850.0,3636.0
1517,2018-06,W6Y038,중문동,8706550.0,4150.0
1518,2018-07,W6Y038,중문동,10772000.0,4896.0
1519,2018-08,W6Y038,중문동,9061100.0,4355.0
1520,2018-09,W6Y038,중문동,7458350.0,3757.0
1521,2018-10,W6Y038,중문동,5599300.0,3403.0
1522,2018-11,W6Y038,중문동,6473450.0,3343.0
1523,2018-12,W6Y038,중문동,7269350.0,3200.0
1524,2019-01,W6Y038,중문동,7562250.0,3282.0
1525,2019-02,W6Y038,중문동,4031150.0,1635.0
1526,2019-03,W6Y038,중문동,287250.0,73.0
1527,2019-04,W6Y038,중문동,,
1528,2019-05,W6Y038,중문동,3658550.0,2114.0
1529,2019-06,W6Y038,중문동,8332749.0,3809.0
1530,2019-07,W6Y038,중문동,6588849.0,3660.0
1531,2019-08,W6Y038,중문동,6400998.0,3765.0
1532,2019-09,W6Y038,중문동,5972749.0,3571.0
1533,2019-10,W6Y038,중문동,5170850.0,3376.0
1534,2019-11,W6Y038,중문동,5622398.0,3154.0
1535,2019-12,W6Y038,중문동,5937346.0,2935.0
1536,2020-01,W6Y038,중문동,6118598.0,2903.0
1537,2020-02,W6Y038,중문동,5858199.0,2838.0
1538,2020-03,W6Y038,중문동,6565799.0,3229.0
1539,2020-04,W6Y038,중문동,5753748.0,2895.0
1540,2020-05,W6Y038,중문동,6477898.0,3342.0
1541,2020-06,W6Y038,중문동,6429699.0,3448.0
1542,2020-07,W6Y038,중문동,6709300.0,3724.0
1543,2020-08,W6Y038,중문동,7206000.0,4022.0
1544,2020-09,W6Y038,중문동,5969200.0,3483.0
1545,2020-10,W6Y038,중문동,6048100.0,3441.0
1546,2020-11,W6Y038,중문동,6010050.0,3095.0
1547,2020-12,W6Y038,중문동,5097350.0,2547.0
1548,2021-01,W6Y038,중문동,4981600.0,2360.0
1549,2021-02,W6Y038,중문동,4588750.0,1965.0
1550,2021-03,W6Y038,중문동,6199250.0,2876.0
1551,2021-04,W6Y038,중문동,,
1552,2021-05,W6Y038,중문동,7143950.0,3527.0
1553,2021-06,W6Y038,중문동,7039350.0,3640.0
1554,2018-01,W6Y039,중문동,1452750.0,539.0
1555,2018-02,W6Y039,중문동,1354300.0,528.0
1556,2018-03,W6Y039,중문동,1513200.0,583.0
1557,2018-04,W6Y039,중문동,1128400.0,519.0
1558,2018-05,W6Y039,중문동,1211550.0,543.0
1559,2018-06,W6Y039,중문동,1463650.0,642.0
1560,2018-07,W6Y039,중문동,1626050.0,747.0
1561,2018-08,W6Y039,중문동,1610400.0,708.0
1562,2018-09,W6Y039,중문동,1486150.0,683.0
1563,2018-10,W6Y039,중문동,1277700.0,610.0
1564,2018-11,W6Y039,중문동,1274900.0,588.0
1565,2018-12,W6Y039,중문동,1454950.0,581.0
1566,2019-01,W6Y039,중문동,1603600.0,569.0
1567,2019-02,W6Y039,중문동,789300.0,315.0
1568,2019-03,W6Y039,중문동,,
1569,2019-04,W6Y039,중문동,,
1570,2019-05,W6Y039,중문동,949000.0,406.0
1571,2019-06,W6Y039,중문동,1742950.0,752.0
1572,2019-07,W6Y039,중문동,1586550.0,714.0
1573,2019-08,W6Y039,중문동,1668750.0,778.0
1574,2019-09,W6Y039,중문동,1503600.0,692.0
1575,2019-10,W6Y039,중문동,1188600.0,627.0
1576,2019-11,W6Y039,중문동,1306200.0,619.0
1577,2019-12,W6Y039,중문동,1440700.0,577.0
1578,2020-01,W6Y039,중문동,1645400.0,599.0
1579,2020-02,W6Y039,중문동,1352250.0,535.0
1580,2020-03,W6Y039,중문동,1039150.0,436.0
1581,2020-04,W6Y039,중문동,1239900.0,557.0
1582,2020-05,W6Y039,중문동,1436050.0,637.0
1583,2020-06,W6Y039,중문동,1311650.0,637.0
1584,2020-07,W6Y039,중문동,1586250.0,730.0
1585,2020-08,W6Y039,중문동,1460750.0,763.0
1586,2020-09,W6Y039,중문동,1275000.0,686.0
1587,2020-10,W6Y039,중문동,1312100.0,696.0
1588,2020-11,W6Y039,중문동,1400100.0,654.0
1589,2020-12,W6Y039,중문동,1356600.0,630.0
1590,2021-01,W6Y039,중문동,1421450.0,615.0
1591,2021-02,W6Y039,중문동,1392600.0,594.0
1592,2021-03,W6Y039,중문동,1437900.0,641.0
1593,2021-04,W6Y039,중문동,,
1594,2021-05,W6Y039,중문동,1356650.0,670.0
1595,2021-06,W6Y039,중문동,1357200.0,682.0
1596,2018-01,W6Y040,중문동,879300.0,387.0
1597,2018-02,W6Y040,중문동,843700.0,309.0
1598,2018-03,W6Y040,중문동,922600.0,409.0
1599,2018-04,W6Y040,중문동,763000.0,374.0
1600,2018-05,W6Y040,중문동,799600.0,382.0
1601,2018-06,W6Y040,중문동,778700.0,416.0
1602,2018-07,W6Y040,중문동,847900.0,416.0
1603,2018-08,W6Y040,중문동,917950.0,448.0
1604,2018-09,W6Y040,중문동,748450.0,400.0
1605,2018-10,W6Y040,중문동,690550.0,418.0
1606,2018-11,W6Y040,중문동,673400.0,380.0
1607,2018-12,W6Y040,중문동,830800.0,377.0
1608,2019-01,W6Y040,중문동,830000.0,371.0
1609,2019-02,W6Y040,중문동,506350.0,241.0
1610,2019-03,W6Y040,중문동,187550.0,102.0
1611,2019-04,W6Y040,중문동,176250.0,110.0
1612,2019-05,W6Y040,중문동,586950.0,354.0
1613,2019-06,W6Y040,중문동,1224800.0,601.0
1614,2019-07,W6Y040,중문동,848150.0,503.0
1615,2019-08,W6Y040,중문동,814800.0,477.0
1616,2019-09,W6Y040,중문동,726400.0,474.0
1617,2019-10,W6Y040,중문동,649250.0,461.0
1618,2019-11,W6Y040,중문동,758600.0,463.0
1619,2019-12,W6Y040,중문동,784550.0,461.0
1620,2020-01,W6Y040,중문동,899150.0,452.0
1621,2020-02,W6Y040,중문동,888800.0,460.0
1622,2020-03,W6Y040,중문동,790050.0,491.0
1623,2020-04,W6Y040,중문동,665600.0,412.0
1624,2020-05,W6Y040,중문동,872900.0,482.0
1625,2020-06,W6Y040,중문동,858850.0,498.0
1626,2020-07,W6Y040,중문동,876000.0,551.0
1627,2020-08,W6Y040,중문동,856700.0,571.0
1628,2020-09,W6Y040,중문동,671900.0,471.0
1629,2020-10,W6Y040,중문동,689450.0,461.0
1630,2020-11,W6Y040,중문동,645400.0,420.0
1631,2020-12,W6Y040,중문동,673250.0,408.0
1632,2021-01,W6Y040,중문동,612350.0,358.0
1633,2021-02,W6Y040,중문동,649000.0,380.0
1634,2021-03,W6Y040,중문동,601850.0,379.0
1635,2021-04,W6Y040,중문동,,
1636,2021-05,W6Y040,중문동,733800.0,482.0
1637,2021-06,W6Y040,중문동,783900.0,478.0
1638,2018-01,W6Y041,중문동,748150.0,348.0
1639,2018-02,W6Y041,중문동,733150.0,330.0
1640,2018-03,W6Y041,중문동,517250.0,314.0
1641,2018-04,W6Y041,중문동,603400.0,336.0
1642,2018-05,W6Y041,중문동,648450.0,375.0
1643,2018-06,W6Y041,중문동,630250.0,402.0
1644,2018-07,W6Y041,중문동,626600.0,383.0
1645,2018-08,W6Y041,중문동,576700.0,366.0
1646,2018-09,W6Y041,중문동,498900.0,343.0
1647,2018-10,W6Y041,중문동,438200.0,299.0
1648,2018-11,W6Y041,중문동,546000.0,308.0
1649,2018-12,W6Y041,중문동,522600.0,266.0
1650,2019-01,W6Y041,중문동,542850.0,251.0
1651,2019-02,W6Y041,중문동,392150.0,175.0
1652,2019-03,W6Y041,중문동,490150.0,242.0
1653,2019-04,W6Y041,중문동,212600.0,109.0
1654,2019-05,W6Y041,중문동,466700.0,248.0
1655,2019-06,W6Y041,중문동,1097149.0,535.0
1656,2019-07,W6Y041,중문동,682750.0,424.0
1657,2019-08,W6Y041,중문동,733200.0,435.0
1658,2019-09,W6Y041,중문동,619550.0,388.0
1659,2019-10,W6Y041,중문동,546750.0,370.0
1660,2019-11,W6Y041,중문동,522350.0,346.0
1661,2019-12,W6Y041,중문동,516450.0,287.0
1662,2020-01,W6Y041,중문동,588200.0,296.0
1663,2020-02,W6Y041,중문동,419200.0,252.0
1664,2020-03,W6Y041,중문동,504650.0,299.0
1665,2020-04,W6Y041,중문동,543750.0,341.0
1666,2020-05,W6Y041,중문동,521100.0,358.0
1667,2020-06,W6Y041,중문동,517200.0,356.0
1668,2020-07,W6Y041,중문동,582900.0,387.0
1669,2020-08,W6Y041,중문동,543600.0,384.0
1670,2020-09,W6Y041,중문동,490500.0,344.0
1671,2020-10,W6Y041,중문동,476550.0,369.0
1672,2020-11,W6Y041,중문동,559550.0,343.0
1673,2020-12,W6Y041,중문동,529200.0,290.0
1674,2021-01,W6Y041,중문동,541800.0,272.0
1675,2021-02,W6Y041,중문동,427650.0,251.0
1676,2021-03,W6Y041,중문동,463850.0,281.0
1677,2021-04,W6Y041,중문동,,
1678,2021-05,W6Y041,중문동,484950.0,306.0
1679,2021-06,W6Y041,중문동,631600.0,365.0
1680,2018-01,W6Y044,대정읍,,
1681,2018-02,W6Y044,대정읍,,
1682,2018-03,W6Y044,대정읍,,
1683,2018-04,W6Y044,대정읍,,
1684,2018-05,W6Y044,대정읍,,
1685,2018-06,W6Y044,대정읍,,
1686,2018-07,W6Y044,대정읍,,
1687,2018-08,W6Y044,대정읍,,
1688,2018-09,W6Y044,대정읍,,
1689,2018-10,W6Y044,대정읍,,
1690,2018-11,W6Y044,대정읍,,
1691,2018-12,W6Y044,대정읍,,
1692,2019-01,W6Y044,대정읍,,
1693,2019-02,W6Y044,대정읍,,
1694,2019-03,W6Y044,대정읍,,
1695,2019-04,W6Y044,대정읍,,
1696,2019-05,W6Y044,대정읍,,
1697,2019-06,W6Y044,대정읍,,
1698,2019-07,W6Y044,대정읍,,
1699,2019-08,W6Y044,대정읍,,
1700,2019-09,W6Y044,대정읍,,
1701,2019-10,W6Y044,대정읍,,
1702,2019-11,W6Y044,대정읍,,
1703,2019-12,W6Y044,대정읍,,
1704,2020-01,W6Y044,대정읍,,
1705,2020-02,W6Y044,대정읍,,
1706,2020-03,W6Y044,대정읍,,
1707,2020-04,W6Y044,대정읍,,
1708,2020-05,W6Y044,대정읍,,
1709,2020-06,W6Y044,대정읍,,
1710,2020-07,W6Y044,대정읍,,
1711,2020-08,W6Y044,대정읍,,
1712,2020-09,W6Y044,대정읍,,
1713,2020-10,W6Y044,대정읍,,
1714,2020-11,W6Y044,대정읍,,
1715,2020-12,W6Y044,대정읍,,
1716,2021-01,W6Y044,대정읍,,
1717,2021-02,W6Y044,대정읍,,
1718,2021-03,W6Y044,대정읍,,
1719,2021-04,W6Y044,대정읍,,
1720,2021-05,W6Y044,대정읍,,
1721,2021-06,W6Y044,대정읍,,
1722,2018-01,W6Y045,서홍동,3738050.0,1398.0
1723,2018-02,W6Y045,서홍동,3270350.0,1224.0
1724,2018-03,W6Y045,서홍동,3170500.0,1204.0
1725,2018-04,W6Y045,서홍동,3311800.0,1428.0
1726,2018-05,W6Y045,서홍동,3680500.0,1775.0
1727,2018-06,W6Y045,서홍동,3740050.0,1802.0
1728,2018-07,W6Y045,서홍동,4748250.0,2200.0
1729,2018-08,W6Y045,서홍동,4583400.0,2224.0
1730,2018-09,W6Y045,서홍동,4362350.0,2230.0
1731,2018-10,W6Y045,서홍동,3524950.0,1732.0
1732,2018-11,W6Y045,서홍동,3322500.0,1593.0
1733,2018-12,W6Y045,서홍동,4188900.0,1751.0
1734,2019-01,W6Y045,서홍동,1135500.0,426.0
1735,2019-02,W6Y045,서홍동,,
1736,2019-03,W6Y045,서홍동,,
1737,2019-04,W6Y045,서홍동,,
1738,2019-05,W6Y045,서홍동,2923150.0,1351.0
1739,2019-06,W6Y045,서홍동,3889400.0,1884.0
1740,2019-07,W6Y045,서홍동,4283850.0,1939.0
1741,2019-08,W6Y045,서홍동,4500500.0,2185.0
1742,2019-09,W6Y045,서홍동,3870950.0,1856.0
1743,2019-10,W6Y045,서홍동,2249800.0,1165.0
1744,2019-11,W6Y045,서홍동,2356400.0,1128.0
1745,2019-12,W6Y045,서홍동,2908650.0,1225.0
1746,2020-01,W6Y045,서홍동,2395200.0,969.0
1747,2020-02,W6Y045,서홍동,1941600.0,823.0
1748,2020-03,W6Y045,서홍동,2065800.0,878.0
1749,2020-04,W6Y045,서홍동,1848350.0,879.0
1750,2020-05,W6Y045,서홍동,1995400.0,943.0
1751,2020-06,W6Y045,서홍동,1839900.0,827.0
1752,2020-07,W6Y045,서홍동,1486150.0,710.0
1753,2020-08,W6Y045,서홍동,6191250.0,3017.0
1754,2020-09,W6Y045,서홍동,5317400.0,2675.0
1755,2020-10,W6Y045,서홍동,5308050.0,2625.0
1756,2020-11,W6Y045,서홍동,4589050.0,2044.0
1757,2020-12,W6Y045,서홍동,4413450.0,1825.0
1758,2021-01,W6Y045,서홍동,4499500.0,1821.0
1759,2021-02,W6Y045,서홍동,4836400.0,1957.0
1760,2021-03,W6Y045,서홍동,4609500.0,1995.0
1761,2021-04,W6Y045,서홍동,,
1762,2021-05,W6Y045,서홍동,4781300.0,2316.0
1763,2021-06,W6Y045,서홍동,4323350.0,2143.0
1764,2018-01,W6Y046,동홍동,2043550.0,843.0
1765,2018-02,W6Y046,동홍동,1940350.0,817.0
1766,2018-03,W6Y046,동홍동,2160800.0,888.0
1767,2018-04,W6Y046,동홍동,1875900.0,900.0
1768,2018-05,W6Y046,동홍동,1901550.0,961.0
1769,2018-06,W6Y046,동홍동,1973250.0,1027.0
1770,2018-07,W6Y046,동홍동,2383300.0,1240.0
1771,2018-08,W6Y046,동홍동,2224400.0,1205.0
1772,2018-09,W6Y046,동홍동,2000150.0,1080.0
1773,2018-10,W6Y046,동홍동,1822350.0,983.0
1774,2018-11,W6Y046,동홍동,1790500.0,878.0
1775,2018-12,W6Y046,동홍동,1982150.0,917.0
1776,2019-01,W6Y046,동홍동,1436600.0,690.0
1777,2019-02,W6Y046,동홍동,1044900.0,422.0
1778,2019-03,W6Y046,동홍동,1003250.0,464.0
1779,2019-04,W6Y046,동홍동,995350.0,533.0
1780,2019-05,W6Y046,동홍동,1561650.0,854.0
1781,2019-06,W6Y046,동홍동,1716450.0,1015.0
1782,2019-07,W6Y046,동홍동,1896800.0,1139.0
1783,2019-08,W6Y046,동홍동,1957800.0,1182.0
1784,2019-09,W6Y046,동홍동,1875000.0,1128.0
1785,2019-10,W6Y046,동홍동,1586150.0,1105.0
1786,2019-11,W6Y046,동홍동,1580400.0,946.0
1787,2019-12,W6Y046,동홍동,1748500.0,908.0
1788,2020-01,W6Y046,동홍동,1976050.0,1001.0
1789,2020-02,W6Y046,동홍동,1897200.0,892.0
1790,2020-03,W6Y046,동홍동,1928000.0,1011.0
1791,2020-04,W6Y046,동홍동,1656500.0,928.0
1792,2020-05,W6Y046,동홍동,1689300.0,977.0
1793,2020-06,W6Y046,동홍동,1903500.0,1080.0
1794,2020-07,W6Y046,동홍동,1925650.0,1146.0
1795,2020-08,W6Y046,동홍동,818750.0,503.0
1796,2020-09,W6Y046,동홍동,,
1797,2020-10,W6Y046,동홍동,,
1798,2020-11,W6Y046,동홍동,,
1799,2020-12,W6Y046,동홍동,,
1800,2021-01,W6Y046,동홍동,,
1801,2021-02,W6Y046,동홍동,,
1802,2021-03,W6Y046,동홍동,,
1803,2021-04,W6Y046,동홍동,,
1804,2021-05,W6Y046,동홍동,,
1805,2021-06,W6Y046,동홍동,,
1806,2018-01,W6Y047,동홍동,838650.0,282.0
1807,2018-02,W6Y047,동홍동,847550.0,302.0
1808,2018-03,W6Y047,동홍동,896050.0,298.0
1809,2018-04,W6Y047,동홍동,955050.0,327.0
1810,2018-05,W6Y047,동홍동,817350.0,334.0
1811,2018-06,W6Y047,동홍동,875750.0,371.0
1812,2018-07,W6Y047,동홍동,1006950.0,435.0
1813,2018-08,W6Y047,동홍동,918850.0,434.0
1814,2018-09,W6Y047,동홍동,800550.0,450.0
1815,2018-10,W6Y047,동홍동,747900.0,370.0
1816,2018-11,W6Y047,동홍동,790900.0,360.0
1817,2018-12,W6Y047,동홍동,777750.0,309.0
1818,2019-01,W6Y047,동홍동,787400.0,325.0
1819,2019-02,W6Y047,동홍동,616200.0,226.0
1820,2019-03,W6Y047,동홍동,135650.0,55.0
1821,2019-04,W6Y047,동홍동,256050.0,59.0
1822,2019-05,W6Y047,동홍동,556150.0,253.0
1823,2019-06,W6Y047,동홍동,866950.0,400.0
1824,2019-07,W6Y047,동홍동,966500.0,402.0
1825,2019-08,W6Y047,동홍동,953350.0,440.0
1826,2019-09,W6Y047,동홍동,989700.0,426.0
1827,2019-10,W6Y047,동홍동,692800.0,352.0
1828,2019-11,W6Y047,동홍동,714950.0,318.0
1829,2019-12,W6Y047,동홍동,717600.0,304.0
1830,2020-01,W6Y047,동홍동,942500.0,350.0
1831,2020-02,W6Y047,동홍동,771500.0,282.0
1832,2020-03,W6Y047,동홍동,932850.0,349.0
1833,2020-04,W6Y047,동홍동,721400.0,304.0
1834,2020-05,W6Y047,동홍동,724350.0,352.0
1835,2020-06,W6Y047,동홍동,838400.0,387.0
1836,2020-07,W6Y047,동홍동,828850.0,411.0
1837,2020-08,W6Y047,동홍동,943300.0,468.0
1838,2020-09,W6Y047,동홍동,838750.0,428.0
1839,2020-10,W6Y047,동홍동,722850.0,401.0
1840,2020-11,W6Y047,동홍동,722650.0,364.0
1841,2020-12,W6Y047,동홍동,808100.0,375.0
1842,2021-01,W6Y047,동홍동,868150.0,377.0
1843,2021-02,W6Y047,동홍동,812900.0,333.0
1844,2021-03,W6Y047,동홍동,757900.0,309.0
1845,2021-04,W6Y047,동홍동,,
1846,2021-05,W6Y047,동홍동,712050.0,352.0
1847,2021-06,W6Y047,동홍동,764450.0,406.0
1848,2018-01,W6Y049,대천동,1153900.0,434.0
1849,2018-02,W6Y049,대천동,1051400.0,391.0
1850,2018-03,W6Y049,대천동,1167500.0,419.0
1851,2018-04,W6Y049,대천동,1136200.0,451.0
1852,2018-05,W6Y049,대천동,1178950.0,441.0
1853,2018-06,W6Y049,대천동,1136450.0,461.0
1854,2018-07,W6Y049,대천동,1304550.0,500.0
1855,2018-08,W6Y049,대천동,1233950.0,532.0
1856,2018-09,W6Y049,대천동,1206650.0,536.0
1857,2018-10,W6Y049,대천동,1473850.0,552.0
1858,2018-11,W6Y049,대천동,1309000.0,500.0
1859,2018-12,W6Y049,대천동,1370000.0,494.0
1860,2019-01,W6Y049,대천동,1299700.0,536.0
1861,2019-02,W6Y049,대천동,958100.0,384.0
1862,2019-03,W6Y049,대천동,92200.0,41.0
1863,2019-04,W6Y049,대천동,,
1864,2019-05,W6Y049,대천동,750250.0,342.0
1865,2019-06,W6Y049,대천동,1058100.0,488.0
1866,2019-07,W6Y049,대천동,1107150.0,532.0
1867,2019-08,W6Y049,대천동,1599200.0,595.0
1868,2019-09,W6Y049,대천동,1338850.0,536.0
1869,2019-10,W6Y049,대천동,1367300.0,494.0
1870,2019-11,W6Y049,대천동,1433250.0,489.0
1871,2019-12,W6Y049,대천동,1351150.0,453.0
1872,2020-01,W6Y049,대천동,1354600.0,453.0
1873,2020-02,W6Y049,대천동,1063650.0,432.0
1874,2020-03,W6Y049,대천동,1063800.0,438.0
1875,2020-04,W6Y049,대천동,1095400.0,453.0
1876,2020-05,W6Y049,대천동,764400.0,396.0
1877,2020-06,W6Y049,대천동,978750.0,430.0
1878,2020-07,W6Y049,대천동,855150.0,411.0
1879,2020-08,W6Y049,대천동,984400.0,441.0
1880,2020-09,W6Y049,대천동,768250.0,384.0
1881,2020-10,W6Y049,대천동,904950.0,426.0
1882,2020-11,W6Y049,대천동,788250.0,318.0
1883,2020-12,W6Y049,대천동,957900.0,408.0
1884,2021-01,W6Y049,대천동,1013700.0,390.0
1885,2021-02,W6Y049,대천동,911400.0,351.0
1886,2021-03,W6Y049,대천동,999850.0,389.0
1887,2021-04,W6Y049,대천동,,
1888,2021-05,W6Y049,대천동,1012750.0,435.0
1889,2021-06,W6Y049,대천동,948800.0,406.0
1890,2018-01,W6Y050,대천동,638650.0,294.0
1891,2018-02,W6Y050,대천동,576350.0,296.0
1892,2018-03,W6Y050,대천동,592450.0,288.0
1893,2018-04,W6Y050,대천동,483000.0,301.0
1894,2018-05,W6Y050,대천동,555950.0,344.0
1895,2018-06,W6Y050,대천동,563000.0,352.0
1896,2018-07,W6Y050,대천동,712200.0,450.0
1897,2018-08,W6Y050,대천동,627400.0,399.0
1898,2018-09,W6Y050,대천동,590700.0,407.0
1899,2018-10,W6Y050,대천동,507600.0,368.0
1900,2018-11,W6Y050,대천동,498350.0,354.0
1901,2018-12,W6Y050,대천동,588700.0,336.0
1902,2019-01,W6Y050,대천동,524450.0,313.0
1903,2019-02,W6Y050,대천동,467950.0,268.0
1904,2019-03,W6Y050,대천동,,
1905,2019-04,W6Y050,대천동,,
1906,2019-05,W6Y050,대천동,383600.0,239.0
1907,2019-06,W6Y050,대천동,600500.0,380.0
1908,2019-07,W6Y050,대천동,607550.0,370.0
1909,2019-08,W6Y050,대천동,627450.0,394.0
1910,2019-09,W6Y050,대천동,573250.0,363.0
1911,2019-10,W6Y050,대천동,459300.0,363.0
1912,2019-11,W6Y050,대천동,567250.0,358.0
1913,2019-12,W6Y050,대천동,592150.0,337.0
1914,2020-01,W6Y050,대천동,629150.0,326.0
1915,2020-02,W6Y050,대천동,673900.0,308.0
1916,2020-03,W6Y050,대천동,745450.0,339.0
1917,2020-04,W6Y050,대천동,597800.0,328.0
1918,2020-05,W6Y050,대천동,665150.0,384.0
1919,2020-06,W6Y050,대천동,732050.0,384.0
1920,2020-07,W6Y050,대천동,565750.0,382.0
1921,2020-08,W6Y050,대천동,593000.0,399.0
1922,2020-09,W6Y050,대천동,536000.0,383.0
1923,2020-10,W6Y050,대천동,571450.0,349.0
1924,2020-11,W6Y050,대천동,645050.0,337.0
1925,2020-12,W6Y050,대천동,548000.0,324.0
1926,2021-01,W6Y050,대천동,533900.0,347.0
1927,2021-02,W6Y050,대천동,532100.0,311.0
1928,2021-03,W6Y050,대천동,535550.0,324.0
1929,2021-04,W6Y050,대천동,,
1930,2021-05,W6Y050,대천동,638600.0,350.0
1931,2021-06,W6Y050,대천동,639250.0,356.0
1932,2018-01,W6Y051,대륜동,2173750.0,791.0
1933,2018-02,W6Y051,대륜동,2086750.0,721.0
1934,2018-03,W6Y051,대륜동,2208800.0,822.0
1935,2018-04,W6Y051,대륜동,1972100.0,768.0
1936,2018-05,W6Y051,대륜동,1902900.0,804.0
1937,2018-06,W6Y051,대륜동,1860100.0,844.0
1938,2018-07,W6Y051,대륜동,2071100.0,1008.0
1939,2018-08,W6Y051,대륜동,1935050.0,949.0
1940,2018-09,W6Y051,대륜동,1986700.0,937.0
1941,2018-10,W6Y051,대륜동,1756700.0,789.0
1942,2018-11,W6Y051,대륜동,1918050.0,831.0
1943,2018-12,W6Y051,대륜동,1917150.0,771.0
1944,2019-01,W6Y051,대륜동,1936750.0,775.0
1945,2019-02,W6Y051,대륜동,1319200.0,504.0
1946,2019-03,W6Y051,대륜동,631900.0,174.0
1947,2019-04,W6Y051,대륜동,604150.0,167.0
1948,2019-05,W6Y051,대륜동,1746450.0,685.0
1949,2019-06,W6Y051,대륜동,1369000.0,634.0
1950,2019-07,W6Y051,대륜동,2467350.0,1055.0
1951,2019-08,W6Y051,대륜동,2391600.0,1050.0
1952,2019-09,W6Y051,대륜동,2399400.0,1057.0
1953,2019-10,W6Y051,대륜동,2371550.0,1033.0
1954,2019-11,W6Y051,대륜동,2189550.0,966.0
1955,2019-12,W6Y051,대륜동,2418750.0,900.0
1956,2020-01,W6Y051,대륜동,2545400.0,914.0
1957,2020-02,W6Y051,대륜동,2421650.0,866.0
1958,2020-03,W6Y051,대륜동,2590400.0,997.0
1959,2020-04,W6Y051,대륜동,2214300.0,877.0
1960,2020-05,W6Y051,대륜동,2269400.0,934.0
1961,2020-06,W6Y051,대륜동,2228750.0,979.0
1962,2020-07,W6Y051,대륜동,2635200.0,1127.0
1963,2020-08,W6Y051,대륜동,2862300.0,1243.0
1964,2020-09,W6Y051,대륜동,2312850.0,1073.0
1965,2020-10,W6Y051,대륜동,2496800.0,1109.0
1966,2020-11,W6Y051,대륜동,2339200.0,955.0
1967,2020-12,W6Y051,대륜동,2527250.0,878.0
1968,2021-01,W6Y051,대륜동,2760850.0,907.0
1969,2021-02,W6Y051,대륜동,1993500.0,638.0
1970,2021-03,W6Y051,대륜동,2669150.0,904.0
1971,2021-04,W6Y051,대륜동,,
1972,2021-05,W6Y051,대륜동,1871950.0,707.0
1973,2021-06,W6Y051,대륜동,675000.0,277.0
1974,2018-01,W6Y052,대륜동,467800.0,197.0
1975,2018-02,W6Y052,대륜동,425150.0,169.0
1976,2018-03,W6Y052,대륜동,482350.0,185.0
1977,2018-04,W6Y052,대륜동,461400.0,208.0
1978,2018-05,W6Y052,대륜동,432200.0,225.0
1979,2018-06,W6Y052,대륜동,532700.0,240.0
1980,2018-07,W6Y052,대륜동,629600.0,305.0
1981,2018-08,W6Y052,대륜동,524550.0,251.0
1982,2018-09,W6Y052,대륜동,441650.0,222.0
1983,2018-10,W6Y052,대륜동,451350.0,222.0
1984,2018-11,W6Y052,대륜동,411000.0,204.0
1985,2018-12,W6Y052,대륜동,404250.0,191.0
1986,2019-01,W6Y052,대륜동,492350.0,213.0
1987,2019-02,W6Y052,대륜동,407150.0,169.0
1988,2019-03,W6Y052,대륜동,295150.0,137.0
1989,2019-04,W6Y052,대륜동,272700.0,133.0
1990,2019-05,W6Y052,대륜동,395400.0,205.0
1991,2019-06,W6Y052,대륜동,490900.0,236.0
1992,2019-07,W6Y052,대륜동,564200.0,266.0
1993,2019-08,W6Y052,대륜동,486000.0,254.0
1994,2019-09,W6Y052,대륜동,446550.0,234.0
1995,2019-10,W6Y052,대륜동,438150.0,231.0
1996,2019-11,W6Y052,대륜동,405300.0,185.0
1997,2019-12,W6Y052,대륜동,425850.0,184.0
1998,2020-01,W6Y052,대륜동,521200.0,205.0
1999,2020-02,W6Y052,대륜동,437050.0,176.0
2000,2020-03,W6Y052,대륜동,576800.0,235.0
2001,2020-04,W6Y052,대륜동,433750.0,196.0
2002,2020-05,W6Y052,대륜동,453400.0,211.0
2003,2020-06,W6Y052,대륜동,516650.0,229.0
2004,2020-07,W6Y052,대륜동,456800.0,233.0
2005,2020-08,W6Y052,대륜동,474500.0,227.0
2006,2020-09,W6Y052,대륜동,455000.0,222.0
2007,2020-10,W6Y052,대륜동,449000.0,230.0
2008,2020-11,W6Y052,대륜동,461950.0,203.0
2009,2020-12,W6Y052,대륜동,463050.0,209.0
2010,2021-01,W6Y052,대륜동,496700.0,196.0
2011,2021-02,W6Y052,대륜동,535150.0,199.0
2012,2021-03,W6Y052,대륜동,457900.0,207.0
2013,2021-04,W6Y052,대륜동,,
2014,2021-05,W6Y052,대륜동,481150.0,229.0
2015,2021-06,W6Y052,대륜동,561250.0,264.0
2016,2018-01,W6Y054,대정읍,,
2017,2018-02,W6Y054,대정읍,,
2018,2018-03,W6Y054,대정읍,,
2019,2018-04,W6Y054,대정읍,,
2020,2018-05,W6Y054,대정읍,,
2021,2018-06,W6Y054,대정읍,,
2022,2018-07,W6Y054,대정읍,1947900.0,130.0
2023,2018-08,W6Y054,대정읍,2592850.0,178.0
2024,2018-09,W6Y054,대정읍,2222150.0,166.0
2025,2018-10,W6Y054,대정읍,2522800.0,170.0
2026,2018-11,W6Y054,대정읍,2560400.0,189.0
2027,2018-12,W6Y054,대정읍,1852250.0,146.0
2028,2019-01,W6Y054,대정읍,2727000.0,194.0
2029,2019-02,W6Y054,대정읍,1608850.0,106.0
2030,2019-03,W6Y054,대정읍,1758100.0,119.0
2031,2019-04,W6Y054,대정읍,1641850.0,118.0
2032,2019-05,W6Y054,대정읍,1803900.0,127.0
2033,2019-06,W6Y054,대정읍,2327250.0,184.0
2034,2019-07,W6Y054,대정읍,1954600.0,178.0
2035,2019-08,W6Y054,대정읍,2124700.0,173.0
2036,2019-09,W6Y054,대정읍,2119550.0,182.0
2037,2019-10,W6Y054,대정읍,2720700.0,215.0
2038,2019-11,W6Y054,대정읍,2558350.0,193.0
2039,2019-12,W6Y054,대정읍,2211350.0,186.0
2040,2020-01,W6Y054,대정읍,2705350.0,196.0
2041,2020-02,W6Y054,대정읍,1861400.0,162.0
2042,2020-03,W6Y054,대정읍,1591850.0,163.0
2043,2020-04,W6Y054,대정읍,1470350.0,169.0
2044,2020-05,W6Y054,대정읍,2132650.0,179.0
2045,2020-06,W6Y054,대정읍,2272600.0,174.0
2046,2020-07,W6Y054,대정읍,2522500.0,196.0
2047,2020-08,W6Y054,대정읍,4274500.0,289.0
2048,2020-09,W6Y054,대정읍,2886400.0,247.0
2049,2020-10,W6Y054,대정읍,4322200.0,299.0
2050,2020-11,W6Y054,대정읍,3795300.0,275.0
2051,2020-12,W6Y054,대정읍,2380300.0,248.0
2052,2021-01,W6Y054,대정읍,1644700.0,150.0
2053,2021-02,W6Y054,대정읍,1858900.0,169.0
2054,2021-03,W6Y054,대정읍,2726950.0,244.0
2055,2021-04,W6Y054,대정읍,,
2056,2021-05,W6Y054,대정읍,3270200.0,288.0
2057,2021-06,W6Y054,대정읍,3565000.0,318.0
2058,2018-01,W6Y055,예래동,,
2059,2018-02,W6Y055,예래동,,
2060,2018-03,W6Y055,예래동,,
2061,2018-04,W6Y055,예래동,,
2062,2018-05,W6Y055,예래동,,
2063,2018-06,W6Y055,예래동,,
2064,2018-07,W6Y055,예래동,,
2065,2018-08,W6Y055,예래동,,
2066,2018-09,W6Y055,예래동,,
2067,2018-10,W6Y055,예래동,,
2068,2018-11,W6Y055,예래동,,
2069,2018-12,W6Y055,예래동,,
2070,2019-01,W6Y055,예래동,,
2071,2019-02,W6Y055,예래동,,
2072,2019-03,W6Y055,예래동,,
2073,2019-04,W6Y055,예래동,,
2074,2019-05,W6Y055,예래동,,
2075,2019-06,W6Y055,예래동,,
2076,2019-07,W6Y055,예래동,,
2077,2019-08,W6Y055,예래동,,
2078,2019-09,W6Y055,예래동,,
2079,2019-10,W6Y055,예래동,,
2080,2019-11,W6Y055,예래동,,
2081,2019-12,W6Y055,예래동,,
2082,2020-01,W6Y055,예래동,,
2083,2020-02,W6Y055,예래동,,
2084,2020-03,W6Y055,예래동,,
2085,2020-04,W6Y055,예래동,,
2086,2020-05,W6Y055,예래동,,
2087,2020-06,W6Y055,예래동,,
2088,2020-07,W6Y055,예래동,,
2089,2020-08,W6Y055,예래동,,
2090,2020-09,W6Y055,예래동,,
2091,2020-10,W6Y055,예래동,,
2092,2020-11,W6Y055,예래동,,
2093,2020-12,W6Y055,예래동,,
2094,2021-01,W6Y055,예래동,,
2095,2021-02,W6Y055,예래동,,
2096,2021-03,W6Y055,예래동,,
2097,2021-04,W6Y055,예래동,,
2098,2021-05,W6Y055,예래동,,
2099,2021-06,W6Y055,예래동,,
2100,2018-01,W6Y056,대천동,,
2101,2018-02,W6Y056,대천동,,
2102,2018-03,W6Y056,대천동,,
2103,2018-04,W6Y056,대천동,,
2104,2018-05,W6Y056,대천동,,
2105,2018-06,W6Y056,대천동,,
2106,2018-07,W6Y056,대천동,,
2107,2018-08,W6Y056,대천동,,
2108,2018-09,W6Y056,대천동,,
2109,2018-10,W6Y056,대천동,,
2110,2018-11,W6Y056,대천동,,
2111,2018-12,W6Y056,대천동,,
2112,2019-01,W6Y056,대천동,,
2113,2019-02,W6Y056,대천동,,
2114,2019-03,W6Y056,대천동,,
2115,2019-04,W6Y056,대천동,,
2116,2019-05,W6Y056,대천동,,
2117,2019-06,W6Y056,대천동,,
2118,2019-07,W6Y056,대천동,,
2119,2019-08,W6Y056,대천동,,
2120,2019-09,W6Y056,대천동,,
2121,2019-10,W6Y056,대천동,,
2122,2019-11,W6Y056,대천동,,
2123,2019-12,W6Y056,대천동,,
2124,2020-01,W6Y056,대천동,,
2125,2020-02,W6Y056,대천동,,
2126,2020-03,W6Y056,대천동,,
2127,2020-04,W6Y056,대천동,,
2128,2020-05,W6Y056,대천동,,
2129,2020-06,W6Y056,대천동,,
2130,2020-07,W6Y056,대천동,,
2131,2020-08,W6Y056,대천동,,
2132,2020-09,W6Y056,대천동,,
2133,2020-10,W6Y056,대천동,,
2134,2020-11,W6Y056,대천동,,
2135,2020-12,W6Y056,대천동,,
2136,2021-01,W6Y056,대천동,,
2137,2021-02,W6Y056,대천동,,
2138,2021-03,W6Y056,대천동,,
2139,2021-04,W6Y056,대천동,,
2140,2021-05,W6Y056,대천동,,
2141,2021-06,W6Y056,대천동,,
2142,2018-01,W6Y057,정방동,286700.0,50.0
2143,2018-02,W6Y057,정방동,,
2144,2018-03,W6Y057,정방동,,
2145,2018-04,W6Y057,정방동,,
2146,2018-05,W6Y057,정방동,,
2147,2018-06,W6Y057,정방동,,
2148,2018-07,W6Y057,정방동,,
2149,2018-08,W6Y057,정방동,,
2150,2018-09,W6Y057,정방동,,
2151,2018-10,W6Y057,정방동,,
2152,2018-11,W6Y057,정방동,,
2153,2018-12,W6Y057,정방동,,
2154,2019-01,W6Y057,정방동,,
2155,2019-02,W6Y057,정방동,,
2156,2019-03,W6Y057,정방동,,
2157,2019-04,W6Y057,정방동,,
2158,2019-05,W6Y057,정방동,,
2159,2019-06,W6Y057,정방동,1740050.0,461.0
2160,2019-07,W6Y057,정방동,5237750.0,1288.0
2161,2019-08,W6Y057,정방동,4449350.0,1157.0
2162,2019-09,W6Y057,정방동,4128850.0,1073.0
2163,2019-10,W6Y057,정방동,4182050.0,1091.0
2164,2019-11,W6Y057,정방동,3932650.0,1027.0
2165,2019-12,W6Y057,정방동,6166750.0,1364.0
2166,2020-01,W6Y057,정방동,4322550.0,813.0
2167,2020-02,W6Y057,정방동,3728000.0,766.0
2168,2020-03,W6Y057,정방동,4083950.0,860.0
2169,2020-04,W6Y057,정방동,3952300.0,884.0
2170,2020-05,W6Y057,정방동,4036850.0,946.0
2171,2020-06,W6Y057,정방동,4344950.0,953.0
2172,2020-07,W6Y057,정방동,2780500.0,593.0
2173,2020-08,W6Y057,정방동,6179100.0,1464.0
2174,2020-09,W6Y057,정방동,4616500.0,1187.0
2175,2020-10,W6Y057,정방동,5045850.0,1167.0
2176,2020-11,W6Y057,정방동,5048750.0,1124.0
2177,2020-12,W6Y057,정방동,4010200.0,1013.0
2178,2021-01,W6Y057,정방동,3680000.0,917.0
2179,2021-02,W6Y057,정방동,4603650.0,1022.0
2180,2021-03,W6Y057,정방동,5768450.0,1187.0
2181,2021-04,W6Y057,정방동,,
2182,2021-05,W6Y057,정방동,4525600.0,1036.0
2183,2021-06,W6Y057,정방동,3688800.0,1060.0
2184,2018-01,W6Y058,정방동,10211100.0,1750.0
2185,2018-02,W6Y058,정방동,9281250.0,1519.0
2186,2018-03,W6Y058,정방동,9735200.0,1701.0
2187,2018-04,W6Y058,정방동,9567350.0,1679.0
2188,2018-05,W6Y058,정방동,9754250.0,1807.0
2189,2018-06,W6Y058,정방동,9394850.0,1819.0
2190,2018-07,W6Y058,정방동,10553650.0,2055.0
2191,2018-08,W6Y058,정방동,10266750.0,1932.0
2192,2018-09,W6Y058,정방동,10002700.0,1915.0
2193,2018-10,W6Y058,정방동,9544750.0,1811.0
2194,2018-11,W6Y058,정방동,9298900.0,1795.0
2195,2018-12,W6Y058,정방동,10481550.0,1854.0
2196,2019-01,W6Y058,정방동,8974350.0,1666.0
2197,2019-02,W6Y058,정방동,5685700.0,1203.0
2198,2019-03,W6Y058,정방동,3536100.0,956.0
2199,2019-04,W6Y058,정방동,3512400.0,911.0
2200,2019-05,W6Y058,정방동,7216050.0,1555.0
2201,2019-06,W6Y058,정방동,6916900.0,1134.0
2202,2019-07,W6Y058,정방동,5731650.0,931.0
2203,2019-08,W6Y058,정방동,5489750.0,877.0
2204,2019-09,W6Y058,정방동,5329050.0,778.0
2205,2019-10,W6Y058,정방동,5546550.0,809.0
2206,2019-11,W6Y058,정방동,5201900.0,740.0
2207,2019-12,W6Y058,정방동,5259200.0,984.0
2208,2020-01,W6Y058,정방동,6284300.0,1437.0
2209,2020-02,W6Y058,정방동,5838700.0,1482.0
2210,2020-03,W6Y058,정방동,5894000.0,1623.0
2211,2020-04,W6Y058,정방동,5345150.0,1539.0
2212,2020-05,W6Y058,정방동,4458100.0,1302.0
2213,2020-06,W6Y058,정방동,3575550.0,889.0
2214,2020-07,W6Y058,정방동,,
2215,2020-08,W6Y058,정방동,,
2216,2020-09,W6Y058,정방동,,
2217,2020-10,W6Y058,정방동,,
2218,2020-11,W6Y058,정방동,,
2219,2020-12,W6Y058,정방동,,
2220,2021-01,W6Y058,정방동,,
2221,2021-02,W6Y058,정방동,,
2222,2021-03,W6Y058,정방동,,
2223,2021-04,W6Y058,정방동,,
2224,2021-05,W6Y058,정방동,,
2225,2021-06,W6Y058,정방동,,
2226,2018-01,W6Y059,정방동,,
2227,2018-02,W6Y059,정방동,,
2228,2018-03,W6Y059,정방동,,
2229,2018-04,W6Y059,정방동,,
2230,2018-05,W6Y059,정방동,,
2231,2018-06,W6Y059,정방동,,
2232,2018-07,W6Y059,정방동,,
2233,2018-08,W6Y059,정방동,,
2234,2018-09,W6Y059,정방동,,
2235,2018-10,W6Y059,정방동,,
2236,2018-11,W6Y059,정방동,,
2237,2018-12,W6Y059,정방동,,
2238,2019-01,W6Y059,정방동,,
2239,2019-02,W6Y059,정방동,,
2240,2019-03,W6Y059,정방동,,
2241,2019-04,W6Y059,정방동,,
2242,2019-05,W6Y059,정방동,,
2243,2019-06,W6Y059,정방동,1042050.0,210.0
2244,2019-07,W6Y059,정방동,2725100.0,532.0
2245,2019-08,W6Y059,정방동,2772850.0,524.0
2246,2019-09,W6Y059,정방동,1939000.0,473.0
2247,2019-10,W6Y059,정방동,1952700.0,459.0
2248,2019-11,W6Y059,정방동,362150.0,98.0
2249,2019-12,W6Y059,정방동,,
2250,2020-01,W6Y059,정방동,,
2251,2020-02,W6Y059,정방동,,
2252,2020-03,W6Y059,정방동,,
2253,2020-04,W6Y059,정방동,,
2254,2020-05,W6Y059,정방동,,
2255,2020-06,W6Y059,정방동,,
2256,2020-07,W6Y059,정방동,,
2257,2020-08,W6Y059,정방동,,
2258,2020-09,W6Y059,정방동,,
2259,2020-10,W6Y059,정방동,,
2260,2020-11,W6Y059,정방동,,
2261,2020-12,W6Y059,정방동,,
2262,2021-01,W6Y059,정방동,,
2263,2021-02,W6Y059,정방동,5300.0,2.0
2264,2021-03,W6Y059,정방동,,
2265,2021-04,W6Y059,정방동,,
2266,2021-05,W6Y059,정방동,,
2267,2021-06,W6Y059,정방동,,
2268,2018-01,W6Y060,정방동,2339100.0,474.0
2269,2018-02,W6Y060,정방동,1943800.0,458.0
2270,2018-03,W6Y060,정방동,1995600.0,515.0
2271,2018-04,W6Y060,정방동,1815800.0,489.0
2272,2018-05,W6Y060,정방동,2534400.0,596.0
2273,2018-06,W6Y060,정방동,2546150.0,622.0
2274,2018-07,W6Y060,정방동,1989200.0,643.0
2275,2018-08,W6Y060,정방동,2060200.0,635.0
2276,2018-09,W6Y060,정방동,1859150.0,620.0
2277,2018-10,W6Y060,정방동,1868750.0,600.0
2278,2018-11,W6Y060,정방동,1807150.0,546.0
2279,2018-12,W6Y060,정방동,2040750.0,539.0
2280,2019-01,W6Y060,정방동,2442550.0,563.0
2281,2019-02,W6Y060,정방동,1320900.0,312.0
2282,2019-03,W6Y060,정방동,347500.0,88.0
2283,2019-04,W6Y060,정방동,240150.0,67.0
2284,2019-05,W6Y060,정방동,1225000.0,395.0
2285,2019-06,W6Y060,정방동,1771700.0,538.0
2286,2019-07,W6Y060,정방동,1946600.0,613.0
2287,2019-08,W6Y060,정방동,1977750.0,630.0
2288,2019-09,W6Y060,정방동,1711000.0,581.0
2289,2019-10,W6Y060,정방동,1716800.0,576.0
2290,2019-11,W6Y060,정방동,2351550.0,608.0
2291,2019-12,W6Y060,정방동,2391550.0,586.0
2292,2020-01,W6Y060,정방동,2965400.0,570.0
2293,2020-02,W6Y060,정방동,2013300.0,487.0
2294,2020-03,W6Y060,정방동,2174500.0,610.0
2295,2020-04,W6Y060,정방동,2009400.0,554.0
2296,2020-05,W6Y060,정방동,2913450.0,734.0
2297,2020-06,W6Y060,정방동,2584550.0,661.0
2298,2020-07,W6Y060,정방동,2854550.0,719.0
2299,2020-08,W6Y060,정방동,3514700.0,801.0
2300,2020-09,W6Y060,정방동,3128950.0,723.0
2301,2020-10,W6Y060,정방동,3433000.0,738.0
2302,2020-11,W6Y060,정방동,3612800.0,733.0
2303,2020-12,W6Y060,정방동,3563500.0,728.0
2304,2021-01,W6Y060,정방동,3539900.0,680.0
2305,2021-02,W6Y060,정방동,2763350.0,563.0
2306,2021-03,W6Y060,정방동,2157950.0,484.0
2307,2021-04,W6Y060,정방동,,
2308,2021-05,W6Y060,정방동,3272600.0,839.0
2309,2021-06,W6Y060,정방동,3517950.0,931.0
2310,2018-01,W6Y061,정방동,,
2311,2018-02,W6Y061,정방동,,
2312,2018-03,W6Y061,정방동,,
2313,2018-04,W6Y061,정방동,,
2314,2018-05,W6Y061,정방동,,
2315,2018-06,W6Y061,정방동,,
2316,2018-07,W6Y061,정방동,,
2317,2018-08,W6Y061,정방동,,
2318,2018-09,W6Y061,정방동,,
2319,2018-10,W6Y061,정방동,,
2320,2018-11,W6Y061,정방동,,
2321,2018-12,W6Y061,정방동,,
2322,2019-01,W6Y061,정방동,,
2323,2019-02,W6Y061,정방동,,
2324,2019-03,W6Y061,정방동,,
2325,2019-04,W6Y061,정방동,,
2326,2019-05,W6Y061,정방동,,
2327,2019-06,W6Y061,정방동,,
2328,2019-07,W6Y061,정방동,,
2329,2019-08,W6Y061,정방동,,
2330,2019-09,W6Y061,정방동,,
2331,2019-10,W6Y061,정방동,,
2332,2019-11,W6Y061,정방동,,
2333,2019-12,W6Y061,정방동,,
2334,2020-01,W6Y061,정방동,,
2335,2020-02,W6Y061,정방동,,
2336,2020-03,W6Y061,정방동,,
2337,2020-04,W6Y061,정방동,,
2338,2020-05,W6Y061,정방동,,
2339,2020-06,W6Y061,정방동,,
2340,2020-07,W6Y061,정방동,,
2341,2020-08,W6Y061,정방동,,
2342,2020-09,W6Y061,정방동,,
2343,2020-10,W6Y061,정방동,,
2344,2020-11,W6Y061,정방동,,
2345,2020-12,W6Y061,정방동,,
2346,2021-01,W6Y061,정방동,,
2347,2021-02,W6Y061,정방동,,
2348,2021-03,W6Y061,정방동,,
2349,2021-04,W6Y061,정방동,,
2350,2021-05,W6Y061,정방동,,
2351,2021-06,W6Y061,정방동,,
2352,2018-01,W6Y062,정방동,35650.0,9.0
2353,2018-02,W6Y062,정방동,,
2354,2018-03,W6Y062,정방동,3023050.0,1065.0
2355,2018-04,W6Y062,정방동,1223500.0,417.0
2356,2018-05,W6Y062,정방동,,
2357,2018-06,W6Y062,정방동,32300.0,16.0
2358,2018-07,W6Y062,정방동,,
2359,2018-08,W6Y062,정방동,,
2360,2018-09,W6Y062,정방동,,
2361,2018-10,W6Y062,정방동,,
2362,2018-11,W6Y062,정방동,,
2363,2018-12,W6Y062,정방동,,
2364,2019-01,W6Y062,정방동,,
2365,2019-02,W6Y062,정방동,,
2366,2019-03,W6Y062,정방동,,
2367,2019-04,W6Y062,정방동,,
2368,2019-05,W6Y062,정방동,,
2369,2019-06,W6Y062,정방동,2948250.0,899.0
2370,2019-07,W6Y062,정방동,6190750.0,1902.0
2371,2019-08,W6Y062,정방동,7009150.0,2216.0
2372,2019-09,W6Y062,정방동,6487600.0,2123.0
2373,2019-10,W6Y062,정방동,6424650.0,2104.0
2374,2019-11,W6Y062,정방동,6380800.0,2023.0
2375,2019-12,W6Y062,정방동,1662900.0,363.0
2376,2020-01,W6Y062,정방동,1818700.0,303.0
2377,2020-02,W6Y062,정방동,1296350.0,231.0
2378,2020-03,W6Y062,정방동,1087250.0,232.0
2379,2020-04,W6Y062,정방동,1032500.0,240.0
2380,2020-05,W6Y062,정방동,1296400.0,248.0
2381,2020-06,W6Y062,정방동,605450.0,143.0
2382,2020-07,W6Y062,정방동,2046550.0,611.0
2383,2020-08,W6Y062,정방동,7577100.0,2217.0
2384,2020-09,W6Y062,정방동,7703350.0,2391.0
2385,2020-10,W6Y062,정방동,8765150.0,2459.0
2386,2020-11,W6Y062,정방동,8641700.0,2366.0
2387,2020-12,W6Y062,정방동,8519400.0,2396.0
2388,2021-01,W6Y062,정방동,7163450.0,2067.0
2389,2021-02,W6Y062,정방동,7777850.0,2117.0
2390,2021-03,W6Y062,정방동,8878400.0,2405.0
2391,2021-04,W6Y062,정방동,,
2392,2021-05,W6Y062,정방동,9109050.0,2550.0
2393,2021-06,W6Y062,정방동,7543950.0,2363.0
2394,2018-01,W6Y063,정방동,8944900.0,2247.0
2395,2018-02,W6Y063,정방동,8427350.0,2008.0
2396,2018-03,W6Y063,정방동,8956800.0,2378.0
2397,2018-04,W6Y063,정방동,7484150.0,2024.0
2398,2018-05,W6Y063,정방동,8424100.0,2436.0
2399,2018-06,W6Y063,정방동,8635450.0,2492.0
2400,2018-07,W6Y063,정방동,8599950.0,2593.0
2401,2018-08,W6Y063,정방동,5813000.0,1862.0
2402,2018-09,W6Y063,정방동,6324750.0,1898.0
2403,2018-10,W6Y063,정방동,6648150.0,2075.0
2404,2018-11,W6Y063,정방동,6568700.0,1895.0
2405,2018-12,W6Y063,정방동,7467700.0,2041.0
2406,2019-01,W6Y063,정방동,1147950.0,311.0
2407,2019-02,W6Y063,정방동,385800.0,114.0
2408,2019-03,W6Y063,정방동,,
2409,2019-04,W6Y063,정방동,,
2410,2019-05,W6Y063,정방동,3737300.0,1258.0
2411,2019-06,W6Y063,정방동,3099150.0,1054.0
2412,2019-07,W6Y063,정방동,990200.0,337.0
2413,2019-08,W6Y063,정방동,888500.0,281.0
2414,2019-09,W6Y063,정방동,651800.0,268.0
2415,2019-10,W6Y063,정방동,590500.0,234.0
2416,2019-11,W6Y063,정방동,446850.0,148.0
2417,2019-12,W6Y063,정방동,509350.0,146.0
2418,2020-01,W6Y063,정방동,423600.0,137.0
2419,2020-02,W6Y063,정방동,387500.0,135.0
2420,2020-03,W6Y063,정방동,390650.0,168.0
2421,2020-04,W6Y063,정방동,335050.0,168.0
2422,2020-05,W6Y063,정방동,288700.0,168.0
2423,2020-06,W6Y063,정방동,284550.0,176.0
2424,2020-07,W6Y063,정방동,627850.0,316.0
2425,2020-08,W6Y063,정방동,1368050.0,601.0
2426,2020-09,W6Y063,정방동,1993400.0,832.0
2427,2020-10,W6Y063,정방동,2101750.0,771.0
2428,2020-11,W6Y063,정방동,2454250.0,726.0
2429,2020-12,W6Y063,정방동,2443950.0,729.0
2430,2021-01,W6Y063,정방동,2263100.0,739.0
2431,2021-02,W6Y063,정방동,2253150.0,674.0
2432,2021-03,W6Y063,정방동,2257400.0,714.0
2433,2021-04,W6Y063,정방동,,
2434,2021-05,W6Y063,정방동,2331900.0,823.0
2435,2021-06,W6Y063,정방동,2662700.0,939.0
2436,2018-01,W6Y064,정방동,1168250.0,441.0
2437,2018-02,W6Y064,정방동,1154050.0,378.0
2438,2018-03,W6Y064,정방동,1339500.0,368.0
2439,2018-04,W6Y064,정방동,914750.0,281.0
2440,2018-05,W6Y064,정방동,908150.0,263.0
2441,2018-06,W6Y064,정방동,846200.0,294.0
2442,2018-07,W6Y064,정방동,1113400.0,428.0
2443,2018-08,W6Y064,정방동,1135450.0,422.0
2444,2018-09,W6Y064,정방동,1099700.0,417.0
2445,2018-10,W6Y064,정방동,910300.0,327.0
2446,2018-11,W6Y064,정방동,1017850.0,319.0
2447,2018-12,W6Y064,정방동,1060900.0,340.0
2448,2019-01,W6Y064,정방동,867300.0,243.0
2449,2019-02,W6Y064,정방동,620600.0,142.0
2450,2019-03,W6Y064,정방동,,
2451,2019-04,W6Y064,정방동,,
2452,2019-05,W6Y064,정방동,917300.0,303.0
2453,2019-06,W6Y064,정방동,1527850.0,500.0
2454,2019-07,W6Y064,정방동,859000.0,283.0
2455,2019-08,W6Y064,정방동,,
2456,2019-09,W6Y064,정방동,,
2457,2019-10,W6Y064,정방동,,
2458,2019-11,W6Y064,정방동,,
2459,2019-12,W6Y064,정방동,,
2460,2020-01,W6Y064,정방동,,
2461,2020-02,W6Y064,정방동,,
2462,2020-03,W6Y064,정방동,,
2463,2020-04,W6Y064,정방동,,
2464,2020-05,W6Y064,정방동,,
2465,2020-06,W6Y064,정방동,,
2466,2020-07,W6Y064,정방동,,
2467,2020-08,W6Y064,정방동,,
2468,2020-09,W6Y064,정방동,,
2469,2020-10,W6Y064,정방동,,
2470,2020-11,W6Y064,정방동,,
2471,2020-12,W6Y064,정방동,,
2472,2021-01,W6Y064,정방동,,
2473,2021-02,W6Y064,정방동,,
2474,2021-03,W6Y064,정방동,,
2475,2021-04,W6Y064,정방동,,
2476,2021-05,W6Y064,정방동,,
2477,2021-06,W6Y064,정방동,974100.0,272.0
2478,2018-01,W6Y065,정방동,1041250.0,437.0
2479,2018-02,W6Y065,정방동,846750.0,363.0
2480,2018-03,W6Y065,정방동,913150.0,394.0
2481,2018-04,W6Y065,정방동,894350.0,384.0
2482,2018-05,W6Y065,정방동,1070250.0,434.0
2483,2018-06,W6Y065,정방동,1513200.0,484.0
2484,2018-07,W6Y065,정방동,1936200.0,549.0
2485,2018-08,W6Y065,정방동,1782450.0,511.0
2486,2018-09,W6Y065,정방동,1426550.0,445.0
2487,2018-10,W6Y065,정방동,1001700.0,395.0
2488,2018-11,W6Y065,정방동,858700.0,388.0
2489,2018-12,W6Y065,정방동,942750.0,364.0
2490,2019-01,W6Y065,정방동,948200.0,363.0
2491,2019-02,W6Y065,정방동,535900.0,182.0
2492,2019-03,W6Y065,정방동,,
2493,2019-04,W6Y065,정방동,,
2494,2019-05,W6Y065,정방동,994700.0,286.0
2495,2019-06,W6Y065,정방동,1454350.0,444.0
2496,2019-07,W6Y065,정방동,1680350.0,486.0
2497,2019-08,W6Y065,정방동,1856250.0,509.0
2498,2019-09,W6Y065,정방동,1333950.0,454.0
2499,2019-10,W6Y065,정방동,1247850.0,430.0
2500,2019-11,W6Y065,정방동,1723900.0,563.0
2501,2019-12,W6Y065,정방동,2184300.0,552.0
2502,2020-01,W6Y065,정방동,2940550.0,627.0
2503,2020-02,W6Y065,정방동,2491900.0,592.0
2504,2020-03,W6Y065,정방동,2378850.0,584.0
2505,2020-04,W6Y065,정방동,2401850.0,596.0
2506,2020-05,W6Y065,정방동,2320150.0,644.0
2507,2020-06,W6Y065,정방동,1931450.0,709.0
2508,2020-07,W6Y065,정방동,2160000.0,743.0
2509,2020-08,W6Y065,정방동,2631900.0,784.0
2510,2020-09,W6Y065,정방동,2088550.0,703.0
2511,2020-10,W6Y065,정방동,2445100.0,757.0
2512,2020-11,W6Y065,정방동,2529800.0,771.0
2513,2020-12,W6Y065,정방동,2284600.0,772.0
2514,2021-01,W6Y065,정방동,1947650.0,787.0
2515,2021-02,W6Y065,정방동,1989300.0,734.0
2516,2021-03,W6Y065,정방동,1938800.0,765.0
2517,2021-04,W6Y065,정방동,,
2518,2021-05,W6Y065,정방동,2497850.0,917.0
2519,2021-06,W6Y065,정방동,716750.0,317.0
2520,2018-01,W6Y066,정방동,,
2521,2018-02,W6Y066,정방동,,
2522,2018-03,W6Y066,정방동,,
2523,2018-04,W6Y066,정방동,,
2524,2018-05,W6Y066,정방동,,
2525,2018-06,W6Y066,정방동,,
2526,2018-07,W6Y066,정방동,,
2527,2018-08,W6Y066,정방동,,
2528,2018-09,W6Y066,정방동,,
2529,2018-10,W6Y066,정방동,,
2530,2018-11,W6Y066,정방동,,
2531,2018-12,W6Y066,정방동,,
2532,2019-01,W6Y066,정방동,,
2533,2019-02,W6Y066,정방동,,
2534,2019-03,W6Y066,정방동,,
2535,2019-04,W6Y066,정방동,,
2536,2019-05,W6Y066,정방동,,
2537,2019-06,W6Y066,정방동,,
2538,2019-07,W6Y066,정방동,,
2539,2019-08,W6Y066,정방동,,
2540,2019-09,W6Y066,정방동,,
2541,2019-10,W6Y066,정방동,,
2542,2019-11,W6Y066,정방동,,
2543,2019-12,W6Y066,정방동,,
2544,2020-01,W6Y066,정방동,,
2545,2020-02,W6Y066,정방동,,
2546,2020-03,W6Y066,정방동,,
2547,2020-04,W6Y066,정방동,,
2548,2020-05,W6Y066,정방동,,
2549,2020-06,W6Y066,정방동,,
2550,2020-07,W6Y066,정방동,,
2551,2020-08,W6Y066,정방동,,
2552,2020-09,W6Y066,정방동,,
2553,2020-10,W6Y066,정방동,,
2554,2020-11,W6Y066,정방동,,
2555,2020-12,W6Y066,정방동,,
2556,2021-01,W6Y066,정방동,,
2557,2021-02,W6Y066,정방동,,
2558,2021-03,W6Y066,정방동,,
2559,2021-04,W6Y066,정방동,,
2560,2021-05,W6Y066,정방동,,
2561,2021-06,W6Y066,정방동,,
2562,2018-01,W6Y067,정방동,390350.0,121.0
2563,2018-02,W6Y067,정방동,570150.0,166.0
2564,2018-03,W6Y067,정방동,1016700.0,243.0
2565,2018-04,W6Y067,정방동,1034750.0,272.0
2566,2018-05,W6Y067,정방동,587650.0,150.0
2567,2018-06,W6Y067,정방동,536900.0,172.0
2568,2018-07,W6Y067,정방동,471800.0,168.0
2569,2018-08,W6Y067,정방동,349950.0,82.0
2570,2018-09,W6Y067,정방동,548250.0,159.0
2571,2018-10,W6Y067,정방동,426300.0,171.0
2572,2018-11,W6Y067,정방동,328850.0,133.0
2573,2018-12,W6Y067,정방동,453550.0,171.0
2574,2019-01,W6Y067,정방동,93500.0,41.0
2575,2019-02,W6Y067,정방동,71750.0,35.0
2576,2019-03,W6Y067,정방동,141650.0,32.0
2577,2019-04,W6Y067,정방동,90700.0,33.0
2578,2019-05,W6Y067,정방동,988100.0,175.0
2579,2019-06,W6Y067,정방동,526550.0,130.0
2580,2019-07,W6Y067,정방동,691700.0,153.0
2581,2019-08,W6Y067,정방동,460900.0,110.0
2582,2019-09,W6Y067,정방동,274050.0,141.0
2583,2019-10,W6Y067,정방동,95150.0,61.0
2584,2019-11,W6Y067,정방동,109200.0,49.0
2585,2019-12,W6Y067,정방동,195700.0,87.0
2586,2020-01,W6Y067,정방동,274400.0,103.0
2587,2020-02,W6Y067,정방동,223800.0,83.0
2588,2020-03,W6Y067,정방동,262900.0,107.0
2589,2020-04,W6Y067,정방동,214600.0,88.0
2590,2020-05,W6Y067,정방동,127350.0,66.0
2591,2020-06,W6Y067,정방동,182650.0,71.0
2592,2020-07,W6Y067,정방동,239550.0,125.0
2593,2020-08,W6Y067,정방동,124650.0,51.0
2594,2020-09,W6Y067,정방동,,
2595,2020-10,W6Y067,정방동,,
2596,2020-11,W6Y067,정방동,7800.0,2.0
2597,2020-12,W6Y067,정방동,1822750.0,447.0
2598,2021-01,W6Y067,정방동,1786050.0,428.0
2599,2021-02,W6Y067,정방동,2027700.0,479.0
2600,2021-03,W6Y067,정방동,2351800.0,478.0
2601,2021-04,W6Y067,정방동,,
2602,2021-05,W6Y067,정방동,2183150.0,550.0
2603,2021-06,W6Y067,정방동,744500.0,198.0
2604,2018-01,W6Y068,중앙동,,
2605,2018-02,W6Y068,중앙동,,
2606,2018-03,W6Y068,중앙동,,
2607,2018-04,W6Y068,중앙동,,
2608,2018-05,W6Y068,중앙동,,
2609,2018-06,W6Y068,중앙동,,
2610,2018-07,W6Y068,중앙동,,
2611,2018-08,W6Y068,중앙동,,
2612,2018-09,W6Y068,중앙동,,
2613,2018-10,W6Y068,중앙동,,
2614,2018-11,W6Y068,중앙동,,
2615,2018-12,W6Y068,중앙동,,
2616,2019-01,W6Y068,중앙동,,
2617,2019-02,W6Y068,중앙동,,
2618,2019-03,W6Y068,중앙동,,
2619,2019-04,W6Y068,중앙동,,
2620,2019-05,W6Y068,중앙동,,
2621,2019-06,W6Y068,중앙동,,
2622,2019-07,W6Y068,중앙동,,
2623,2019-08,W6Y068,중앙동,,
2624,2019-09,W6Y068,중앙동,,
2625,2019-10,W6Y068,중앙동,,
2626,2019-11,W6Y068,중앙동,,
2627,2019-12,W6Y068,중앙동,,
2628,2020-01,W6Y068,중앙동,,
2629,2020-02,W6Y068,중앙동,,
2630,2020-03,W6Y068,중앙동,,
2631,2020-04,W6Y068,중앙동,,
2632,2020-05,W6Y068,중앙동,,
2633,2020-06,W6Y068,중앙동,,
2634,2020-07,W6Y068,중앙동,,
2635,2020-08,W6Y068,중앙동,,
2636,2020-09,W6Y068,중앙동,,
2637,2020-10,W6Y068,중앙동,,
2638,2020-11,W6Y068,중앙동,,
2639,2020-12,W6Y068,중앙동,,
2640,2021-01,W6Y068,중앙동,,
2641,2021-02,W6Y068,중앙동,,
2642,2021-03,W6Y068,중앙동,,
2643,2021-04,W6Y068,중앙동,,
2644,2021-05,W6Y068,중앙동,,
2645,2021-06,W6Y068,중앙동,,
2646,2018-01,W6Y069,중앙동,6370400.0,1807.0
2647,2018-02,W6Y069,중앙동,6279350.0,1803.0
2648,2018-03,W6Y069,중앙동,6399300.0,1992.0
2649,2018-04,W6Y069,중앙동,5493150.0,1955.0
2650,2018-05,W6Y069,중앙동,6058450.0,2167.0
2651,2018-06,W6Y069,중앙동,6292600.0,2320.0
2652,2018-07,W6Y069,중앙동,6892600.0,2623.0
2653,2018-08,W6Y069,중앙동,6435700.0,2554.0
2654,2018-09,W6Y069,중앙동,6081100.0,2356.0
2655,2018-10,W6Y069,중앙동,5794900.0,2161.0
2656,2018-11,W6Y069,중앙동,5908750.0,1938.0
2657,2018-12,W6Y069,중앙동,6250550.0,1980.0
2658,2019-01,W6Y069,중앙동,6470300.0,1990.0
2659,2019-02,W6Y069,중앙동,4110300.0,1266.0
2660,2019-03,W6Y069,중앙동,1612450.0,556.0
2661,2019-04,W6Y069,중앙동,1396650.0,504.0
2662,2019-05,W6Y069,중앙동,4784550.0,1644.0
2663,2019-06,W6Y069,중앙동,6799400.0,2294.0
2664,2019-07,W6Y069,중앙동,7359750.0,2503.0
2665,2019-08,W6Y069,중앙동,7234100.0,2546.0
2666,2019-09,W6Y069,중앙동,7155650.0,2502.0
2667,2019-10,W6Y069,중앙동,5636250.0,2229.0
2668,2019-11,W6Y069,중앙동,5733700.0,2054.0
2669,2019-12,W6Y069,중앙동,5862600.0,1896.0
2670,2020-01,W6Y069,중앙동,6378700.0,2032.0
2671,2020-02,W6Y069,중앙동,5683300.0,1811.0
2672,2020-03,W6Y069,중앙동,6250550.0,2002.0
2673,2020-04,W6Y069,중앙동,5665350.0,1863.0
2674,2020-05,W6Y069,중앙동,6448150.0,2189.0
2675,2020-06,W6Y069,중앙동,6114550.0,2245.0
2676,2020-07,W6Y069,중앙동,5872250.0,2148.0
2677,2020-08,W6Y069,중앙동,2307050.0,847.0
2678,2020-09,W6Y069,중앙동,,
2679,2020-10,W6Y069,중앙동,,
2680,2020-11,W6Y069,중앙동,,
2681,2020-12,W6Y069,중앙동,1189350.0,339.0
2682,2021-01,W6Y069,중앙동,1068200.0,294.0
2683,2021-02,W6Y069,중앙동,1252200.0,345.0
2684,2021-03,W6Y069,중앙동,1476200.0,388.0
2685,2021-04,W6Y069,중앙동,,
2686,2021-05,W6Y069,중앙동,3113050.0,1006.0
2687,2021-06,W6Y069,중앙동,6854150.0,2403.0
2688,2018-01,W6Y070,중앙동,6231400.0,1157.0
2689,2018-02,W6Y070,중앙동,4469150.0,778.0
2690,2018-03,W6Y070,중앙동,4810600.0,851.0
2691,2018-04,W6Y070,중앙동,4091500.0,828.0
2692,2018-05,W6Y070,중앙동,4319400.0,968.0
2693,2018-06,W6Y070,중앙동,4545050.0,1058.0
2694,2018-07,W6Y070,중앙동,5788950.0,1450.0
2695,2018-08,W6Y070,중앙동,5458050.0,1486.0
2696,2018-09,W6Y070,중앙동,4976200.0,1395.0
2697,2018-10,W6Y070,중앙동,4877650.0,1233.0
2698,2018-11,W6Y070,중앙동,4991750.0,1132.0
2699,2018-12,W6Y070,중앙동,6068850.0,1230.0
2700,2019-01,W6Y070,중앙동,5098300.0,1022.0
2701,2019-02,W6Y070,중앙동,3777900.0,728.0
2702,2019-03,W6Y070,중앙동,1523700.0,213.0
2703,2019-04,W6Y070,중앙동,779350.0,120.0
2704,2019-05,W6Y070,중앙동,3312750.0,859.0
2705,2019-06,W6Y070,중앙동,7218750.0,1975.0
2706,2019-07,W6Y070,중앙동,12927400.0,3339.0
2707,2019-08,W6Y070,중앙동,14520750.0,4054.0
2708,2019-09,W6Y070,중앙동,13365350.0,3639.0
2709,2019-10,W6Y070,중앙동,12270100.0,3230.0
2710,2019-11,W6Y070,중앙동,12838250.0,3188.0
2711,2019-12,W6Y070,중앙동,13564700.0,3309.0
2712,2020-01,W6Y070,중앙동,12660450.0,3200.0
2713,2020-02,W6Y070,중앙동,11580300.0,2904.0
2714,2020-03,W6Y070,중앙동,11510650.0,3049.0
2715,2020-04,W6Y070,중앙동,10537900.0,2859.0
2716,2020-05,W6Y070,중앙동,10248500.0,2934.0
2717,2020-06,W6Y070,중앙동,6557150.0,1944.0
2718,2020-07,W6Y070,중앙동,3213300.0,875.0
2719,2020-08,W6Y070,중앙동,11717450.0,3410.0
2720,2020-09,W6Y070,중앙동,11671100.0,3135.0
2721,2020-10,W6Y070,중앙동,12147750.0,3206.0
2722,2020-11,W6Y070,중앙동,11542900.0,2777.0
2723,2020-12,W6Y070,중앙동,12726350.0,2823.0
2724,2021-01,W6Y070,중앙동,10430550.0,2542.0
2725,2021-02,W6Y070,중앙동,11288950.0,2528.0
2726,2021-03,W6Y070,중앙동,10639000.0,2421.0
2727,2021-04,W6Y070,중앙동,,
2728,2021-05,W6Y070,중앙동,9281100.0,2193.0
2729,2021-06,W6Y070,중앙동,9334550.0,2270.0
2730,2018-01,W6Y071,중앙동,5854600.0,1557.0
2731,2018-02,W6Y071,중앙동,6923050.0,1875.0
2732,2018-03,W6Y071,중앙동,8430350.0,2208.0
2733,2018-04,W6Y071,중앙동,7960100.0,2068.0
2734,2018-05,W6Y071,중앙동,7395300.0,2201.0
2735,2018-06,W6Y071,중앙동,7802300.0,2273.0
2736,2018-07,W6Y071,중앙동,7841900.0,2445.0
2737,2018-08,W6Y071,중앙동,6839100.0,2166.0
2738,2018-09,W6Y071,중앙동,6027000.0,2048.0
2739,2018-10,W6Y071,중앙동,5567850.0,2048.0
2740,2018-11,W6Y071,중앙동,5375550.0,1803.0
2741,2018-12,W6Y071,중앙동,5568800.0,1670.0
2742,2019-01,W6Y071,중앙동,6381850.0,1791.0
2743,2019-02,W6Y071,중앙동,3470700.0,1020.0
2744,2019-03,W6Y071,중앙동,,
2745,2019-04,W6Y071,중앙동,,
2746,2019-05,W6Y071,중앙동,4041700.0,1259.0
2747,2019-06,W6Y071,중앙동,3181400.0,986.0
2748,2019-07,W6Y071,중앙동,,
2749,2019-08,W6Y071,중앙동,,
2750,2019-09,W6Y071,중앙동,,
2751,2019-10,W6Y071,중앙동,,
2752,2019-11,W6Y071,중앙동,,
2753,2019-12,W6Y071,중앙동,,
2754,2020-01,W6Y071,중앙동,,
2755,2020-02,W6Y071,중앙동,,
2756,2020-03,W6Y071,중앙동,,
2757,2020-04,W6Y071,중앙동,,
2758,2020-05,W6Y071,중앙동,,
2759,2020-06,W6Y071,중앙동,,
2760,2020-07,W6Y071,중앙동,20650.0,1.0
2761,2020-08,W6Y071,중앙동,,
2762,2020-09,W6Y071,중앙동,,
2763,2020-10,W6Y071,중앙동,,
2764,2020-11,W6Y071,중앙동,,
2765,2020-12,W6Y071,중앙동,,
2766,2021-01,W6Y071,중앙동,,
2767,2021-02,W6Y071,중앙동,,
2768,2021-03,W6Y071,중앙동,,
2769,2021-04,W6Y071,중앙동,,
2770,2021-05,W6Y071,중앙동,,
2771,2021-06,W6Y071,중앙동,,
2772,2018-01,W6Y072,중앙동,3766050.0,1176.0
2773,2018-02,W6Y072,중앙동,3161300.0,1048.0
2774,2018-03,W6Y072,중앙동,3331550.0,1129.0
2775,2018-04,W6Y072,중앙동,3074650.0,1188.0
2776,2018-05,W6Y072,중앙동,2717600.0,1199.0
2777,2018-06,W6Y072,중앙동,2587050.0,1167.0
2778,2018-07,W6Y072,중앙동,3065550.0,1405.0
2779,2018-08,W6Y072,중앙동,2987350.0,1286.0
2780,2018-09,W6Y072,중앙동,2831700.0,1156.0
2781,2018-10,W6Y072,중앙동,3763950.0,1548.0
2782,2018-11,W6Y072,중앙동,3317200.0,1319.0
2783,2018-12,W6Y072,중앙동,3412200.0,1202.0
2784,2019-01,W6Y072,중앙동,2116500.0,844.0
2785,2019-02,W6Y072,중앙동,716200.0,306.0
2786,2019-03,W6Y072,중앙동,,
2787,2019-04,W6Y072,중앙동,,
2788,2019-05,W6Y072,중앙동,1824200.0,800.0
2789,2019-06,W6Y072,중앙동,2891150.0,1273.0
2790,2019-07,W6Y072,중앙동,3956600.0,1489.0
2791,2019-08,W6Y072,중앙동,3595800.0,1501.0
2792,2019-09,W6Y072,중앙동,3441700.0,1405.0
2793,2019-10,W6Y072,중앙동,3289300.0,1310.0
2794,2019-11,W6Y072,중앙동,3111150.0,1267.0
2795,2019-12,W6Y072,중앙동,3675400.0,1318.0
2796,2020-01,W6Y072,중앙동,3516000.0,1269.0
2797,2020-02,W6Y072,중앙동,3300500.0,1110.0
2798,2020-03,W6Y072,중앙동,3334850.0,1219.0
2799,2020-04,W6Y072,중앙동,2551500.0,1132.0
2800,2020-05,W6Y072,중앙동,2763950.0,1261.0
2801,2020-06,W6Y072,중앙동,2899350.0,1371.0
2802,2020-07,W6Y072,중앙동,1076300.0,484.0
2803,2020-08,W6Y072,중앙동,4269800.0,1788.0
2804,2020-09,W6Y072,중앙동,3594750.0,1677.0
2805,2020-10,W6Y072,중앙동,3671400.0,1633.0
2806,2020-11,W6Y072,중앙동,3779600.0,1566.0
2807,2020-12,W6Y072,중앙동,3445550.0,1267.0
2808,2021-01,W6Y072,중앙동,3360300.0,1135.0
2809,2021-02,W6Y072,중앙동,3113550.0,1094.0
2810,2021-03,W6Y072,중앙동,3468100.0,1258.0
2811,2021-04,W6Y072,중앙동,,
2812,2021-05,W6Y072,중앙동,3965200.0,1719.0
2813,2021-06,W6Y072,중앙동,3713000.0,1662.0
2814,2018-01,W6Y073,중앙동,,
2815,2018-02,W6Y073,중앙동,,
2816,2018-03,W6Y073,중앙동,,
2817,2018-04,W6Y073,중앙동,,
2818,2018-05,W6Y073,중앙동,,
2819,2018-06,W6Y073,중앙동,,
2820,2018-07,W6Y073,중앙동,,
2821,2018-08,W6Y073,중앙동,,
2822,2018-09,W6Y073,중앙동,,
2823,2018-10,W6Y073,중앙동,,
2824,2018-11,W6Y073,중앙동,,
2825,2018-12,W6Y073,중앙동,,
2826,2019-01,W6Y073,중앙동,,
2827,2019-02,W6Y073,중앙동,,
2828,2019-03,W6Y073,중앙동,,
2829,2019-04,W6Y073,중앙동,,
2830,2019-05,W6Y073,중앙동,,
2831,2019-06,W6Y073,중앙동,,
2832,2019-07,W6Y073,중앙동,,
2833,2019-08,W6Y073,중앙동,,
2834,2019-09,W6Y073,중앙동,,
2835,2019-10,W6Y073,중앙동,,
2836,2019-11,W6Y073,중앙동,,
2837,2019-12,W6Y073,중앙동,,
2838,2020-01,W6Y073,중앙동,,
2839,2020-02,W6Y073,중앙동,,
2840,2020-03,W6Y073,중앙동,,
2841,2020-04,W6Y073,중앙동,,
2842,2020-05,W6Y073,중앙동,,
2843,2020-06,W6Y073,중앙동,,
2844,2020-07,W6Y073,중앙동,,
2845,2020-08,W6Y073,중앙동,,
2846,2020-09,W6Y073,중앙동,,
2847,2020-10,W6Y073,중앙동,,
2848,2020-11,W6Y073,중앙동,,
2849,2020-12,W6Y073,중앙동,,
2850,2021-01,W6Y073,중앙동,,
2851,2021-02,W6Y073,중앙동,,
2852,2021-03,W6Y073,중앙동,,
2853,2021-04,W6Y073,중앙동,,
2854,2021-05,W6Y073,중앙동,,
2855,2021-06,W6Y073,중앙동,,
2856,2018-01,W6Y074,중앙동,32797050.0,5600.0
2857,2018-02,W6Y074,중앙동,24717350.0,4407.0
2858,2018-03,W6Y074,중앙동,28806450.0,5045.0
2859,2018-04,W6Y074,중앙동,28866250.0,5010.0
2860,2018-05,W6Y074,중앙동,26363100.0,5120.0
2861,2018-06,W6Y074,중앙동,24160950.0,4949.0
2862,2018-07,W6Y074,중앙동,25526250.0,5218.0
2863,2018-08,W6Y074,중앙동,23934050.0,4941.0
2864,2018-09,W6Y074,중앙동,22614750.0,4445.0
2865,2018-10,W6Y074,중앙동,24234150.0,4595.0
2866,2018-11,W6Y074,중앙동,24291000.0,4497.0
2867,2018-12,W6Y074,중앙동,25455950.0,4342.0
2868,2019-01,W6Y074,중앙동,22616850.0,3744.0
2869,2019-02,W6Y074,중앙동,18156500.0,3277.0
2870,2019-03,W6Y074,중앙동,18858750.0,3379.0
2871,2019-04,W6Y074,중앙동,17225000.0,3237.0
2872,2019-05,W6Y074,중앙동,21177400.0,4092.0
2873,2019-06,W6Y074,중앙동,12520750.0,2582.0
2874,2019-07,W6Y074,중앙동,34267550.0,6704.0
2875,2019-08,W6Y074,중앙동,35374250.0,6644.0
2876,2019-09,W6Y074,중앙동,34208950.0,6350.0
2877,2019-10,W6Y074,중앙동,32519000.0,6547.0
2878,2019-11,W6Y074,중앙동,32470700.0,6400.0
2879,2019-12,W6Y074,중앙동,36705350.0,6491.0
2880,2020-01,W6Y074,중앙동,35498250.0,5879.0
2881,2020-02,W6Y074,중앙동,29473500.0,5607.0
2882,2020-03,W6Y074,중앙동,30299950.0,5785.0
2883,2020-04,W6Y074,중앙동,28796650.0,5434.0
2884,2020-05,W6Y074,중앙동,29733900.0,5982.0
2885,2020-06,W6Y074,중앙동,27529750.0,5798.0
2886,2020-07,W6Y074,중앙동,30661700.0,6674.0
2887,2020-08,W6Y074,중앙동,31410800.0,7244.0
2888,2020-09,W6Y074,중앙동,30178300.0,6719.0
2889,2020-10,W6Y074,중앙동,29015150.0,6340.0
2890,2020-11,W6Y074,중앙동,27842050.0,5645.0
2891,2020-12,W6Y074,중앙동,26153500.0,5667.0
2892,2021-01,W6Y074,중앙동,25100850.0,5057.0
2893,2021-02,W6Y074,중앙동,26534000.0,5001.0
2894,2021-03,W6Y074,중앙동,29957150.0,5695.0
2895,2021-04,W6Y074,중앙동,,
2896,2021-05,W6Y074,중앙동,27012900.0,5691.0
2897,2021-06,W6Y074,중앙동,22618350.0,4858.0
2898,2018-01,W6Y075,천지동,8587650.0,1501.0
2899,2018-02,W6Y075,천지동,6976550.0,1334.0
2900,2018-03,W6Y075,천지동,7628050.0,1516.0
2901,2018-04,W6Y075,천지동,6966350.0,1447.0
2902,2018-05,W6Y075,천지동,6930150.0,1493.0
2903,2018-06,W6Y075,천지동,7031650.0,1681.0
2904,2018-07,W6Y075,천지동,8838100.0,1646.0
2905,2018-08,W6Y075,천지동,7419300.0,1627.0
2906,2018-09,W6Y075,천지동,7557800.0,1634.0
2907,2018-10,W6Y075,천지동,7032350.0,1629.0
2908,2018-11,W6Y075,천지동,7660550.0,1747.0
2909,2018-12,W6Y075,천지동,8524700.0,1706.0
2910,2019-01,W6Y075,천지동,5950800.0,1104.0
2911,2019-02,W6Y075,천지동,3095700.0,729.0
2912,2019-03,W6Y075,천지동,2823900.0,594.0
2913,2019-04,W6Y075,천지동,2295250.0,536.0
2914,2019-05,W6Y075,천지동,6636400.0,1578.0
2915,2019-06,W6Y075,천지동,6489000.0,1462.0
2916,2019-07,W6Y075,천지동,4481750.0,1182.0
2917,2019-08,W6Y075,천지동,3969700.0,978.0
2918,2019-09,W6Y075,천지동,3914400.0,1014.0
2919,2019-10,W6Y075,천지동,3176900.0,745.0
2920,2019-11,W6Y075,천지동,3894200.0,870.0
2921,2019-12,W6Y075,천지동,3832550.0,793.0
2922,2020-01,W6Y075,천지동,4150250.0,788.0
2923,2020-02,W6Y075,천지동,3233800.0,697.0
2924,2020-03,W6Y075,천지동,3215050.0,719.0
2925,2020-04,W6Y075,천지동,2801150.0,662.0
2926,2020-05,W6Y075,천지동,3520250.0,767.0
2927,2020-06,W6Y075,천지동,3443150.0,775.0
2928,2020-07,W6Y075,천지동,3199650.0,803.0
2929,2020-08,W6Y075,천지동,12698200.0,3103.0
2930,2020-09,W6Y075,천지동,11957800.0,2970.0
2931,2020-10,W6Y075,천지동,12798750.0,2943.0
2932,2020-11,W6Y075,천지동,13732150.0,2948.0
2933,2020-12,W6Y075,천지동,9704050.0,2190.0
2934,2021-01,W6Y075,천지동,10081700.0,2445.0
2935,2021-02,W6Y075,천지동,10754650.0,2440.0
2936,2021-03,W6Y075,천지동,12010900.0,2367.0
2937,2021-04,W6Y075,천지동,,
2938,2021-05,W6Y075,천지동,10371650.0,2382.0
2939,2021-06,W6Y075,천지동,9619550.0,2463.0
2940,2018-01,W6Y077,천지동,,
2941,2018-02,W6Y077,천지동,,
2942,2018-03,W6Y077,천지동,,
2943,2018-04,W6Y077,천지동,,
2944,2018-05,W6Y077,천지동,,
2945,2018-06,W6Y077,천지동,,
2946,2018-07,W6Y077,천지동,,
2947,2018-08,W6Y077,천지동,,
2948,2018-09,W6Y077,천지동,,
2949,2018-10,W6Y077,천지동,,
2950,2018-11,W6Y077,천지동,,
2951,2018-12,W6Y077,천지동,,
2952,2019-01,W6Y077,천지동,,
2953,2019-02,W6Y077,천지동,,
2954,2019-03,W6Y077,천지동,,
2955,2019-04,W6Y077,천지동,,
2956,2019-05,W6Y077,천지동,,
2957,2019-06,W6Y077,천지동,,
2958,2019-07,W6Y077,천지동,,
2959,2019-08,W6Y077,천지동,,
2960,2019-09,W6Y077,천지동,,
2961,2019-10,W6Y077,천지동,,
2962,2019-11,W6Y077,천지동,,
2963,2019-12,W6Y077,천지동,,
2964,2020-01,W6Y077,천지동,,
2965,2020-02,W6Y077,천지동,,
2966,2020-03,W6Y077,천지동,,
2967,2020-04,W6Y077,천지동,,
2968,2020-05,W6Y077,천지동,,
2969,2020-06,W6Y077,천지동,,
2970,2020-07,W6Y077,천지동,,
2971,2020-08,W6Y077,천지동,,
2972,2020-09,W6Y077,천지동,,
2973,2020-10,W6Y077,천지동,,
2974,2020-11,W6Y077,천지동,,
2975,2020-12,W6Y077,천지동,,
2976,2021-01,W6Y077,천지동,,
2977,2021-02,W6Y077,천지동,,
2978,2021-03,W6Y077,천지동,,
2979,2021-04,W6Y077,천지동,,
2980,2021-05,W6Y077,천지동,,
2981,2021-06,W6Y077,천지동,,
2982,2018-01,W6Y078,천지동,1116950.0,290.0
2983,2018-02,W6Y078,천지동,1201450.0,333.0
2984,2018-03,W6Y078,천지동,1745050.0,448.0
2985,2018-04,W6Y078,천지동,343950.0,137.0
2986,2018-05,W6Y078,천지동,356900.0,155.0
2987,2018-06,W6Y078,천지동,353600.0,171.0
2988,2018-07,W6Y078,천지동,451200.0,246.0
2989,2018-08,W6Y078,천지동,669800.0,310.0
2990,2018-09,W6Y078,천지동,543900.0,286.0
2991,2018-10,W6Y078,천지동,437750.0,172.0
2992,2018-11,W6Y078,천지동,283500.0,156.0
2993,2018-12,W6Y078,천지동,252250.0,143.0
2994,2019-01,W6Y078,천지동,320000.0,134.0
2995,2019-02,W6Y078,천지동,415900.0,177.0
2996,2019-03,W6Y078,천지동,440850.0,175.0
2997,2019-04,W6Y078,천지동,581050.0,172.0
2998,2019-05,W6Y078,천지동,454150.0,176.0
2999,2019-06,W6Y078,천지동,1596250.0,523.0
3000,2019-07,W6Y078,천지동,3856750.0,1222.0
3001,2019-08,W6Y078,천지동,1774950.0,711.0
3002,2019-09,W6Y078,천지동,1724000.0,702.0
3003,2019-10,W6Y078,천지동,1571200.0,709.0
3004,2019-11,W6Y078,천지동,2450750.0,744.0
3005,2019-12,W6Y078,천지동,3114100.0,729.0
3006,2020-01,W6Y078,천지동,3185550.0,782.0
3007,2020-02,W6Y078,천지동,2693750.0,692.0
3008,2020-03,W6Y078,천지동,3085950.0,803.0
3009,2020-04,W6Y078,천지동,2674650.0,722.0
3010,2020-05,W6Y078,천지동,3480000.0,895.0
3011,2020-06,W6Y078,천지동,2678450.0,768.0
3012,2020-07,W6Y078,천지동,1358300.0,485.0
3013,2020-08,W6Y078,천지동,4409300.0,1553.0
3014,2020-09,W6Y078,천지동,3882450.0,1312.0
3015,2020-10,W6Y078,천지동,3886850.0,1244.0
3016,2020-11,W6Y078,천지동,3881200.0,1090.0
3017,2020-12,W6Y078,천지동,3771000.0,1169.0
3018,2021-01,W6Y078,천지동,3401700.0,1111.0
3019,2021-02,W6Y078,천지동,3331650.0,1078.0
3020,2021-03,W6Y078,천지동,4111150.0,1161.0
3021,2021-04,W6Y078,천지동,,
3022,2021-05,W6Y078,천지동,3805250.0,1263.0
3023,2021-06,W6Y078,천지동,4005350.0,1415.0
3024,2018-01,W6Y079,천지동,925750.0,436.0
3025,2018-02,W6Y079,천지동,906500.0,407.0
3026,2018-03,W6Y079,천지동,935950.0,439.0
3027,2018-04,W6Y079,천지동,848200.0,450.0
3028,2018-05,W6Y079,천지동,886950.0,448.0
3029,2018-06,W6Y079,천지동,1118500.0,569.0
3030,2018-07,W6Y079,천지동,1261700.0,646.0
3031,2018-08,W6Y079,천지동,1112650.0,632.0
3032,2018-09,W6Y079,천지동,1283800.0,692.0
3033,2018-10,W6Y079,천지동,940000.0,606.0
3034,2018-11,W6Y079,천지동,900300.0,563.0
3035,2018-12,W6Y079,천지동,989300.0,530.0
3036,2019-01,W6Y079,천지동,872100.0,466.0
3037,2019-02,W6Y079,천지동,527450.0,264.0
3038,2019-03,W6Y079,천지동,661450.0,286.0
3039,2019-04,W6Y079,천지동,638450.0,304.0
3040,2019-05,W6Y079,천지동,881300.0,492.0
3041,2019-06,W6Y079,천지동,611200.0,365.0
3042,2019-07,W6Y079,천지동,1171800.0,734.0
3043,2019-08,W6Y079,천지동,3315100.0,1289.0
3044,2019-09,W6Y079,천지동,3811100.0,1462.0
3045,2019-10,W6Y079,천지동,3393000.0,1324.0
3046,2019-11,W6Y079,천지동,2842050.0,1171.0
3047,2019-12,W6Y079,천지동,3148750.0,1136.0
3048,2020-01,W6Y079,천지동,3365850.0,1117.0
3049,2020-02,W6Y079,천지동,3135350.0,1090.0
3050,2020-03,W6Y079,천지동,2738750.0,983.0
3051,2020-04,W6Y079,천지동,3596500.0,1143.0
3052,2020-05,W6Y079,천지동,3923950.0,1184.0
3053,2020-06,W6Y079,천지동,3722850.0,1145.0
3054,2020-07,W6Y079,천지동,368050.0,177.0
3055,2020-08,W6Y079,천지동,1868800.0,781.0
3056,2020-09,W6Y079,천지동,1624800.0,683.0
3057,2020-10,W6Y079,천지동,1668800.0,663.0
3058,2020-11,W6Y079,천지동,1821200.0,612.0
3059,2020-12,W6Y079,천지동,1711900.0,635.0
3060,2021-01,W6Y079,천지동,1721950.0,559.0
3061,2021-02,W6Y079,천지동,1796350.0,534.0
3062,2021-03,W6Y079,천지동,1859000.0,590.0
3063,2021-04,W6Y079,천지동,,
3064,2021-05,W6Y079,천지동,1969100.0,627.0
3065,2021-06,W6Y079,천지동,1776500.0,683.0
3066,2018-01,W6Y080,천지동,,
3067,2018-02,W6Y080,천지동,,
3068,2018-03,W6Y080,천지동,,
3069,2018-04,W6Y080,천지동,,
3070,2018-05,W6Y080,천지동,,
3071,2018-06,W6Y080,천지동,,
3072,2018-07,W6Y080,천지동,,
3073,2018-08,W6Y080,천지동,,
3074,2018-09,W6Y080,천지동,,
3075,2018-10,W6Y080,천지동,,
3076,2018-11,W6Y080,천지동,,
3077,2018-12,W6Y080,천지동,,
3078,2019-01,W6Y080,천지동,,
3079,2019-02,W6Y080,천지동,,
3080,2019-03,W6Y080,천지동,,
3081,2019-04,W6Y080,천지동,,
3082,2019-05,W6Y080,천지동,,
3083,2019-06,W6Y080,천지동,,
3084,2019-07,W6Y080,천지동,,
3085,2019-08,W6Y080,천지동,,
3086,2019-09,W6Y080,천지동,,
3087,2019-10,W6Y080,천지동,,
3088,2019-11,W6Y080,천지동,,
3089,2019-12,W6Y080,천지동,,
3090,2020-01,W6Y080,천지동,,
3091,2020-02,W6Y080,천지동,,
3092,2020-03,W6Y080,천지동,,
3093,2020-04,W6Y080,천지동,,
3094,2020-05,W6Y080,천지동,,
3095,2020-06,W6Y080,천지동,,
3096,2020-07,W6Y080,천지동,,
3097,2020-08,W6Y080,천지동,,
3098,2020-09,W6Y080,천지동,,
3099,2020-10,W6Y080,천지동,,
3100,2020-11,W6Y080,천지동,,
3101,2020-12,W6Y080,천지동,,
3102,2021-01,W6Y080,천지동,,
3103,2021-02,W6Y080,천지동,,
3104,2021-03,W6Y080,천지동,,
3105,2021-04,W6Y080,천지동,,
3106,2021-05,W6Y080,천지동,,
3107,2021-06,W6Y080,천지동,,
3108,2018-01,W6Y081,천지동,8321250.0,2291.0
3109,2018-02,W6Y081,천지동,4393700.0,1140.0
3110,2018-03,W6Y081,천지동,5708200.0,1273.0
3111,2018-04,W6Y081,천지동,5536700.0,1326.0
3112,2018-05,W6Y081,천지동,5140200.0,1343.0
3113,2018-06,W6Y081,천지동,5223400.0,1338.0
3114,2018-07,W6Y081,천지동,5697050.0,1653.0
3115,2018-08,W6Y081,천지동,5316250.0,1573.0
3116,2018-09,W6Y081,천지동,4579600.0,1425.0
3117,2018-10,W6Y081,천지동,4704400.0,1245.0
3118,2018-11,W6Y081,천지동,5078750.0,1299.0
3119,2018-12,W6Y081,천지동,5602600.0,1374.0
3120,2019-01,W6Y081,천지동,4362400.0,1030.0
3121,2019-02,W6Y081,천지동,3147400.0,710.0
3122,2019-03,W6Y081,천지동,2144950.0,395.0
3123,2019-04,W6Y081,천지동,1727050.0,397.0
3124,2019-05,W6Y081,천지동,4282200.0,1169.0
3125,2019-06,W6Y081,천지동,6521300.0,2012.0
3126,2019-07,W6Y081,천지동,12050500.0,3845.0
3127,2019-08,W6Y081,천지동,12703750.0,4004.0
3128,2019-09,W6Y081,천지동,11670700.0,3668.0
3129,2019-10,W6Y081,천지동,10594150.0,3494.0
3130,2019-11,W6Y081,천지동,10693900.0,3364.0
3131,2019-12,W6Y081,천지동,11278650.0,3298.0
3132,2020-01,W6Y081,천지동,10837150.0,3026.0
3133,2020-02,W6Y081,천지동,10764650.0,3194.0
3134,2020-03,W6Y081,천지동,11529850.0,3535.0
3135,2020-04,W6Y081,천지동,9325750.0,3321.0
3136,2020-05,W6Y081,천지동,10206550.0,3760.0
3137,2020-06,W6Y081,천지동,9655100.0,3623.0
3138,2020-07,W6Y081,천지동,2351800.0,915.0
3139,2020-08,W6Y081,천지동,9571350.0,3769.0
3140,2020-09,W6Y081,천지동,8377850.0,3484.0
3141,2020-10,W6Y081,천지동,8488800.0,3359.0
3142,2020-11,W6Y081,천지동,8513850.0,3275.0
3143,2020-12,W6Y081,천지동,8574800.0,3224.0
3144,2021-01,W6Y081,천지동,8754500.0,3238.0
3145,2021-02,W6Y081,천지동,9037300.0,3071.0
3146,2021-03,W6Y081,천지동,10151550.0,3335.0
3147,2021-04,W6Y081,천지동,,
3148,2021-05,W6Y081,천지동,10826250.0,3501.0
3149,2021-06,W6Y081,천지동,9768000.0,3545.0
3150,2018-01,W6Y082,천지동,,
3151,2018-02,W6Y082,천지동,,
3152,2018-03,W6Y082,천지동,,
3153,2018-04,W6Y082,천지동,,
3154,2018-05,W6Y082,천지동,467300.0,29.0
3155,2018-06,W6Y082,천지동,,
3156,2018-07,W6Y082,천지동,,
3157,2018-08,W6Y082,천지동,,
3158,2018-09,W6Y082,천지동,57250.0,6.0
3159,2018-10,W6Y082,천지동,543350.0,149.0
3160,2018-11,W6Y082,천지동,445500.0,213.0
3161,2018-12,W6Y082,천지동,429300.0,193.0
3162,2019-01,W6Y082,천지동,506000.0,187.0
3163,2019-02,W6Y082,천지동,242450.0,105.0
3164,2019-03,W6Y082,천지동,247500.0,108.0
3165,2019-04,W6Y082,천지동,260050.0,125.0
3166,2019-05,W6Y082,천지동,849500.0,271.0
3167,2019-06,W6Y082,천지동,1387500.0,394.0
3168,2019-07,W6Y082,천지동,1679500.0,418.0
3169,2019-08,W6Y082,천지동,1301300.0,363.0
3170,2019-09,W6Y082,천지동,853150.0,288.0
3171,2019-10,W6Y082,천지동,1093550.0,310.0
3172,2019-11,W6Y082,천지동,993050.0,264.0
3173,2019-12,W6Y082,천지동,1038750.0,246.0
3174,2020-01,W6Y082,천지동,1070900.0,235.0
3175,2020-02,W6Y082,천지동,1087950.0,238.0
3176,2020-03,W6Y082,천지동,422550.0,120.0
3177,2020-04,W6Y082,천지동,352750.0,138.0
3178,2020-05,W6Y082,천지동,389850.0,157.0
3179,2020-06,W6Y082,천지동,451700.0,193.0
3180,2020-07,W6Y082,천지동,7550.0,5.0
3181,2020-08,W6Y082,천지동,,
3182,2020-09,W6Y082,천지동,,
3183,2020-10,W6Y082,천지동,,
3184,2020-11,W6Y082,천지동,,
3185,2020-12,W6Y082,천지동,,
3186,2021-01,W6Y082,천지동,,
3187,2021-02,W6Y082,천지동,,
3188,2021-03,W6Y082,천지동,,
3189,2021-04,W6Y082,천지동,,
3190,2021-05,W6Y082,천지동,,
3191,2021-06,W6Y082,천지동,,
3192,2018-01,W6Y083,천지동,1273050.0,261.0
3193,2018-02,W6Y083,천지동,694900.0,181.0
3194,2018-03,W6Y083,천지동,886150.0,224.0
3195,2018-04,W6Y083,천지동,1445900.0,297.0
3196,2018-05,W6Y083,천지동,1062250.0,298.0
3197,2018-06,W6Y083,천지동,1210550.0,329.0
3198,2018-07,W6Y083,천지동,1492500.0,390.0
3199,2018-08,W6Y083,천지동,1897200.0,483.0
3200,2018-09,W6Y083,천지동,1578250.0,439.0
3201,2018-10,W6Y083,천지동,786700.0,252.0
3202,2018-11,W6Y083,천지동,1261300.0,342.0
3203,2018-12,W6Y083,천지동,1494800.0,370.0
3204,2019-01,W6Y083,천지동,1387050.0,337.0
3205,2019-02,W6Y083,천지동,1063750.0,273.0
3206,2019-03,W6Y083,천지동,1015900.0,211.0
3207,2019-04,W6Y083,천지동,373100.0,117.0
3208,2019-05,W6Y083,천지동,487750.0,107.0
3209,2019-06,W6Y083,천지동,919650.0,262.0
3210,2019-07,W6Y083,천지동,2707250.0,657.0
3211,2019-08,W6Y083,천지동,2761450.0,661.0
3212,2019-09,W6Y083,천지동,2398950.0,576.0
3213,2019-10,W6Y083,천지동,2522850.0,599.0
3214,2019-11,W6Y083,천지동,2737800.0,662.0
3215,2019-12,W6Y083,천지동,2925700.0,631.0
3216,2020-01,W6Y083,천지동,3000650.0,617.0
3217,2020-02,W6Y083,천지동,3005400.0,646.0
3218,2020-03,W6Y083,천지동,2634100.0,646.0
3219,2020-04,W6Y083,천지동,2535700.0,674.0
3220,2020-05,W6Y083,천지동,2438050.0,661.0
3221,2020-06,W6Y083,천지동,2388950.0,629.0
3222,2020-07,W6Y083,천지동,567400.0,146.0
3223,2020-08,W6Y083,천지동,2392300.0,646.0
3224,2020-09,W6Y083,천지동,2127300.0,610.0
3225,2020-10,W6Y083,천지동,2193900.0,578.0
3226,2020-11,W6Y083,천지동,813450.0,168.0
3227,2020-12,W6Y083,천지동,1056650.0,175.0
3228,2021-01,W6Y083,천지동,943050.0,168.0
3229,2021-02,W6Y083,천지동,931350.0,169.0
3230,2021-03,W6Y083,천지동,899400.0,168.0
3231,2021-04,W6Y083,천지동,,
3232,2021-05,W6Y083,천지동,2296400.0,548.0
3233,2021-06,W6Y083,천지동,2587300.0,690.0
3234,2018-01,W6Y084,천지동,,
3235,2018-02,W6Y084,천지동,,
3236,2018-03,W6Y084,천지동,,
3237,2018-04,W6Y084,천지동,,
3238,2018-05,W6Y084,천지동,,
3239,2018-06,W6Y084,천지동,,
3240,2018-07,W6Y084,천지동,,
3241,2018-08,W6Y084,천지동,,
3242,2018-09,W6Y084,천지동,,
3243,2018-10,W6Y084,천지동,,
3244,2018-11,W6Y084,천지동,,
3245,2018-12,W6Y084,천지동,,
3246,2019-01,W6Y084,천지동,,
3247,2019-02,W6Y084,천지동,,
3248,2019-03,W6Y084,천지동,,
3249,2019-04,W6Y084,천지동,,
3250,2019-05,W6Y084,천지동,,
3251,2019-06,W6Y084,천지동,,
3252,2019-07,W6Y084,천지동,,
3253,2019-08,W6Y084,천지동,,
3254,2019-09,W6Y084,천지동,,
3255,2019-10,W6Y084,천지동,,
3256,2019-11,W6Y084,천지동,,
3257,2019-12,W6Y084,천지동,,
3258,2020-01,W6Y084,천지동,,
3259,2020-02,W6Y084,천지동,,
3260,2020-03,W6Y084,천지동,,
3261,2020-04,W6Y084,천지동,,
3262,2020-05,W6Y084,천지동,,
3263,2020-06,W6Y084,천지동,,
3264,2020-07,W6Y084,천지동,81150.0,36.0
3265,2020-08,W6Y084,천지동,355250.0,145.0
3266,2020-09,W6Y084,천지동,264850.0,119.0
3267,2020-10,W6Y084,천지동,276700.0,127.0
3268,2020-11,W6Y084,천지동,300100.0,147.0
3269,2020-12,W6Y084,천지동,341450.0,144.0
3270,2021-01,W6Y084,천지동,335050.0,123.0
3271,2021-02,W6Y084,천지동,336000.0,113.0
3272,2021-03,W6Y084,천지동,290200.0,118.0
3273,2021-04,W6Y084,천지동,,
3274,2021-05,W6Y084,천지동,362350.0,132.0
3275,2021-06,W6Y084,천지동,324050.0,148.0
3276,2018-01,W6Y085,천지동,613900.0,194.0
3277,2018-02,W6Y085,천지동,508000.0,165.0
3278,2018-03,W6Y085,천지동,589550.0,224.0
3279,2018-04,W6Y085,천지동,571350.0,215.0
3280,2018-05,W6Y085,천지동,555700.0,231.0
3281,2018-06,W6Y085,천지동,738150.0,270.0
3282,2018-07,W6Y085,천지동,667500.0,265.0
3283,2018-08,W6Y085,천지동,567100.0,250.0
3284,2018-09,W6Y085,천지동,510450.0,237.0
3285,2018-10,W6Y085,천지동,496150.0,246.0
3286,2018-11,W6Y085,천지동,549300.0,228.0
3287,2018-12,W6Y085,천지동,772550.0,211.0
3288,2019-01,W6Y085,천지동,536700.0,205.0
3289,2019-02,W6Y085,천지동,320800.0,112.0
3290,2019-03,W6Y085,천지동,,
3291,2019-04,W6Y085,천지동,,
3292,2019-05,W6Y085,천지동,432550.0,175.0
3293,2019-06,W6Y085,천지동,602400.0,275.0
3294,2019-07,W6Y085,천지동,695250.0,307.0
3295,2019-08,W6Y085,천지동,571600.0,258.0
3296,2019-09,W6Y085,천지동,597800.0,252.0
3297,2019-10,W6Y085,천지동,511700.0,255.0
3298,2019-11,W6Y085,천지동,496550.0,238.0
3299,2019-12,W6Y085,천지동,525200.0,212.0
3300,2020-01,W6Y085,천지동,769650.0,265.0
3301,2020-02,W6Y085,천지동,593350.0,197.0
3302,2020-03,W6Y085,천지동,575600.0,235.0
3303,2020-04,W6Y085,천지동,543850.0,252.0
3304,2020-05,W6Y085,천지동,625750.0,271.0
3305,2020-06,W6Y085,천지동,531450.0,210.0
3306,2020-07,W6Y085,천지동,154500.0,74.0
3307,2020-08,W6Y085,천지동,713800.0,301.0
3308,2020-09,W6Y085,천지동,666000.0,273.0
3309,2020-10,W6Y085,천지동,657300.0,279.0
3310,2020-11,W6Y085,천지동,701000.0,256.0
3311,2020-12,W6Y085,천지동,696900.0,265.0
3312,2021-01,W6Y085,천지동,796850.0,244.0
3313,2021-02,W6Y085,천지동,731050.0,241.0
3314,2021-03,W6Y085,천지동,544100.0,245.0
3315,2021-04,W6Y085,천지동,,
3316,2021-05,W6Y085,천지동,735000.0,334.0
3317,2021-06,W6Y085,천지동,817500.0,395.0
3318,2018-01,W6Y086,천지동,3567400.0,1156.0
3319,2018-02,W6Y086,천지동,3406200.0,1130.0
3320,2018-03,W6Y086,천지동,3205250.0,1138.0
3321,2018-04,W6Y086,천지동,3071800.0,1179.0
3322,2018-05,W6Y086,천지동,2841100.0,1266.0
3323,2018-06,W6Y086,천지동,3198650.0,1400.0
3324,2018-07,W6Y086,천지동,3526050.0,1692.0
3325,2018-08,W6Y086,천지동,3413100.0,1713.0
3326,2018-09,W6Y086,천지동,3092450.0,1529.0
3327,2018-10,W6Y086,천지동,2995050.0,1386.0
3328,2018-11,W6Y086,천지동,2852550.0,1219.0
3329,2018-12,W6Y086,천지동,2892650.0,1181.0
3330,2019-01,W6Y086,천지동,3014000.0,1125.0
3331,2019-02,W6Y086,천지동,1736150.0,663.0
3332,2019-03,W6Y086,천지동,,
3333,2019-04,W6Y086,천지동,,
3334,2019-05,W6Y086,천지동,1921500.0,871.0
3335,2019-06,W6Y086,천지동,3335400.0,1416.0
3336,2019-07,W6Y086,천지동,3183500.0,1385.0
3337,2019-08,W6Y086,천지동,3080000.0,1457.0
3338,2019-09,W6Y086,천지동,3185300.0,1412.0
3339,2019-10,W6Y086,천지동,2836550.0,1356.0
3340,2019-11,W6Y086,천지동,2955650.0,1329.0
3341,2019-12,W6Y086,천지동,3162350.0,1227.0
3342,2020-01,W6Y086,천지동,3319550.0,1240.0
3343,2020-02,W6Y086,천지동,3246400.0,1278.0
3344,2020-03,W6Y086,천지동,3547250.0,1350.0
3345,2020-04,W6Y086,천지동,3149800.0,1305.0
3346,2020-05,W6Y086,천지동,3438600.0,1527.0
3347,2020-06,W6Y086,천지동,3362550.0,1508.0
3348,2020-07,W6Y086,천지동,3501950.0,1649.0
3349,2020-08,W6Y086,천지동,3564350.0,1683.0
3350,2020-09,W6Y086,천지동,3322900.0,1602.0
3351,2020-10,W6Y086,천지동,3204000.0,1556.0
3352,2020-11,W6Y086,천지동,1535900.0,724.0
3353,2020-12,W6Y086,천지동,3230400.0,1328.0
3354,2021-01,W6Y086,천지동,3313900.0,1369.0
3355,2021-02,W6Y086,천지동,3576500.0,1390.0
3356,2021-03,W6Y086,천지동,3376750.0,1413.0
3357,2021-04,W6Y086,천지동,,
3358,2021-05,W6Y086,천지동,4019100.0,1645.0
3359,2021-06,W6Y086,천지동,3995000.0,1703.0
3360,2018-01,W6Y087,천지동,3340650.0,805.0
3361,2018-02,W6Y087,천지동,2328450.0,724.0
3362,2018-03,W6Y087,천지동,1809750.0,528.0
3363,2018-04,W6Y087,천지동,420400.0,81.0
3364,2018-05,W6Y087,천지동,776750.0,194.0
3365,2018-06,W6Y087,천지동,724300.0,204.0
3366,2018-07,W6Y087,천지동,679000.0,173.0
3367,2018-08,W6Y087,천지동,636600.0,169.0
3368,2018-09,W6Y087,천지동,662100.0,163.0
3369,2018-10,W6Y087,천지동,653950.0,169.0
3370,2018-11,W6Y087,천지동,744750.0,182.0
3371,2018-12,W6Y087,천지동,724950.0,196.0
3372,2019-01,W6Y087,천지동,578650.0,133.0
3373,2019-02,W6Y087,천지동,400150.0,107.0
3374,2019-03,W6Y087,천지동,176500.0,66.0
3375,2019-04,W6Y087,천지동,154400.0,58.0
3376,2019-05,W6Y087,천지동,261750.0,92.0
3377,2019-06,W6Y087,천지동,318650.0,100.0
3378,2019-07,W6Y087,천지동,200200.0,58.0
3379,2019-08,W6Y087,천지동,302500.0,113.0
3380,2019-09,W6Y087,천지동,304750.0,99.0
3381,2019-10,W6Y087,천지동,542550.0,120.0
3382,2019-11,W6Y087,천지동,610050.0,108.0
3383,2019-12,W6Y087,천지동,471750.0,126.0
3384,2020-01,W6Y087,천지동,553300.0,133.0
3385,2020-02,W6Y087,천지동,499500.0,125.0
3386,2020-03,W6Y087,천지동,554850.0,138.0
3387,2020-04,W6Y087,천지동,400100.0,111.0
3388,2020-05,W6Y087,천지동,465150.0,98.0
3389,2020-06,W6Y087,천지동,484550.0,123.0
3390,2020-07,W6Y087,천지동,411600.0,92.0
3391,2020-08,W6Y087,천지동,376500.0,107.0
3392,2020-09,W6Y087,천지동,357200.0,77.0
3393,2020-10,W6Y087,천지동,299700.0,53.0
3394,2020-11,W6Y087,천지동,155550.0,20.0
3395,2020-12,W6Y087,천지동,,
3396,2021-01,W6Y087,천지동,,
3397,2021-02,W6Y087,천지동,,
3398,2021-03,W6Y087,천지동,,
3399,2021-04,W6Y087,천지동,,
3400,2021-05,W6Y087,천지동,,
3401,2021-06,W6Y087,천지동,,
3402,2018-01,W6Y088,천지동,,
3403,2018-02,W6Y088,천지동,,
3404,2018-03,W6Y088,천지동,,
3405,2018-04,W6Y088,천지동,,
3406,2018-05,W6Y088,천지동,,
3407,2018-06,W6Y088,천지동,,
3408,2018-07,W6Y088,천지동,,
3409,2018-08,W6Y088,천지동,,
3410,2018-09,W6Y088,천지동,,
3411,2018-10,W6Y088,천지동,,
3412,2018-11,W6Y088,천지동,,
3413,2018-12,W6Y088,천지동,,
3414,2019-01,W6Y088,천지동,,
3415,2019-02,W6Y088,천지동,,
3416,2019-03,W6Y088,천지동,,
3417,2019-04,W6Y088,천지동,,
3418,2019-05,W6Y088,천지동,,
3419,2019-06,W6Y088,천지동,,
3420,2019-07,W6Y088,천지동,,
3421,2019-08,W6Y088,천지동,,
3422,2019-09,W6Y088,천지동,,
3423,2019-10,W6Y088,천지동,,
3424,2019-11,W6Y088,천지동,,
3425,2019-12,W6Y088,천지동,,
3426,2020-01,W6Y088,천지동,,
3427,2020-02,W6Y088,천지동,,
3428,2020-03,W6Y088,천지동,,
3429,2020-04,W6Y088,천지동,,
3430,2020-05,W6Y088,천지동,,
3431,2020-06,W6Y088,천지동,,
3432,2020-07,W6Y088,천지동,,
3433,2020-08,W6Y088,천지동,,
3434,2020-09,W6Y088,천지동,,
3435,2020-10,W6Y088,천지동,,
3436,2020-11,W6Y088,천지동,,
3437,2020-12,W6Y088,천지동,,
3438,2021-01,W6Y088,천지동,,
3439,2021-02,W6Y088,천지동,,
3440,2021-03,W6Y088,천지동,,
3441,2021-04,W6Y088,천지동,,
3442,2021-05,W6Y088,천지동,,
3443,2021-06,W6Y088,천지동,,
3444,2018-01,W6Y089,천지동,,
3445,2018-02,W6Y089,천지동,,
3446,2018-03,W6Y089,천지동,,
3447,2018-04,W6Y089,천지동,,
3448,2018-05,W6Y089,천지동,,
3449,2018-06,W6Y089,천지동,,
3450,2018-07,W6Y089,천지동,,
3451,2018-08,W6Y089,천지동,,
3452,2018-09,W6Y089,천지동,,
3453,2018-10,W6Y089,천지동,,
3454,2018-11,W6Y089,천지동,,
3455,2018-12,W6Y089,천지동,,
3456,2019-01,W6Y089,천지동,,
3457,2019-02,W6Y089,천지동,,
3458,2019-03,W6Y089,천지동,,
3459,2019-04,W6Y089,천지동,,
3460,2019-05,W6Y089,천지동,,
3461,2019-06,W6Y089,천지동,,
3462,2019-07,W6Y089,천지동,,
3463,2019-08,W6Y089,천지동,,
3464,2019-09,W6Y089,천지동,,
3465,2019-10,W6Y089,천지동,,
3466,2019-11,W6Y089,천지동,,
3467,2019-12,W6Y089,천지동,,
3468,2020-01,W6Y089,천지동,,
3469,2020-02,W6Y089,천지동,,
3470,2020-03,W6Y089,천지동,,
3471,2020-04,W6Y089,천지동,,
3472,2020-05,W6Y089,천지동,,
3473,2020-06,W6Y089,천지동,,
3474,2020-07,W6Y089,천지동,,
3475,2020-08,W6Y089,천지동,,
3476,2020-09,W6Y089,천지동,,
3477,2020-10,W6Y089,천지동,,
3478,2020-11,W6Y089,천지동,,
3479,2020-12,W6Y089,천지동,,
3480,2021-01,W6Y089,천지동,,
3481,2021-02,W6Y089,천지동,,
3482,2021-03,W6Y089,천지동,,
3483,2021-04,W6Y089,천지동,,
3484,2021-05,W6Y089,천지동,,
3485,2021-06,W6Y089,천지동,,
3486,2018-01,W6Y090,송산동,3074100.0,941.0
3487,2018-02,W6Y090,송산동,3025550.0,927.0
3488,2018-03,W6Y090,송산동,3233650.0,986.0
3489,2018-04,W6Y090,송산동,3075500.0,949.0
3490,2018-05,W6Y090,송산동,3063250.0,1019.0
3491,2018-06,W6Y090,송산동,3117550.0,1062.0
3492,2018-07,W6Y090,송산동,3768550.0,1296.0
3493,2018-08,W6Y090,송산동,3505900.0,1200.0
3494,2018-09,W6Y090,송산동,4354450.0,1366.0
3495,2018-10,W6Y090,송산동,4034550.0,1227.0
3496,2018-11,W6Y090,송산동,4053950.0,1175.0
3497,2018-12,W6Y090,송산동,4604950.0,1104.0
3498,2019-01,W6Y090,송산동,4634200.0,1050.0
3499,2019-02,W6Y090,송산동,2858400.0,658.0
3500,2019-03,W6Y090,송산동,521500.0,103.0
3501,2019-04,W6Y090,송산동,649700.0,130.0
3502,2019-05,W6Y090,송산동,3421100.0,894.0
3503,2019-06,W6Y090,송산동,3645800.0,1015.0
3504,2019-07,W6Y090,송산동,3359550.0,886.0
3505,2019-08,W6Y090,송산동,2176300.0,695.0
3506,2019-09,W6Y090,송산동,2036350.0,670.0
3507,2019-10,W6Y090,송산동,1943150.0,592.0
3508,2019-11,W6Y090,송산동,1672350.0,512.0
3509,2019-12,W6Y090,송산동,1894750.0,511.0
3510,2020-01,W6Y090,송산동,1978350.0,530.0
3511,2020-02,W6Y090,송산동,1486300.0,342.0
3512,2020-03,W6Y090,송산동,2151200.0,545.0
3513,2020-04,W6Y090,송산동,1730950.0,433.0
3514,2020-05,W6Y090,송산동,2221250.0,547.0
3515,2020-06,W6Y090,송산동,2483650.0,537.0
3516,2020-07,W6Y090,송산동,2541400.0,534.0
3517,2020-08,W6Y090,송산동,2506000.0,619.0
3518,2020-09,W6Y090,송산동,2079700.0,559.0
3519,2020-10,W6Y090,송산동,1901550.0,589.0
3520,2020-11,W6Y090,송산동,59100.0,33.0
3521,2020-12,W6Y090,송산동,125000.0,46.0
3522,2021-01,W6Y090,송산동,16450.0,12.0
3523,2021-02,W6Y090,송산동,58800.0,21.0
3524,2021-03,W6Y090,송산동,31200.0,15.0
3525,2021-04,W6Y090,송산동,,
3526,2021-05,W6Y090,송산동,53650.0,18.0
3527,2021-06,W6Y090,송산동,1550.0,1.0
3528,2018-01,W6Y091,송산동,2869700.0,465.0
3529,2018-02,W6Y091,송산동,2435600.0,434.0
3530,2018-03,W6Y091,송산동,2621500.0,445.0
3531,2018-04,W6Y091,송산동,2761700.0,458.0
3532,2018-05,W6Y091,송산동,2631350.0,473.0
3533,2018-06,W6Y091,송산동,2795100.0,534.0
3534,2018-07,W6Y091,송산동,2808100.0,613.0
3535,2018-08,W6Y091,송산동,3033000.0,608.0
3536,2018-09,W6Y091,송산동,2615900.0,553.0
3537,2018-10,W6Y091,송산동,2966650.0,547.0
3538,2018-11,W6Y091,송산동,3581400.0,574.0
3539,2018-12,W6Y091,송산동,3375050.0,516.0
3540,2019-01,W6Y091,송산동,3610850.0,524.0
3541,2019-02,W6Y091,송산동,875750.0,164.0
3542,2019-03,W6Y091,송산동,625750.0,117.0
3543,2019-04,W6Y091,송산동,646950.0,118.0
3544,2019-05,W6Y091,송산동,1671050.0,277.0
3545,2019-06,W6Y091,송산동,2051950.0,435.0
3546,2019-07,W6Y091,송산동,2336300.0,523.0
3547,2019-08,W6Y091,송산동,2291300.0,455.0
3548,2019-09,W6Y091,송산동,2039500.0,381.0
3549,2019-10,W6Y091,송산동,1931550.0,355.0
3550,2019-11,W6Y091,송산동,1446050.0,264.0
3551,2019-12,W6Y091,송산동,1372350.0,245.0
3552,2020-01,W6Y091,송산동,1075900.0,216.0
3553,2020-02,W6Y091,송산동,1168550.0,218.0
3554,2020-03,W6Y091,송산동,1577700.0,329.0
3555,2020-04,W6Y091,송산동,1530500.0,342.0
3556,2020-05,W6Y091,송산동,1447950.0,332.0
3557,2020-06,W6Y091,송산동,1440750.0,317.0
3558,2020-07,W6Y091,송산동,2338800.0,480.0
3559,2020-08,W6Y091,송산동,669550.0,135.0
3560,2020-09,W6Y091,송산동,,
3561,2020-10,W6Y091,송산동,,
3562,2020-11,W6Y091,송산동,,
3563,2020-12,W6Y091,송산동,,
3564,2021-01,W6Y091,송산동,,
3565,2021-02,W6Y091,송산동,,
3566,2021-03,W6Y091,송산동,,
3567,2021-04,W6Y091,송산동,,
3568,2021-05,W6Y091,송산동,1215050.0,241.0
3569,2021-06,W6Y091,송산동,3115450.0,638.0
3570,2018-01,W6Y092,송산동,,
3571,2018-02,W6Y092,송산동,,
3572,2018-03,W6Y092,송산동,,
3573,2018-04,W6Y092,송산동,,
3574,2018-05,W6Y092,송산동,,
3575,2018-06,W6Y092,송산동,,
3576,2018-07,W6Y092,송산동,,
3577,2018-08,W6Y092,송산동,,
3578,2018-09,W6Y092,송산동,,
3579,2018-10,W6Y092,송산동,,
3580,2018-11,W6Y092,송산동,,
3581,2018-12,W6Y092,송산동,,
3582,2019-01,W6Y092,송산동,,
3583,2019-02,W6Y092,송산동,,
3584,2019-03,W6Y092,송산동,,
3585,2019-04,W6Y092,송산동,,
3586,2019-05,W6Y092,송산동,,
3587,2019-06,W6Y092,송산동,,
3588,2019-07,W6Y092,송산동,,
3589,2019-08,W6Y092,송산동,,
3590,2019-09,W6Y092,송산동,,
3591,2019-10,W6Y092,송산동,,
3592,2019-11,W6Y092,송산동,,
3593,2019-12,W6Y092,송산동,,
3594,2020-01,W6Y092,송산동,,
3595,2020-02,W6Y092,송산동,,
3596,2020-03,W6Y092,송산동,,
3597,2020-04,W6Y092,송산동,,
3598,2020-05,W6Y092,송산동,,
3599,2020-06,W6Y092,송산동,,
3600,2020-07,W6Y092,송산동,,
3601,2020-08,W6Y092,송산동,,
3602,2020-09,W6Y092,송산동,,
3603,2020-10,W6Y092,송산동,,
3604,2020-11,W6Y092,송산동,,
3605,2020-12,W6Y092,송산동,,
3606,2021-01,W6Y092,송산동,,
3607,2021-02,W6Y092,송산동,,
3608,2021-03,W6Y092,송산동,,
3609,2021-04,W6Y092,송산동,,
3610,2021-05,W6Y092,송산동,,
3611,2021-06,W6Y092,송산동,,
3612,2018-01,W6Y093,송산동,2677350.0,857.0
3613,2018-02,W6Y093,송산동,2937650.0,840.0
3614,2018-03,W6Y093,송산동,3072050.0,946.0
3615,2018-04,W6Y093,송산동,2778500.0,923.0
3616,2018-05,W6Y093,송산동,2255100.0,734.0
3617,2018-06,W6Y093,송산동,1684400.0,557.0
3618,2018-07,W6Y093,송산동,2305000.0,773.0
3619,2018-08,W6Y093,송산동,2130300.0,573.0
3620,2018-09,W6Y093,송산동,1971500.0,587.0
3621,2018-10,W6Y093,송산동,2414250.0,765.0
3622,2018-11,W6Y093,송산동,1574950.0,438.0
3623,2018-12,W6Y093,송산동,1492800.0,404.0
3624,2019-01,W6Y093,송산동,1689750.0,459.0
3625,2019-02,W6Y093,송산동,1842550.0,452.0
3626,2019-03,W6Y093,송산동,1933350.0,511.0
3627,2019-04,W6Y093,송산동,2025350.0,598.0
3628,2019-05,W6Y093,송산동,1714150.0,524.0
3629,2019-06,W6Y093,송산동,1275850.0,462.0
3630,2019-07,W6Y093,송산동,3228650.0,1191.0
3631,2019-08,W6Y093,송산동,3203250.0,1158.0
3632,2019-09,W6Y093,송산동,3122600.0,1079.0
3633,2019-10,W6Y093,송산동,3233450.0,1093.0
3634,2019-11,W6Y093,송산동,2994400.0,1047.0
3635,2019-12,W6Y093,송산동,3183150.0,1013.0
3636,2020-01,W6Y093,송산동,3047900.0,922.0
3637,2020-02,W6Y093,송산동,2845450.0,907.0
3638,2020-03,W6Y093,송산동,2402250.0,854.0
3639,2020-04,W6Y093,송산동,2146200.0,784.0
3640,2020-05,W6Y093,송산동,2641500.0,917.0
3641,2020-06,W6Y093,송산동,2741350.0,1052.0
3642,2020-07,W6Y093,송산동,3124550.0,1213.0
3643,2020-08,W6Y093,송산동,1272600.0,487.0
3644,2020-09,W6Y093,송산동,,
3645,2020-10,W6Y093,송산동,,
3646,2020-11,W6Y093,송산동,,
3647,2020-12,W6Y093,송산동,,
3648,2021-01,W6Y093,송산동,,
3649,2021-02,W6Y093,송산동,,
3650,2021-03,W6Y093,송산동,,
3651,2021-04,W6Y093,송산동,,
3652,2021-05,W6Y093,송산동,,
3653,2021-06,W6Y093,송산동,,
3654,2018-01,W6Y094,송산동,507700.0,143.0
3655,2018-02,W6Y094,송산동,518400.0,147.0
3656,2018-03,W6Y094,송산동,509650.0,149.0
3657,2018-04,W6Y094,송산동,534550.0,182.0
3658,2018-05,W6Y094,송산동,465250.0,154.0
3659,2018-06,W6Y094,송산동,491600.0,193.0
3660,2018-07,W6Y094,송산동,753600.0,290.0
3661,2018-08,W6Y094,송산동,757000.0,317.0
3662,2018-09,W6Y094,송산동,616500.0,265.0
3663,2018-10,W6Y094,송산동,790400.0,311.0
3664,2018-11,W6Y094,송산동,683650.0,296.0
3665,2018-12,W6Y094,송산동,890550.0,276.0
3666,2019-01,W6Y094,송산동,1274400.0,316.0
3667,2019-02,W6Y094,송산동,660550.0,180.0
3668,2019-03,W6Y094,송산동,,
3669,2019-04,W6Y094,송산동,,
3670,2019-05,W6Y094,송산동,1835300.0,587.0
3671,2019-06,W6Y094,송산동,2680950.0,947.0
3672,2019-07,W6Y094,송산동,2951750.0,1040.0
3673,2019-08,W6Y094,송산동,2901900.0,1045.0
3674,2019-09,W6Y094,송산동,2397850.0,973.0
3675,2019-10,W6Y094,송산동,2383600.0,909.0
3676,2019-11,W6Y094,송산동,2298900.0,818.0
3677,2019-12,W6Y094,송산동,1161850.0,362.0
3678,2020-01,W6Y094,송산동,1128100.0,309.0
3679,2020-02,W6Y094,송산동,1383100.0,313.0
3680,2020-03,W6Y094,송산동,1118550.0,286.0
3681,2020-04,W6Y094,송산동,804550.0,234.0
3682,2020-05,W6Y094,송산동,703550.0,214.0
3683,2020-06,W6Y094,송산동,771950.0,204.0
3684,2020-07,W6Y094,송산동,978150.0,267.0
3685,2020-08,W6Y094,송산동,421350.0,115.0
3686,2020-09,W6Y094,송산동,,
3687,2020-10,W6Y094,송산동,,
3688,2020-11,W6Y094,송산동,,
3689,2020-12,W6Y094,송산동,,
3690,2021-01,W6Y094,송산동,,
3691,2021-02,W6Y094,송산동,,
3692,2021-03,W6Y094,송산동,,
3693,2021-04,W6Y094,송산동,,
3694,2021-05,W6Y094,송산동,,
3695,2021-06,W6Y094,송산동,,
3696,2018-01,W6Y095,송산동,1679900.0,391.0
3697,2018-02,W6Y095,송산동,2716700.0,756.0
3698,2018-03,W6Y095,송산동,3032850.0,902.0
3699,2018-04,W6Y095,송산동,3546800.0,980.0
3700,2018-05,W6Y095,송산동,3360150.0,963.0
3701,2018-06,W6Y095,송산동,3430900.0,1026.0
3702,2018-07,W6Y095,송산동,3822700.0,1215.0
3703,2018-08,W6Y095,송산동,3609050.0,1159.0
3704,2018-09,W6Y095,송산동,3339750.0,1173.0
3705,2018-10,W6Y095,송산동,3051150.0,1036.0
3706,2018-11,W6Y095,송산동,2999400.0,982.0
3707,2018-12,W6Y095,송산동,3229050.0,995.0
3708,2019-01,W6Y095,송산동,2103650.0,601.0
3709,2019-02,W6Y095,송산동,879550.0,274.0
3710,2019-03,W6Y095,송산동,,
3711,2019-04,W6Y095,송산동,,
3712,2019-05,W6Y095,송산동,2764000.0,957.0
3713,2019-06,W6Y095,송산동,1819750.0,598.0
3714,2019-07,W6Y095,송산동,,
3715,2019-08,W6Y095,송산동,,
3716,2019-09,W6Y095,송산동,,
3717,2019-10,W6Y095,송산동,,
3718,2019-11,W6Y095,송산동,,
3719,2019-12,W6Y095,송산동,,
3720,2020-01,W6Y095,송산동,,
3721,2020-02,W6Y095,송산동,,
3722,2020-03,W6Y095,송산동,,
3723,2020-04,W6Y095,송산동,,
3724,2020-05,W6Y095,송산동,,
3725,2020-06,W6Y095,송산동,,
3726,2020-07,W6Y095,송산동,,
3727,2020-08,W6Y095,송산동,,
3728,2020-09,W6Y095,송산동,,
3729,2020-10,W6Y095,송산동,,
3730,2020-11,W6Y095,송산동,,
3731,2020-12,W6Y095,송산동,,
3732,2021-01,W6Y095,송산동,,
3733,2021-02,W6Y095,송산동,,
3734,2021-03,W6Y095,송산동,,
3735,2021-04,W6Y095,송산동,,
3736,2021-05,W6Y095,송산동,,
3737,2021-06,W6Y095,송산동,,
3738,2018-01,W6Y096,송산동,1094750.0,143.0
3739,2018-02,W6Y096,송산동,1076900.0,152.0
3740,2018-03,W6Y096,송산동,1181500.0,192.0
3741,2018-04,W6Y096,송산동,1709450.0,225.0
3742,2018-05,W6Y096,송산동,1779950.0,252.0
3743,2018-06,W6Y096,송산동,1617500.0,260.0
3744,2018-07,W6Y096,송산동,1289750.0,218.0
3745,2018-08,W6Y096,송산동,1250400.0,212.0
3746,2018-09,W6Y096,송산동,1267700.0,215.0
3747,2018-10,W6Y096,송산동,1398950.0,222.0
3748,2018-11,W6Y096,송산동,1213900.0,244.0
3749,2018-12,W6Y096,송산동,1216900.0,240.0
3750,2019-01,W6Y096,송산동,1160250.0,226.0
3751,2019-02,W6Y096,송산동,524000.0,112.0
3752,2019-03,W6Y096,송산동,,
3753,2019-04,W6Y096,송산동,,
3754,2019-05,W6Y096,송산동,1177450.0,181.0
3755,2019-06,W6Y096,송산동,39850.0,19.0
3756,2019-07,W6Y096,송산동,,
3757,2019-08,W6Y096,송산동,,
3758,2019-09,W6Y096,송산동,,
3759,2019-10,W6Y096,송산동,,
3760,2019-11,W6Y096,송산동,,
3761,2019-12,W6Y096,송산동,,
3762,2020-01,W6Y096,송산동,,
3763,2020-02,W6Y096,송산동,,
3764,2020-03,W6Y096,송산동,,
3765,2020-04,W6Y096,송산동,,
3766,2020-05,W6Y096,송산동,,
3767,2020-06,W6Y096,송산동,,
3768,2020-07,W6Y096,송산동,,
3769,2020-08,W6Y096,송산동,,
3770,2020-09,W6Y096,송산동,,
3771,2020-10,W6Y096,송산동,,
3772,2020-11,W6Y096,송산동,,
3773,2020-12,W6Y096,송산동,,
3774,2021-01,W6Y096,송산동,4600.0,10.0
3775,2021-02,W6Y096,송산동,,
3776,2021-03,W6Y096,송산동,,
3777,2021-04,W6Y096,송산동,,
3778,2021-05,W6Y096,송산동,,
3779,2021-06,W6Y096,송산동,,
3780,2018-01,W6Y097,송산동,2507800.0,526.0
3781,2018-02,W6Y097,송산동,2273350.0,488.0
3782,2018-03,W6Y097,송산동,3220100.0,597.0
3783,2018-04,W6Y097,송산동,5850900.0,830.0
3784,2018-05,W6Y097,송산동,8580150.0,1026.0
3785,2018-06,W6Y097,송산동,7397900.0,869.0
3786,2018-07,W6Y097,송산동,5565150.0,595.0
3787,2018-08,W6Y097,송산동,3921750.0,449.0
3788,2018-09,W6Y097,송산동,1399250.0,255.0
3789,2018-10,W6Y097,송산동,1268100.0,278.0
3790,2018-11,W6Y097,송산동,1459950.0,379.0
3791,2018-12,W6Y097,송산동,1490800.0,349.0
3792,2019-01,W6Y097,송산동,1383450.0,256.0
3793,2019-02,W6Y097,송산동,493750.0,118.0
3794,2019-03,W6Y097,송산동,253300.0,54.0
3795,2019-04,W6Y097,송산동,1632450.0,171.0
3796,2019-05,W6Y097,송산동,7647700.0,725.0
3797,2019-06,W6Y097,송산동,9266950.0,958.0
3798,2019-07,W6Y097,송산동,6126000.0,858.0
3799,2019-08,W6Y097,송산동,5252200.0,758.0
3800,2019-09,W6Y097,송산동,2191650.0,515.0
3801,2019-10,W6Y097,송산동,1534700.0,425.0
3802,2019-11,W6Y097,송산동,1343550.0,378.0
3803,2019-12,W6Y097,송산동,1501550.0,374.0
3804,2020-01,W6Y097,송산동,2074650.0,451.0
3805,2020-02,W6Y097,송산동,1390600.0,304.0
3806,2020-03,W6Y097,송산동,3047000.0,542.0
3807,2020-04,W6Y097,송산동,6648850.0,823.0
3808,2020-05,W6Y097,송산동,7648700.0,941.0
3809,2020-06,W6Y097,송산동,8488050.0,1079.0
3810,2020-07,W6Y097,송산동,5353500.0,798.0
3811,2020-08,W6Y097,송산동,5401750.0,705.0
3812,2020-09,W6Y097,송산동,2894300.0,611.0
3813,2020-10,W6Y097,송산동,2577350.0,632.0
3814,2020-11,W6Y097,송산동,2530450.0,580.0
3815,2020-12,W6Y097,송산동,2202850.0,549.0
3816,2021-01,W6Y097,송산동,2091650.0,465.0
3817,2021-02,W6Y097,송산동,2605450.0,551.0
3818,2021-03,W6Y097,송산동,3705100.0,716.0
3819,2021-04,W6Y097,송산동,,
3820,2021-05,W6Y097,송산동,9558900.0,1105.0
3821,2021-06,W6Y097,송산동,7815300.0,826.0
3822,2018-01,W6Y098,송산동,,
3823,2018-02,W6Y098,송산동,,
3824,2018-03,W6Y098,송산동,,
3825,2018-04,W6Y098,송산동,,
3826,2018-05,W6Y098,송산동,,
3827,2018-06,W6Y098,송산동,,
3828,2018-07,W6Y098,송산동,,
3829,2018-08,W6Y098,송산동,,
3830,2018-09,W6Y098,송산동,,
3831,2018-10,W6Y098,송산동,,
3832,2018-11,W6Y098,송산동,,
3833,2018-12,W6Y098,송산동,,
3834,2019-01,W6Y098,송산동,,
3835,2019-02,W6Y098,송산동,,
3836,2019-03,W6Y098,송산동,,
3837,2019-04,W6Y098,송산동,,
3838,2019-05,W6Y098,송산동,,
3839,2019-06,W6Y098,송산동,776300.0,224.0
3840,2019-07,W6Y098,송산동,1978400.0,629.0
3841,2019-08,W6Y098,송산동,2041750.0,599.0
3842,2019-09,W6Y098,송산동,2197300.0,643.0
3843,2019-10,W6Y098,송산동,1902200.0,567.0
3844,2019-11,W6Y098,송산동,1426000.0,484.0
3845,2019-12,W6Y098,송산동,1450100.0,449.0
3846,2020-01,W6Y098,송산동,1919250.0,542.0
3847,2020-02,W6Y098,송산동,1357700.0,416.0
3848,2020-03,W6Y098,송산동,1494000.0,501.0
3849,2020-04,W6Y098,송산동,1349500.0,474.0
3850,2020-05,W6Y098,송산동,1994900.0,572.0
3851,2020-06,W6Y098,송산동,1899050.0,607.0
3852,2020-07,W6Y098,송산동,2122800.0,704.0
3853,2020-08,W6Y098,송산동,2427200.0,723.0
3854,2020-09,W6Y098,송산동,1890700.0,656.0
3855,2020-10,W6Y098,송산동,2376350.0,644.0
3856,2020-11,W6Y098,송산동,2215900.0,567.0
3857,2020-12,W6Y098,송산동,1929600.0,542.0
3858,2021-01,W6Y098,송산동,1803950.0,551.0
3859,2021-02,W6Y098,송산동,2095900.0,589.0
3860,2021-03,W6Y098,송산동,2552250.0,581.0
3861,2021-04,W6Y098,송산동,,
3862,2021-05,W6Y098,송산동,3097300.0,727.0
3863,2021-06,W6Y098,송산동,3359400.0,755.0
3864,2018-01,W6Y099,효돈동,,
3865,2018-02,W6Y099,효돈동,,
3866,2018-03,W6Y099,효돈동,,
3867,2018-04,W6Y099,효돈동,,
3868,2018-05,W6Y099,효돈동,,
3869,2018-06,W6Y099,효돈동,,
3870,2018-07,W6Y099,효돈동,,
3871,2018-08,W6Y099,효돈동,,
3872,2018-09,W6Y099,효돈동,,
3873,2018-10,W6Y099,효돈동,,
3874,2018-11,W6Y099,효돈동,,
3875,2018-12,W6Y099,효돈동,,
3876,2019-01,W6Y099,효돈동,,
3877,2019-02,W6Y099,효돈동,,
3878,2019-03,W6Y099,효돈동,,
3879,2019-04,W6Y099,효돈동,,
3880,2019-05,W6Y099,효돈동,,
3881,2019-06,W6Y099,효돈동,,
3882,2019-07,W6Y099,효돈동,,
3883,2019-08,W6Y099,효돈동,,
3884,2019-09,W6Y099,효돈동,,
3885,2019-10,W6Y099,효돈동,,
3886,2019-11,W6Y099,효돈동,,
3887,2019-12,W6Y099,효돈동,,
3888,2020-01,W6Y099,효돈동,,
3889,2020-02,W6Y099,효돈동,,
3890,2020-03,W6Y099,효돈동,,
3891,2020-04,W6Y099,효돈동,,
3892,2020-05,W6Y099,효돈동,,
3893,2020-06,W6Y099,효돈동,,
3894,2020-07,W6Y099,효돈동,,
3895,2020-08,W6Y099,효돈동,,
3896,2020-09,W6Y099,효돈동,,
3897,2020-10,W6Y099,효돈동,,
3898,2020-11,W6Y099,효돈동,,
3899,2020-12,W6Y099,효돈동,,
3900,2021-01,W6Y099,효돈동,,
3901,2021-02,W6Y099,효돈동,,
3902,2021-03,W6Y099,효돈동,,
3903,2021-04,W6Y099,효돈동,,
3904,2021-05,W6Y099,효돈동,,
3905,2021-06,W6Y099,효돈동,,
3906,2018-01,W6Y100,송산동,,
3907,2018-02,W6Y100,송산동,,
3908,2018-03,W6Y100,송산동,,
3909,2018-04,W6Y100,송산동,,
3910,2018-05,W6Y100,송산동,,
3911,2018-06,W6Y100,송산동,,
3912,2018-07,W6Y100,송산동,,
3913,2018-08,W6Y100,송산동,,
3914,2018-09,W6Y100,송산동,,
3915,2018-10,W6Y100,송산동,,
3916,2018-11,W6Y100,송산동,,
3917,2018-12,W6Y100,송산동,,
3918,2019-01,W6Y100,송산동,,
3919,2019-02,W6Y100,송산동,,
3920,2019-03,W6Y100,송산동,,
3921,2019-04,W6Y100,송산동,,
3922,2019-05,W6Y100,송산동,,
3923,2019-06,W6Y100,송산동,,
3924,2019-07,W6Y100,송산동,,
3925,2019-08,W6Y100,송산동,,
3926,2019-09,W6Y100,송산동,,
3927,2019-10,W6Y100,송산동,,
3928,2019-11,W6Y100,송산동,,
3929,2019-12,W6Y100,송산동,,
3930,2020-01,W6Y100,송산동,,
3931,2020-02,W6Y100,송산동,,
3932,2020-03,W6Y100,송산동,,
3933,2020-04,W6Y100,송산동,,
3934,2020-05,W6Y100,송산동,,
3935,2020-06,W6Y100,송산동,,
3936,2020-07,W6Y100,송산동,,
3937,2020-08,W6Y100,송산동,,
3938,2020-09,W6Y100,송산동,,
3939,2020-10,W6Y100,송산동,,
3940,2020-11,W6Y100,송산동,,
3941,2020-12,W6Y100,송산동,,
3942,2021-01,W6Y100,송산동,,
3943,2021-02,W6Y100,송산동,,
3944,2021-03,W6Y100,송산동,,
3945,2021-04,W6Y100,송산동,,
3946,2021-05,W6Y100,송산동,,
3947,2021-06,W6Y100,송산동,,
3948,2018-01,W6Y101,송산동,1850150.0,586.0
3949,2018-02,W6Y101,송산동,2323300.0,778.0
3950,2018-03,W6Y101,송산동,5232200.0,1725.0
3951,2018-04,W6Y101,송산동,5205300.0,1878.0
3952,2018-05,W6Y101,송산동,4783300.0,1866.0
3953,2018-06,W6Y101,송산동,2627500.0,966.0
3954,2018-07,W6Y101,송산동,3373600.0,1170.0
3955,2018-08,W6Y101,송산동,3549600.0,1154.0
3956,2018-09,W6Y101,송산동,2909500.0,1095.0
3957,2018-10,W6Y101,송산동,2693850.0,1002.0
3958,2018-11,W6Y101,송산동,2680150.0,933.0
3959,2018-12,W6Y101,송산동,2716650.0,862.0
3960,2019-01,W6Y101,송산동,1173200.0,337.0
3961,2019-02,W6Y101,송산동,,
3962,2019-03,W6Y101,송산동,,
3963,2019-04,W6Y101,송산동,,
3964,2019-05,W6Y101,송산동,2526100.0,790.0
3965,2019-06,W6Y101,송산동,3618300.0,1174.0
3966,2019-07,W6Y101,송산동,4196650.0,1302.0
3967,2019-08,W6Y101,송산동,4099000.0,1326.0
3968,2019-09,W6Y101,송산동,3344700.0,1196.0
3969,2019-10,W6Y101,송산동,3232500.0,1122.0
3970,2019-11,W6Y101,송산동,3069750.0,1057.0
3971,2019-12,W6Y101,송산동,3251900.0,1051.0
3972,2020-01,W6Y101,송산동,3393100.0,1072.0
3973,2020-02,W6Y101,송산동,2774750.0,945.0
3974,2020-03,W6Y101,송산동,3588800.0,1056.0
3975,2020-04,W6Y101,송산동,3162700.0,1030.0
3976,2020-05,W6Y101,송산동,3787200.0,1188.0
3977,2020-06,W6Y101,송산동,3887500.0,1267.0
3978,2020-07,W6Y101,송산동,3723050.0,1351.0
3979,2020-08,W6Y101,송산동,3841250.0,1347.0
3980,2020-09,W6Y101,송산동,2838950.0,1090.0
3981,2020-10,W6Y101,송산동,2183200.0,883.0
3982,2020-11,W6Y101,송산동,2193400.0,775.0
3983,2020-12,W6Y101,송산동,3004850.0,1038.0
3984,2021-01,W6Y101,송산동,2733400.0,984.0
3985,2021-02,W6Y101,송산동,2875400.0,959.0
3986,2021-03,W6Y101,송산동,2810350.0,990.0
3987,2021-04,W6Y101,송산동,,
3988,2021-05,W6Y101,송산동,3730650.0,1090.0
3989,2021-06,W6Y101,송산동,3340850.0,1142.0
3990,2018-01,W6Y103,송산동,596700.0,113.0
3991,2018-02,W6Y103,송산동,404250.0,88.0
3992,2018-03,W6Y103,송산동,391300.0,90.0
3993,2018-04,W6Y103,송산동,,
3994,2018-05,W6Y103,송산동,,
3995,2018-06,W6Y103,송산동,,
3996,2018-07,W6Y103,송산동,,
3997,2018-08,W6Y103,송산동,108250.0,70.0
3998,2018-09,W6Y103,송산동,1247200.0,691.0
3999,2018-10,W6Y103,송산동,1448000.0,799.0
4000,2018-11,W6Y103,송산동,1196750.0,594.0
4001,2018-12,W6Y103,송산동,932150.0,364.0
4002,2019-01,W6Y103,송산동,1597200.0,635.0
4003,2019-02,W6Y103,송산동,887800.0,359.0
4004,2019-03,W6Y103,송산동,,
4005,2019-04,W6Y103,송산동,,
4006,2019-05,W6Y103,송산동,,
4007,2019-06,W6Y103,송산동,,
4008,2019-07,W6Y103,송산동,,
4009,2019-08,W6Y103,송산동,,
4010,2019-09,W6Y103,송산동,,
4011,2019-10,W6Y103,송산동,,
4012,2019-11,W6Y103,송산동,,
4013,2019-12,W6Y103,송산동,,
4014,2020-01,W6Y103,송산동,,
4015,2020-02,W6Y103,송산동,,
4016,2020-03,W6Y103,송산동,,
4017,2020-04,W6Y103,송산동,,
4018,2020-05,W6Y103,송산동,,
4019,2020-06,W6Y103,송산동,,
4020,2020-07,W6Y103,송산동,,
4021,2020-08,W6Y103,송산동,,
4022,2020-09,W6Y103,송산동,,
4023,2020-10,W6Y103,송산동,,
4024,2020-11,W6Y103,송산동,,
4025,2020-12,W6Y103,송산동,,
4026,2021-01,W6Y103,송산동,,
4027,2021-02,W6Y103,송산동,,
4028,2021-03,W6Y103,송산동,,
4029,2021-04,W6Y103,송산동,,
4030,2021-05,W6Y103,송산동,,
4031,2021-06,W6Y103,송산동,,
4032,2018-01,W6Y104,서홍동,6238200.0,1344.0
4033,2018-02,W6Y104,서홍동,5010150.0,1175.0
4034,2018-03,W6Y104,서홍동,5879600.0,1355.0
4035,2018-04,W6Y104,서홍동,5895600.0,1336.0
4036,2018-05,W6Y104,서홍동,5498750.0,1354.0
4037,2018-06,W6Y104,서홍동,5489400.0,1489.0
4038,2018-07,W6Y104,서홍동,5957000.0,1718.0
4039,2018-08,W6Y104,서홍동,5189550.0,1630.0
4040,2018-09,W6Y104,서홍동,4336400.0,1370.0
4041,2018-10,W6Y104,서홍동,4860000.0,1333.0
4042,2018-11,W6Y104,서홍동,4211300.0,1018.0
4043,2018-12,W6Y104,서홍동,4756150.0,1139.0
4044,2019-01,W6Y104,서홍동,4011600.0,917.0
4045,2019-02,W6Y104,서홍동,1896000.0,427.0
4046,2019-03,W6Y104,서홍동,,
4047,2019-04,W6Y104,서홍동,,
4048,2019-05,W6Y104,서홍동,4024100.0,1028.0
4049,2019-06,W6Y104,서홍동,5390500.0,1425.0
4050,2019-07,W6Y104,서홍동,5778950.0,1603.0
4051,2019-08,W6Y104,서홍동,5416600.0,1586.0
4052,2019-09,W6Y104,서홍동,5063100.0,1517.0
4053,2019-10,W6Y104,서홍동,4979550.0,1489.0
4054,2019-11,W6Y104,서홍동,5256250.0,1488.0
4055,2019-12,W6Y104,서홍동,4830500.0,1302.0
4056,2020-01,W6Y104,서홍동,5527700.0,1441.0
4057,2020-02,W6Y104,서홍동,5011300.0,1307.0
4058,2020-03,W6Y104,서홍동,5120500.0,1414.0
4059,2020-04,W6Y104,서홍동,4575800.0,1378.0
4060,2020-05,W6Y104,서홍동,4988650.0,1529.0
4061,2020-06,W6Y104,서홍동,4784450.0,1541.0
4062,2020-07,W6Y104,서홍동,4504350.0,1564.0
4063,2020-08,W6Y104,서홍동,3422300.0,1058.0
4064,2020-09,W6Y104,서홍동,2284900.0,899.0
4065,2020-10,W6Y104,서홍동,2695850.0,884.0
4066,2020-11,W6Y104,서홍동,3110200.0,935.0
4067,2020-12,W6Y104,서홍동,2631450.0,636.0
4068,2021-01,W6Y104,서홍동,2296450.0,571.0
4069,2021-02,W6Y104,서홍동,1848450.0,538.0
4070,2021-03,W6Y104,서홍동,1906950.0,611.0
4071,2021-04,W6Y104,서홍동,,
4072,2021-05,W6Y104,서홍동,1457300.0,545.0
4073,2021-06,W6Y104,서홍동,1168200.0,428.0
4074,2018-01,W6Y105,서홍동,1035400.0,287.0
4075,2018-02,W6Y105,서홍동,1131650.0,260.0
4076,2018-03,W6Y105,서홍동,2761900.0,661.0
4077,2018-04,W6Y105,서홍동,3296550.0,658.0
4078,2018-05,W6Y105,서홍동,3759400.0,903.0
4079,2018-06,W6Y105,서홍동,3913400.0,1004.0
4080,2018-07,W6Y105,서홍동,3821150.0,1011.0
4081,2018-08,W6Y105,서홍동,3897600.0,1016.0
4082,2018-09,W6Y105,서홍동,3859100.0,1057.0
4083,2018-10,W6Y105,서홍동,4082500.0,902.0
4084,2018-11,W6Y105,서홍동,3660050.0,836.0
4085,2018-12,W6Y105,서홍동,2995250.0,719.0
4086,2019-01,W6Y105,서홍동,2809900.0,690.0
4087,2019-02,W6Y105,서홍동,1965550.0,428.0
4088,2019-03,W6Y105,서홍동,1645050.0,280.0
4089,2019-04,W6Y105,서홍동,1993550.0,398.0
4090,2019-05,W6Y105,서홍동,1787200.0,439.0
4091,2019-06,W6Y105,서홍동,,
4092,2019-07,W6Y105,서홍동,672900.0,60.0
4093,2019-08,W6Y105,서홍동,1507850.0,136.0
4094,2019-09,W6Y105,서홍동,1202350.0,115.0
4095,2019-10,W6Y105,서홍동,1117000.0,103.0
4096,2019-11,W6Y105,서홍동,1456500.0,124.0
4097,2019-12,W6Y105,서홍동,1352550.0,133.0
4098,2020-01,W6Y105,서홍동,1266650.0,139.0
4099,2020-02,W6Y105,서홍동,1062200.0,122.0
4100,2020-03,W6Y105,서홍동,1436400.0,138.0
4101,2020-04,W6Y105,서홍동,1312100.0,140.0
4102,2020-05,W6Y105,서홍동,1384500.0,140.0
4103,2020-06,W6Y105,서홍동,854650.0,100.0
4104,2020-07,W6Y105,서홍동,,
4105,2020-08,W6Y105,서홍동,,
4106,2020-09,W6Y105,서홍동,,
4107,2020-10,W6Y105,서홍동,,
4108,2020-11,W6Y105,서홍동,,
4109,2020-12,W6Y105,서홍동,,
4110,2021-01,W6Y105,서홍동,,
4111,2021-02,W6Y105,서홍동,,
4112,2021-03,W6Y105,서홍동,,
4113,2021-04,W6Y105,서홍동,,
4114,2021-05,W6Y105,서홍동,,
4115,2021-06,W6Y105,서홍동,,
4116,2018-01,W6Y106,서홍동,1291650.0,141.0
4117,2018-02,W6Y106,서홍동,1060850.0,145.0
4118,2018-03,W6Y106,서홍동,1444750.0,167.0
4119,2018-04,W6Y106,서홍동,1342800.0,171.0
4120,2018-05,W6Y106,서홍동,1366700.0,175.0
4121,2018-06,W6Y106,서홍동,1448600.0,190.0
4122,2018-07,W6Y106,서홍동,1441400.0,210.0
4123,2018-08,W6Y106,서홍동,1617350.0,239.0
4124,2018-09,W6Y106,서홍동,1368100.0,208.0
4125,2018-10,W6Y106,서홍동,1215350.0,211.0
4126,2018-11,W6Y106,서홍동,1198300.0,198.0
4127,2018-12,W6Y106,서홍동,1291050.0,188.0
4128,2019-01,W6Y106,서홍동,77550.0,17.0
4129,2019-02,W6Y106,서홍동,,
4130,2019-03,W6Y106,서홍동,,
4131,2019-04,W6Y106,서홍동,,
4132,2019-05,W6Y106,서홍동,1497050.0,487.0
4133,2019-06,W6Y106,서홍동,2490850.0,802.0
4134,2019-07,W6Y106,서홍동,2648750.0,856.0
4135,2019-08,W6Y106,서홍동,2785350.0,847.0
4136,2019-09,W6Y106,서홍동,2362750.0,693.0
4137,2019-10,W6Y106,서홍동,1806400.0,609.0
4138,2019-11,W6Y106,서홍동,2294150.0,692.0
4139,2019-12,W6Y106,서홍동,2065400.0,585.0
4140,2020-01,W6Y106,서홍동,2596900.0,715.0
4141,2020-02,W6Y106,서홍동,1894150.0,550.0
4142,2020-03,W6Y106,서홍동,2003300.0,652.0
4143,2020-04,W6Y106,서홍동,1736200.0,566.0
4144,2020-05,W6Y106,서홍동,1700750.0,514.0
4145,2020-06,W6Y106,서홍동,2013900.0,662.0
4146,2020-07,W6Y106,서홍동,1752550.0,658.0
4147,2020-08,W6Y106,서홍동,1769900.0,592.0
4148,2020-09,W6Y106,서홍동,1611400.0,569.0
4149,2020-10,W6Y106,서홍동,1564800.0,541.0
4150,2020-11,W6Y106,서홍동,1885550.0,560.0
4151,2020-12,W6Y106,서홍동,1290850.0,444.0
4152,2021-01,W6Y106,서홍동,1356250.0,420.0
4153,2021-02,W6Y106,서홍동,1289800.0,409.0
4154,2021-03,W6Y106,서홍동,1957850.0,621.0
4155,2021-04,W6Y106,서홍동,,
4156,2021-05,W6Y106,서홍동,1347700.0,404.0
4157,2021-06,W6Y106,서홍동,,
4158,2018-01,W6Y107,송산동,721550.0,209.0
4159,2018-02,W6Y107,송산동,675950.0,210.0
4160,2018-03,W6Y107,송산동,613350.0,209.0
4161,2018-04,W6Y107,송산동,457600.0,143.0
4162,2018-05,W6Y107,송산동,688100.0,271.0
4163,2018-06,W6Y107,송산동,2364600.0,1190.0
4164,2018-07,W6Y107,송산동,3388700.0,1491.0
4165,2018-08,W6Y107,송산동,3615250.0,1488.0
4166,2018-09,W6Y107,송산동,3410250.0,1449.0
4167,2018-10,W6Y107,송산동,3285700.0,1321.0
4168,2018-11,W6Y107,송산동,3371500.0,1250.0
4169,2018-12,W6Y107,송산동,3415950.0,1148.0
4170,2019-01,W6Y107,송산동,3563500.0,1122.0
4171,2019-02,W6Y107,송산동,3161850.0,963.0
4172,2019-03,W6Y107,송산동,3670900.0,1260.0
4173,2019-04,W6Y107,송산동,3559050.0,1169.0
4174,2019-05,W6Y107,송산동,1655550.0,588.0
4175,2019-06,W6Y107,송산동,,
4176,2019-07,W6Y107,송산동,,
4177,2019-08,W6Y107,송산동,,
4178,2019-09,W6Y107,송산동,,
4179,2019-10,W6Y107,송산동,,
4180,2019-11,W6Y107,송산동,,
4181,2019-12,W6Y107,송산동,,
4182,2020-01,W6Y107,송산동,,
4183,2020-02,W6Y107,송산동,,
4184,2020-03,W6Y107,송산동,,
4185,2020-04,W6Y107,송산동,,
4186,2020-05,W6Y107,송산동,,
4187,2020-06,W6Y107,송산동,,
4188,2020-07,W6Y107,송산동,,
4189,2020-08,W6Y107,송산동,,
4190,2020-09,W6Y107,송산동,,
4191,2020-10,W6Y107,송산동,,
4192,2020-11,W6Y107,송산동,,
4193,2020-12,W6Y107,송산동,,
4194,2021-01,W6Y107,송산동,,
4195,2021-02,W6Y107,송산동,,
4196,2021-03,W6Y107,송산동,,
4197,2021-04,W6Y107,송산동,,
4198,2021-05,W6Y107,송산동,,
4199,2021-06,W6Y107,송산동,,
4200,2018-01,W6Y109,동홍동,2821400.0,797.0
4201,2018-02,W6Y109,동홍동,2322350.0,673.0
4202,2018-03,W6Y109,동홍동,3360700.0,1180.0
4203,2018-04,W6Y109,동홍동,1989650.0,605.0
4204,2018-05,W6Y109,동홍동,1706400.0,581.0
4205,2018-06,W6Y109,동홍동,1706100.0,789.0
4206,2018-07,W6Y109,동홍동,2663800.0,974.0
4207,2018-08,W6Y109,동홍동,2485250.0,1028.0
4208,2018-09,W6Y109,동홍동,2035250.0,849.0
4209,2018-10,W6Y109,동홍동,2262800.0,839.0
4210,2018-11,W6Y109,동홍동,1815900.0,771.0
4211,2018-12,W6Y109,동홍동,2031750.0,741.0
4212,2019-01,W6Y109,동홍동,2117550.0,755.0
4213,2019-02,W6Y109,동홍동,1646400.0,672.0
4214,2019-03,W6Y109,동홍동,1186950.0,478.0
4215,2019-04,W6Y109,동홍동,857350.0,446.0
4216,2019-05,W6Y109,동홍동,1208050.0,411.0
4217,2019-06,W6Y109,동홍동,917000.0,290.0
4218,2019-07,W6Y109,동홍동,1375250.0,462.0
4219,2019-08,W6Y109,동홍동,1466600.0,545.0
4220,2019-09,W6Y109,동홍동,1123250.0,493.0
4221,2019-10,W6Y109,동홍동,1161700.0,489.0
4222,2019-11,W6Y109,동홍동,1374300.0,536.0
4223,2019-12,W6Y109,동홍동,2103200.0,867.0
4224,2020-01,W6Y109,동홍동,2461600.0,1033.0
4225,2020-02,W6Y109,동홍동,1379150.0,496.0
4226,2020-03,W6Y109,동홍동,1285400.0,505.0
4227,2020-04,W6Y109,동홍동,1188000.0,479.0
4228,2020-05,W6Y109,동홍동,1363250.0,538.0
4229,2020-06,W6Y109,동홍동,1504700.0,588.0
4230,2020-07,W6Y109,동홍동,1771750.0,662.0
4231,2020-08,W6Y109,동홍동,1757400.0,658.0
4232,2020-09,W6Y109,동홍동,1426400.0,579.0
4233,2020-10,W6Y109,동홍동,1250450.0,497.0
4234,2020-11,W6Y109,동홍동,1228900.0,434.0
4235,2020-12,W6Y109,동홍동,1319150.0,445.0
4236,2021-01,W6Y109,동홍동,1198700.0,402.0
4237,2021-02,W6Y109,동홍동,1218450.0,395.0
4238,2021-03,W6Y109,동홍동,1281600.0,431.0
4239,2021-04,W6Y109,동홍동,,
4240,2021-05,W6Y109,동홍동,1501400.0,500.0
4241,2021-06,W6Y109,동홍동,1432700.0,507.0
4242,2018-01,W6Y110,동홍동,219200.0,62.0
4243,2018-02,W6Y110,동홍동,370300.0,75.0
4244,2018-03,W6Y110,동홍동,453800.0,112.0
4245,2018-04,W6Y110,동홍동,405800.0,99.0
4246,2018-05,W6Y110,동홍동,315250.0,101.0
4247,2018-06,W6Y110,동홍동,270650.0,81.0
4248,2018-07,W6Y110,동홍동,335300.0,108.0
4249,2018-08,W6Y110,동홍동,330950.0,114.0
4250,2018-09,W6Y110,동홍동,350550.0,105.0
4251,2018-10,W6Y110,동홍동,486650.0,94.0
4252,2018-11,W6Y110,동홍동,404700.0,84.0
4253,2018-12,W6Y110,동홍동,389300.0,92.0
4254,2019-01,W6Y110,동홍동,398700.0,86.0
4255,2019-02,W6Y110,동홍동,378050.0,81.0
4256,2019-03,W6Y110,동홍동,110150.0,31.0
4257,2019-04,W6Y110,동홍동,123600.0,41.0
4258,2019-05,W6Y110,동홍동,511350.0,111.0
4259,2019-06,W6Y110,동홍동,578200.0,141.0
4260,2019-07,W6Y110,동홍동,638100.0,150.0
4261,2019-08,W6Y110,동홍동,742950.0,166.0
4262,2019-09,W6Y110,동홍동,728100.0,142.0
4263,2019-10,W6Y110,동홍동,798150.0,149.0
4264,2019-11,W6Y110,동홍동,510350.0,114.0
4265,2019-12,W6Y110,동홍동,586450.0,102.0
4266,2020-01,W6Y110,동홍동,698850.0,135.0
4267,2020-02,W6Y110,동홍동,557350.0,113.0
4268,2020-03,W6Y110,동홍동,475100.0,116.0
4269,2020-04,W6Y110,동홍동,363800.0,122.0
4270,2020-05,W6Y110,동홍동,423100.0,154.0
4271,2020-06,W6Y110,동홍동,456200.0,150.0
4272,2020-07,W6Y110,동홍동,345650.0,151.0
4273,2020-08,W6Y110,동홍동,437450.0,178.0
4274,2020-09,W6Y110,동홍동,423100.0,172.0
4275,2020-10,W6Y110,동홍동,552100.0,159.0
4276,2020-11,W6Y110,동홍동,461800.0,145.0
4277,2020-12,W6Y110,동홍동,513450.0,141.0
4278,2021-01,W6Y110,동홍동,547250.0,137.0
4279,2021-02,W6Y110,동홍동,478450.0,136.0
4280,2021-03,W6Y110,동홍동,534350.0,150.0
4281,2021-04,W6Y110,동홍동,,
4282,2021-05,W6Y110,동홍동,397250.0,167.0
4283,2021-06,W6Y110,동홍동,737950.0,503.0
4284,2018-01,W6Y111,동홍동,1548200.0,311.0
4285,2018-02,W6Y111,동홍동,1269200.0,236.0
4286,2018-03,W6Y111,동홍동,1656100.0,306.0
4287,2018-04,W6Y111,동홍동,1470200.0,268.0
4288,2018-05,W6Y111,동홍동,1486150.0,304.0
4289,2018-06,W6Y111,동홍동,1344900.0,306.0
4290,2018-07,W6Y111,동홍동,1599650.0,368.0
4291,2018-08,W6Y111,동홍동,1296150.0,264.0
4292,2018-09,W6Y111,동홍동,1268250.0,263.0
4293,2018-10,W6Y111,동홍동,1297650.0,300.0
4294,2018-11,W6Y111,동홍동,1424900.0,269.0
4295,2018-12,W6Y111,동홍동,1498400.0,285.0
4296,2019-01,W6Y111,동홍동,859800.0,184.0
4297,2019-02,W6Y111,동홍동,448150.0,83.0
4298,2019-03,W6Y111,동홍동,,
4299,2019-04,W6Y111,동홍동,,
4300,2019-05,W6Y111,동홍동,922100.0,205.0
4301,2019-06,W6Y111,동홍동,1381150.0,343.0
4302,2019-07,W6Y111,동홍동,1042600.0,312.0
4303,2019-08,W6Y111,동홍동,711050.0,231.0
4304,2019-09,W6Y111,동홍동,462250.0,172.0
4305,2019-10,W6Y111,동홍동,409250.0,149.0
4306,2019-11,W6Y111,동홍동,354350.0,168.0
4307,2019-12,W6Y111,동홍동,454200.0,169.0
4308,2020-01,W6Y111,동홍동,518800.0,183.0
4309,2020-02,W6Y111,동홍동,539500.0,199.0
4310,2020-03,W6Y111,동홍동,416700.0,185.0
4311,2020-04,W6Y111,동홍동,481800.0,167.0
4312,2020-05,W6Y111,동홍동,459850.0,192.0
4313,2020-06,W6Y111,동홍동,282950.0,146.0
4314,2020-07,W6Y111,동홍동,669500.0,233.0
4315,2020-08,W6Y111,동홍동,1326100.0,387.0
4316,2020-09,W6Y111,동홍동,1160800.0,349.0
4317,2020-10,W6Y111,동홍동,1261050.0,325.0
4318,2020-11,W6Y111,동홍동,986650.0,191.0
4319,2020-12,W6Y111,동홍동,1407050.0,336.0
4320,2021-01,W6Y111,동홍동,1401250.0,324.0
4321,2021-02,W6Y111,동홍동,1342500.0,338.0
4322,2021-03,W6Y111,동홍동,1496750.0,368.0
4323,2021-04,W6Y111,동홍동,,
4324,2021-05,W6Y111,동홍동,1175900.0,348.0
4325,2021-06,W6Y111,동홍동,350550.0,114.0
4326,2018-01,W6Y112,동홍동,,
4327,2018-02,W6Y112,동홍동,,
4328,2018-03,W6Y112,동홍동,,
4329,2018-04,W6Y112,동홍동,,
4330,2018-05,W6Y112,동홍동,,
4331,2018-06,W6Y112,동홍동,,
4332,2018-07,W6Y112,동홍동,,
4333,2018-08,W6Y112,동홍동,,
4334,2018-09,W6Y112,동홍동,,
4335,2018-10,W6Y112,동홍동,,
4336,2018-11,W6Y112,동홍동,,
4337,2018-12,W6Y112,동홍동,,
4338,2019-01,W6Y112,동홍동,,
4339,2019-02,W6Y112,동홍동,,
4340,2019-03,W6Y112,동홍동,,
4341,2019-04,W6Y112,동홍동,,
4342,2019-05,W6Y112,동홍동,,
4343,2019-06,W6Y112,동홍동,,
4344,2019-07,W6Y112,동홍동,,
4345,2019-08,W6Y112,동홍동,,
4346,2019-09,W6Y112,동홍동,,
4347,2019-10,W6Y112,동홍동,,
4348,2019-11,W6Y112,동홍동,,
4349,2019-12,W6Y112,동홍동,,
4350,2020-01,W6Y112,동홍동,,
4351,2020-02,W6Y112,동홍동,,
4352,2020-03,W6Y112,동홍동,,
4353,2020-04,W6Y112,동홍동,,
4354,2020-05,W6Y112,동홍동,,
4355,2020-06,W6Y112,동홍동,,
4356,2020-07,W6Y112,동홍동,,
4357,2020-08,W6Y112,동홍동,,
4358,2020-09,W6Y112,동홍동,,
4359,2020-10,W6Y112,동홍동,,
4360,2020-11,W6Y112,동홍동,,
4361,2020-12,W6Y112,동홍동,,
4362,2021-01,W6Y112,동홍동,,
4363,2021-02,W6Y112,동홍동,,
4364,2021-03,W6Y112,동홍동,,
4365,2021-04,W6Y112,동홍동,,
4366,2021-05,W6Y112,동홍동,,
4367,2021-06,W6Y112,동홍동,,
4368,2018-01,W6Y114,동홍동,1611300.0,427.0
4369,2018-02,W6Y114,동홍동,1378250.0,349.0
4370,2018-03,W6Y114,동홍동,1264550.0,314.0
4371,2018-04,W6Y114,동홍동,1224850.0,326.0
4372,2018-05,W6Y114,동홍동,1527550.0,400.0
4373,2018-06,W6Y114,동홍동,1287150.0,347.0
4374,2018-07,W6Y114,동홍동,1780650.0,562.0
4375,2018-08,W6Y114,동홍동,2239200.0,654.0
4376,2018-09,W6Y114,동홍동,1701600.0,492.0
4377,2018-10,W6Y114,동홍동,1126000.0,307.0
4378,2018-11,W6Y114,동홍동,1390450.0,303.0
4379,2018-12,W6Y114,동홍동,1338050.0,280.0
4380,2019-01,W6Y114,동홍동,1567400.0,303.0
4381,2019-02,W6Y114,동홍동,1560800.0,312.0
4382,2019-03,W6Y114,동홍동,953900.0,229.0
4383,2019-04,W6Y114,동홍동,873300.0,245.0
4384,2019-05,W6Y114,동홍동,685950.0,199.0
4385,2019-06,W6Y114,동홍동,2937800.0,846.0
4386,2019-07,W6Y114,동홍동,6015050.0,1878.0
4387,2019-08,W6Y114,동홍동,5416250.0,1798.0
4388,2019-09,W6Y114,동홍동,5248350.0,1729.0
4389,2019-10,W6Y114,동홍동,5501350.0,1690.0
4390,2019-11,W6Y114,동홍동,6095000.0,1783.0
4391,2019-12,W6Y114,동홍동,5851250.0,1722.0
4392,2020-01,W6Y114,동홍동,6082850.0,1697.0
4393,2020-02,W6Y114,동홍동,5392450.0,1544.0
4394,2020-03,W6Y114,동홍동,5815000.0,1715.0
4395,2020-04,W6Y114,동홍동,5266450.0,1613.0
4396,2020-05,W6Y114,동홍동,5638100.0,1784.0
4397,2020-06,W6Y114,동홍동,6524550.0,1968.0
4398,2020-07,W6Y114,동홍동,6040900.0,1864.0
4399,2020-08,W6Y114,동홍동,2347300.0,726.0
4400,2020-09,W6Y114,동홍동,,
4401,2020-10,W6Y114,동홍동,,
4402,2020-11,W6Y114,동홍동,,
4403,2020-12,W6Y114,동홍동,,
4404,2021-01,W6Y114,동홍동,,
4405,2021-02,W6Y114,동홍동,,
4406,2021-03,W6Y114,동홍동,,
4407,2021-04,W6Y114,동홍동,,
4408,2021-05,W6Y114,동홍동,,
4409,2021-06,W6Y114,동홍동,,
4410,2018-01,W6Y115,동홍동,1456850.0,394.0
4411,2018-02,W6Y115,동홍동,1152150.0,319.0
4412,2018-03,W6Y115,동홍동,1219600.0,372.0
4413,2018-04,W6Y115,동홍동,1421700.0,396.0
4414,2018-05,W6Y115,동홍동,1401400.0,402.0
4415,2018-06,W6Y115,동홍동,736400.0,299.0
4416,2018-07,W6Y115,동홍동,2054400.0,604.0
4417,2018-08,W6Y115,동홍동,2577100.0,817.0
4418,2018-09,W6Y115,동홍동,1469750.0,605.0
4419,2018-10,W6Y115,동홍동,1596050.0,599.0
4420,2018-11,W6Y115,동홍동,1226150.0,469.0
4421,2018-12,W6Y115,동홍동,1438600.0,500.0
4422,2019-01,W6Y115,동홍동,1637850.0,526.0
4423,2019-02,W6Y115,동홍동,1665950.0,528.0
4424,2019-03,W6Y115,동홍동,1507850.0,504.0
4425,2019-04,W6Y115,동홍동,1328750.0,517.0
4426,2019-05,W6Y115,동홍동,1548550.0,619.0
4427,2019-06,W6Y115,동홍동,605450.0,274.0
4428,2019-07,W6Y115,동홍동,1079950.0,601.0
4429,2019-08,W6Y115,동홍동,1417000.0,716.0
4430,2019-09,W6Y115,동홍동,1216700.0,629.0
4431,2019-10,W6Y115,동홍동,1194650.0,585.0
4432,2019-11,W6Y115,동홍동,1648200.0,575.0
4433,2019-12,W6Y115,동홍동,1624450.0,539.0
4434,2020-01,W6Y115,동홍동,1621750.0,515.0
4435,2020-02,W6Y115,동홍동,1528950.0,470.0
4436,2020-03,W6Y115,동홍동,1837050.0,570.0
4437,2020-04,W6Y115,동홍동,1535800.0,555.0
4438,2020-05,W6Y115,동홍동,1709000.0,669.0
4439,2020-06,W6Y115,동홍동,1790250.0,754.0
4440,2020-07,W6Y115,동홍동,522500.0,211.0
4441,2020-08,W6Y115,동홍동,2075750.0,896.0
4442,2020-09,W6Y115,동홍동,1967250.0,801.0
4443,2020-10,W6Y115,동홍동,1996500.0,772.0
4444,2020-11,W6Y115,동홍동,1120750.0,461.0
4445,2020-12,W6Y115,동홍동,6000.0,3.0
4446,2021-01,W6Y115,동홍동,1845350.0,636.0
4447,2021-02,W6Y115,동홍동,1860500.0,681.0
4448,2021-03,W6Y115,동홍동,2301150.0,733.0
4449,2021-04,W6Y115,동홍동,,
4450,2021-05,W6Y115,동홍동,2183550.0,866.0
4451,2021-06,W6Y115,동홍동,1672450.0,840.0
4452,2018-01,W6Y116,동홍동,3925350.0,1367.0
4453,2018-02,W6Y116,동홍동,3356600.0,1205.0
4454,2018-03,W6Y116,동홍동,2096350.0,782.0
4455,2018-04,W6Y116,동홍동,378450.0,163.0
4456,2018-05,W6Y116,동홍동,421600.0,155.0
4457,2018-06,W6Y116,동홍동,312800.0,173.0
4458,2018-07,W6Y116,동홍동,475050.0,239.0
4459,2018-08,W6Y116,동홍동,460650.0,249.0
4460,2018-09,W6Y116,동홍동,533600.0,227.0
4461,2018-10,W6Y116,동홍동,497300.0,211.0
4462,2018-11,W6Y116,동홍동,575400.0,226.0
4463,2018-12,W6Y116,동홍동,416750.0,161.0
4464,2019-01,W6Y116,동홍동,460500.0,153.0
4465,2019-02,W6Y116,동홍동,413200.0,160.0
4466,2019-03,W6Y116,동홍동,492450.0,166.0
4467,2019-04,W6Y116,동홍동,538150.0,163.0
4468,2019-05,W6Y116,동홍동,378200.0,164.0
4469,2019-06,W6Y116,동홍동,56150.0,24.0
4470,2019-07,W6Y116,동홍동,,
4471,2019-08,W6Y116,동홍동,,
4472,2019-09,W6Y116,동홍동,,
4473,2019-10,W6Y116,동홍동,,
4474,2019-11,W6Y116,동홍동,,
4475,2019-12,W6Y116,동홍동,,
4476,2020-01,W6Y116,동홍동,,
4477,2020-02,W6Y116,동홍동,,
4478,2020-03,W6Y116,동홍동,,
4479,2020-04,W6Y116,동홍동,,
4480,2020-05,W6Y116,동홍동,,
4481,2020-06,W6Y116,동홍동,,
4482,2020-07,W6Y116,동홍동,,
4483,2020-08,W6Y116,동홍동,,
4484,2020-09,W6Y116,동홍동,,
4485,2020-10,W6Y116,동홍동,,
4486,2020-11,W6Y116,동홍동,,
4487,2020-12,W6Y116,동홍동,,
4488,2021-01,W6Y116,동홍동,,
4489,2021-02,W6Y116,동홍동,,
4490,2021-03,W6Y116,동홍동,,
4491,2021-04,W6Y116,동홍동,,
4492,2021-05,W6Y116,동홍동,,
4493,2021-06,W6Y116,동홍동,,
4494,2018-01,W6Y117,동홍동,5301750.0,1596.0
4495,2018-02,W6Y117,동홍동,4484300.0,1229.0
4496,2018-03,W6Y117,동홍동,4882700.0,1418.0
4497,2018-04,W6Y117,동홍동,3545450.0,1190.0
4498,2018-05,W6Y117,동홍동,3580700.0,1305.0
4499,2018-06,W6Y117,동홍동,3619200.0,1374.0
4500,2018-07,W6Y117,동홍동,3444350.0,1392.0
4501,2018-08,W6Y117,동홍동,3501100.0,1339.0
4502,2018-09,W6Y117,동홍동,3383700.0,1326.0
4503,2018-10,W6Y117,동홍동,3278500.0,1343.0
4504,2018-11,W6Y117,동홍동,2913700.0,1078.0
4505,2018-12,W6Y117,동홍동,3007750.0,1067.0
4506,2019-01,W6Y117,동홍동,3168400.0,1064.0
4507,2019-02,W6Y117,동홍동,3017600.0,923.0
4508,2019-03,W6Y117,동홍동,2569300.0,836.0
4509,2019-04,W6Y117,동홍동,1773500.0,651.0
4510,2019-05,W6Y117,동홍동,1526550.0,567.0
4511,2019-06,W6Y117,동홍동,3116450.0,1158.0
4512,2019-07,W6Y117,동홍동,6455200.0,2581.0
4513,2019-08,W6Y117,동홍동,5632250.0,2185.0
4514,2019-09,W6Y117,동홍동,5690650.0,2135.0
4515,2019-10,W6Y117,동홍동,4951150.0,2134.0
4516,2019-11,W6Y117,동홍동,4944300.0,1959.0
4517,2019-12,W6Y117,동홍동,4825200.0,1732.0
4518,2020-01,W6Y117,동홍동,5317650.0,1827.0
4519,2020-02,W6Y117,동홍동,6236750.0,2028.0
4520,2020-03,W6Y117,동홍동,6018850.0,2211.0
4521,2020-04,W6Y117,동홍동,5046300.0,1988.0
4522,2020-05,W6Y117,동홍동,7939628.0,2551.0
4523,2020-06,W6Y117,동홍동,5430364.0,1823.0
4524,2020-07,W6Y117,동홍동,1856250.0,776.0
4525,2020-08,W6Y117,동홍동,7236500.0,3123.0
4526,2020-09,W6Y117,동홍동,7670350.0,3302.0
4527,2020-10,W6Y117,동홍동,10220450.0,3684.0
4528,2020-11,W6Y117,동홍동,9307250.0,3282.0
4529,2020-12,W6Y117,동홍동,8061550.0,2917.0
4530,2021-01,W6Y117,동홍동,7941250.0,2863.0
4531,2021-02,W6Y117,동홍동,8208350.0,2901.0
4532,2021-03,W6Y117,동홍동,8294050.0,3009.0
4533,2021-04,W6Y117,동홍동,,
4534,2021-05,W6Y117,동홍동,7867000.0,3178.0
4535,2021-06,W6Y117,동홍동,7502700.0,3175.0
4536,2018-01,W6Y118,동홍동,1681200.0,401.0
4537,2018-02,W6Y118,동홍동,1594950.0,405.0
4538,2018-03,W6Y118,동홍동,1690150.0,409.0
4539,2018-04,W6Y118,동홍동,976400.0,236.0
4540,2018-05,W6Y118,동홍동,178600.0,55.0
4541,2018-06,W6Y118,동홍동,974700.0,227.0
4542,2018-07,W6Y118,동홍동,1241850.0,330.0
4543,2018-08,W6Y118,동홍동,1197550.0,315.0
4544,2018-09,W6Y118,동홍동,1568600.0,408.0
4545,2018-10,W6Y118,동홍동,1687300.0,398.0
4546,2018-11,W6Y118,동홍동,2367650.0,495.0
4547,2018-12,W6Y118,동홍동,1747700.0,366.0
4548,2019-01,W6Y118,동홍동,2067100.0,438.0
4549,2019-02,W6Y118,동홍동,2206750.0,579.0
4550,2019-03,W6Y118,동홍동,2587200.0,675.0
4551,2019-04,W6Y118,동홍동,2508000.0,675.0
4552,2019-05,W6Y118,동홍동,2386800.0,710.0
4553,2019-06,W6Y118,동홍동,2892800.0,906.0
4554,2019-07,W6Y118,동홍동,6280000.0,1986.0
4555,2019-08,W6Y118,동홍동,5746050.0,1966.0
4556,2019-09,W6Y118,동홍동,5464700.0,1696.0
4557,2019-10,W6Y118,동홍동,4849500.0,1562.0
4558,2019-11,W6Y118,동홍동,4998450.0,1510.0
4559,2019-12,W6Y118,동홍동,4989250.0,1389.0
4560,2020-01,W6Y118,동홍동,5091550.0,1352.0
4561,2020-02,W6Y118,동홍동,5308050.0,1413.0
4562,2020-03,W6Y118,동홍동,5400800.0,1528.0
4563,2020-04,W6Y118,동홍동,5066900.0,1500.0
4564,2020-05,W6Y118,동홍동,5613450.0,1645.0
4565,2020-06,W6Y118,동홍동,5532500.0,1705.0
4566,2020-07,W6Y118,동홍동,6184050.0,2032.0
4567,2020-08,W6Y118,동홍동,5167450.0,1746.0
4568,2020-09,W6Y118,동홍동,4249550.0,1307.0
4569,2020-10,W6Y118,동홍동,4017000.0,1202.0
4570,2020-11,W6Y118,동홍동,3984900.0,1094.0
4571,2020-12,W6Y118,동홍동,4633300.0,1242.0
4572,2021-01,W6Y118,동홍동,4584500.0,1168.0
4573,2021-02,W6Y118,동홍동,4182900.0,1083.0
4574,2021-03,W6Y118,동홍동,4626800.0,1175.0
4575,2021-04,W6Y118,동홍동,,
4576,2021-05,W6Y118,동홍동,2722250.0,863.0
4577,2021-06,W6Y118,동홍동,2725800.0,926.0
4578,2018-01,W6Y119,동홍동,934900.0,286.0
4579,2018-02,W6Y119,동홍동,593400.0,154.0
4580,2018-03,W6Y119,동홍동,847300.0,238.0
4581,2018-04,W6Y119,동홍동,666000.0,184.0
4582,2018-05,W6Y119,동홍동,694300.0,189.0
4583,2018-06,W6Y119,동홍동,832700.0,268.0
4584,2018-07,W6Y119,동홍동,222400.0,56.0
4585,2018-08,W6Y119,동홍동,523150.0,135.0
4586,2018-09,W6Y119,동홍동,442400.0,118.0
4587,2018-10,W6Y119,동홍동,458700.0,114.0
4588,2018-11,W6Y119,동홍동,351000.0,107.0
4589,2018-12,W6Y119,동홍동,465100.0,128.0
4590,2019-01,W6Y119,동홍동,337700.0,77.0
4591,2019-02,W6Y119,동홍동,422150.0,63.0
4592,2019-03,W6Y119,동홍동,545100.0,125.0
4593,2019-04,W6Y119,동홍동,589300.0,129.0
4594,2019-05,W6Y119,동홍동,218250.0,41.0
4595,2019-06,W6Y119,동홍동,1780550.0,614.0
4596,2019-07,W6Y119,동홍동,4026300.0,1491.0
4597,2019-08,W6Y119,동홍동,3842700.0,1568.0
4598,2019-09,W6Y119,동홍동,3576300.0,1398.0
4599,2019-10,W6Y119,동홍동,3177700.0,1266.0
4600,2019-11,W6Y119,동홍동,3031800.0,1153.0
4601,2019-12,W6Y119,동홍동,3560700.0,1164.0
4602,2020-01,W6Y119,동홍동,4291350.0,1219.0
4603,2020-02,W6Y119,동홍동,3698100.0,1174.0
4604,2020-03,W6Y119,동홍동,3833100.0,1345.0
4605,2020-04,W6Y119,동홍동,3538000.0,1317.0
4606,2020-05,W6Y119,동홍동,3972400.0,1478.0
4607,2020-06,W6Y119,동홍동,3875550.0,1561.0
4608,2020-07,W6Y119,동홍동,4136250.0,1660.0
4609,2020-08,W6Y119,동홍동,4189650.0,1688.0
4610,2020-09,W6Y119,동홍동,3653500.0,1511.0
4611,2020-10,W6Y119,동홍동,3706750.0,1493.0
4612,2020-11,W6Y119,동홍동,3997100.0,1392.0
4613,2020-12,W6Y119,동홍동,4029900.0,1410.0
4614,2021-01,W6Y119,동홍동,4351450.0,1480.0
4615,2021-02,W6Y119,동홍동,4221150.0,1394.0
4616,2021-03,W6Y119,동홍동,3804450.0,1448.0
4617,2021-04,W6Y119,동홍동,,
4618,2021-05,W6Y119,동홍동,3308250.0,1353.0
4619,2021-06,W6Y119,동홍동,1338150.0,530.0
4620,2018-01,W6Y120,동홍동,5287650.0,1650.0
4621,2018-02,W6Y120,동홍동,5403200.0,1680.0
4622,2018-03,W6Y120,동홍동,5493400.0,1755.0
4623,2018-04,W6Y120,동홍동,4802150.0,1697.0
4624,2018-05,W6Y120,동홍동,5582550.0,2052.0
4625,2018-06,W6Y120,동홍동,6282650.0,2339.0
4626,2018-07,W6Y120,동홍동,7445400.0,2808.0
4627,2018-08,W6Y120,동홍동,6700350.0,2654.0
4628,2018-09,W6Y120,동홍동,5995750.0,2526.0
4629,2018-10,W6Y120,동홍동,5623300.0,2304.0
4630,2018-11,W6Y120,동홍동,5393750.0,1983.0
4631,2018-12,W6Y120,동홍동,6637800.0,2137.0
4632,2019-01,W6Y120,동홍동,2945850.0,954.0
4633,2019-02,W6Y120,동홍동,1739300.0,560.0
4634,2019-03,W6Y120,동홍동,895350.0,268.0
4635,2019-04,W6Y120,동홍동,913100.0,255.0
4636,2019-05,W6Y120,동홍동,1415700.0,461.0
4637,2019-06,W6Y120,동홍동,1083000.0,359.0
4638,2019-07,W6Y120,동홍동,1137850.0,369.0
4639,2019-08,W6Y120,동홍동,1395800.0,359.0
4640,2019-09,W6Y120,동홍동,1180350.0,375.0
4641,2019-10,W6Y120,동홍동,910000.0,303.0
4642,2019-11,W6Y120,동홍동,925150.0,288.0
4643,2019-12,W6Y120,동홍동,1095450.0,281.0
4644,2020-01,W6Y120,동홍동,1157500.0,289.0
4645,2020-02,W6Y120,동홍동,766350.0,230.0
4646,2020-03,W6Y120,동홍동,926150.0,272.0
4647,2020-04,W6Y120,동홍동,950950.0,264.0
4648,2020-05,W6Y120,동홍동,1220150.0,341.0
4649,2020-06,W6Y120,동홍동,1190800.0,345.0
4650,2020-07,W6Y120,동홍동,363100.0,121.0
4651,2020-08,W6Y120,동홍동,,
4652,2020-09,W6Y120,동홍동,,
4653,2020-10,W6Y120,동홍동,,
4654,2020-11,W6Y120,동홍동,,
4655,2020-12,W6Y120,동홍동,,
4656,2021-01,W6Y120,동홍동,,
4657,2021-02,W6Y120,동홍동,,
4658,2021-03,W6Y120,동홍동,,
4659,2021-04,W6Y120,동홍동,,
4660,2021-05,W6Y120,동홍동,,
4661,2021-06,W6Y120,동홍동,,
4662,2018-01,W6Y121,동홍동,603650.0,178.0
4663,2018-02,W6Y121,동홍동,,
4664,2018-03,W6Y121,동홍동,,
4665,2018-04,W6Y121,동홍동,,
4666,2018-05,W6Y121,동홍동,,
4667,2018-06,W6Y121,동홍동,,
4668,2018-07,W6Y121,동홍동,,
4669,2018-08,W6Y121,동홍동,,
4670,2018-09,W6Y121,동홍동,,
4671,2018-10,W6Y121,동홍동,,
4672,2018-11,W6Y121,동홍동,,
4673,2018-12,W6Y121,동홍동,,
4674,2019-01,W6Y121,동홍동,,
4675,2019-02,W6Y121,동홍동,,
4676,2019-03,W6Y121,동홍동,,
4677,2019-04,W6Y121,동홍동,,
4678,2019-05,W6Y121,동홍동,,
4679,2019-06,W6Y121,동홍동,2163750.0,714.0
4680,2019-07,W6Y121,동홍동,5487850.0,1817.0
4681,2019-08,W6Y121,동홍동,5441400.0,1883.0
4682,2019-09,W6Y121,동홍동,5340950.0,1864.0
4683,2019-10,W6Y121,동홍동,4073700.0,1621.0
4684,2019-11,W6Y121,동홍동,4273850.0,1514.0
4685,2019-12,W6Y121,동홍동,4415600.0,1471.0
4686,2020-01,W6Y121,동홍동,4393000.0,1336.0
4687,2020-02,W6Y121,동홍동,4343400.0,1408.0
4688,2020-03,W6Y121,동홍동,4113600.0,1446.0
4689,2020-04,W6Y121,동홍동,3689350.0,1393.0
4690,2020-05,W6Y121,동홍동,4519150.0,1613.0
4691,2020-06,W6Y121,동홍동,3240000.0,1244.0
4692,2020-07,W6Y121,동홍동,1804900.0,668.0
4693,2020-08,W6Y121,동홍동,6875750.0,2647.0
4694,2020-09,W6Y121,동홍동,5536400.0,2331.0
4695,2020-10,W6Y121,동홍동,5649550.0,2195.0
4696,2020-11,W6Y121,동홍동,5764500.0,2088.0
4697,2020-12,W6Y121,동홍동,5795100.0,2040.0
4698,2021-01,W6Y121,동홍동,5596200.0,1922.0
4699,2021-02,W6Y121,동홍동,5073200.0,1730.0
4700,2021-03,W6Y121,동홍동,3804650.0,1348.0
4701,2021-04,W6Y121,동홍동,,
4702,2021-05,W6Y121,동홍동,5654950.0,2155.0
4703,2021-06,W6Y121,동홍동,5423900.0,2173.0
4704,2018-01,W6Y122,동홍동,328050.0,100.0
4705,2018-02,W6Y122,동홍동,19000.0,8.0
4706,2018-03,W6Y122,동홍동,27650.0,9.0
4707,2018-04,W6Y122,동홍동,18300.0,6.0
4708,2018-05,W6Y122,동홍동,,
4709,2018-06,W6Y122,동홍동,,
4710,2018-07,W6Y122,동홍동,,
4711,2018-08,W6Y122,동홍동,,
4712,2018-09,W6Y122,동홍동,,
4713,2018-10,W6Y122,동홍동,,
4714,2018-11,W6Y122,동홍동,,
4715,2018-12,W6Y122,동홍동,,
4716,2019-01,W6Y122,동홍동,,
4717,2019-02,W6Y122,동홍동,,
4718,2019-03,W6Y122,동홍동,,
4719,2019-04,W6Y122,동홍동,,
4720,2019-05,W6Y122,동홍동,,
4721,2019-06,W6Y122,동홍동,863750.0,357.0
4722,2019-07,W6Y122,동홍동,2050050.0,859.0
4723,2019-08,W6Y122,동홍동,2061450.0,851.0
4724,2019-09,W6Y122,동홍동,2068350.0,832.0
4725,2019-10,W6Y122,동홍동,1828050.0,750.0
4726,2019-11,W6Y122,동홍동,1611500.0,695.0
4727,2019-12,W6Y122,동홍동,1992700.0,751.0
4728,2020-01,W6Y122,동홍동,1905000.0,693.0
4729,2020-02,W6Y122,동홍동,2037150.0,742.0
4730,2020-03,W6Y122,동홍동,1838450.0,788.0
4731,2020-04,W6Y122,동홍동,1661000.0,744.0
4732,2020-05,W6Y122,동홍동,1830550.0,767.0
4733,2020-06,W6Y122,동홍동,2104050.0,818.0
4734,2020-07,W6Y122,동홍동,2216350.0,911.0
4735,2020-08,W6Y122,동홍동,2341950.0,950.0
4736,2020-09,W6Y122,동홍동,2096200.0,872.0
4737,2020-10,W6Y122,동홍동,2149500.0,802.0
4738,2020-11,W6Y122,동홍동,2099000.0,730.0
4739,2020-12,W6Y122,동홍동,2405050.0,761.0
4740,2021-01,W6Y122,동홍동,2413750.0,770.0
4741,2021-02,W6Y122,동홍동,2218100.0,740.0
4742,2021-03,W6Y122,동홍동,2212350.0,782.0
4743,2021-04,W6Y122,동홍동,,
4744,2021-05,W6Y122,동홍동,2045900.0,796.0
4745,2021-06,W6Y122,동홍동,861450.0,323.0
4746,2018-01,W6Y123,동홍동,6627250.0,1746.0
4747,2018-02,W6Y123,동홍동,5070400.0,1386.0
4748,2018-03,W6Y123,동홍동,4076200.0,1160.0
4749,2018-04,W6Y123,동홍동,4211800.0,1298.0
4750,2018-05,W6Y123,동홍동,4625450.0,1545.0
4751,2018-06,W6Y123,동홍동,4762650.0,1724.0
4752,2018-07,W6Y123,동홍동,6602600.0,1971.0
4753,2018-08,W6Y123,동홍동,5717750.0,2025.0
4754,2018-09,W6Y123,동홍동,4882250.0,1833.0
4755,2018-10,W6Y123,동홍동,4689800.0,1532.0
4756,2018-11,W6Y123,동홍동,7163100.0,2271.0
4757,2018-12,W6Y123,동홍동,7801000.0,2420.0
4758,2019-01,W6Y123,동홍동,7535650.0,2210.0
4759,2019-02,W6Y123,동홍동,7535200.0,2235.0
4760,2019-03,W6Y123,동홍동,8750450.0,2568.0
4761,2019-04,W6Y123,동홍동,9021100.0,2589.0
4762,2019-05,W6Y123,동홍동,7539350.0,2527.0
4763,2019-06,W6Y123,동홍동,4790050.0,1590.0
4764,2019-07,W6Y123,동홍동,8572850.0,2625.0
4765,2019-08,W6Y123,동홍동,8830000.0,2868.0
4766,2019-09,W6Y123,동홍동,7216650.0,2567.0
4767,2019-10,W6Y123,동홍동,7497050.0,2390.0
4768,2019-11,W6Y123,동홍동,7082500.0,2128.0
4769,2019-12,W6Y123,동홍동,7771300.0,2095.0
4770,2020-01,W6Y123,동홍동,7042600.0,1834.0
4771,2020-02,W6Y123,동홍동,7461400.0,1887.0
4772,2020-03,W6Y123,동홍동,6595550.0,1482.0
4773,2020-04,W6Y123,동홍동,5626550.0,1190.0
4774,2020-05,W6Y123,동홍동,5996900.0,1387.0
4775,2020-06,W6Y123,동홍동,8573692.0,1452.0
4776,2020-07,W6Y123,동홍동,6959750.0,1547.0
4777,2020-08,W6Y123,동홍동,10796150.0,3003.0
4778,2020-09,W6Y123,동홍동,9534600.0,2799.0
4779,2020-10,W6Y123,동홍동,9534000.0,2728.0
4780,2020-11,W6Y123,동홍동,9482900.0,2520.0
4781,2020-12,W6Y123,동홍동,9958250.0,2554.0
4782,2021-01,W6Y123,동홍동,9620800.0,2521.0
4783,2021-02,W6Y123,동홍동,8884600.0,2337.0
4784,2021-03,W6Y123,동홍동,8814150.0,2445.0
4785,2021-04,W6Y123,동홍동,,
4786,2021-05,W6Y123,동홍동,7354000.0,2165.0
4787,2021-06,W6Y123,동홍동,2963650.0,909.0
4788,2018-01,W6Y124,동홍동,2331450.0,418.0
4789,2018-02,W6Y124,동홍동,1923300.0,404.0
4790,2018-03,W6Y124,동홍동,1957750.0,449.0
4791,2018-04,W6Y124,동홍동,1648200.0,413.0
4792,2018-05,W6Y124,동홍동,1663800.0,433.0
4793,2018-06,W6Y124,동홍동,1302950.0,473.0
4794,2018-07,W6Y124,동홍동,1795750.0,527.0
4795,2018-08,W6Y124,동홍동,1449050.0,431.0
4796,2018-09,W6Y124,동홍동,1543350.0,464.0
4797,2018-10,W6Y124,동홍동,1675950.0,387.0
4798,2018-11,W6Y124,동홍동,1934150.0,393.0
4799,2018-12,W6Y124,동홍동,2162000.0,401.0
4800,2019-01,W6Y124,동홍동,2070350.0,423.0
4801,2019-02,W6Y124,동홍동,1961900.0,414.0
4802,2019-03,W6Y124,동홍동,1973900.0,427.0
4803,2019-04,W6Y124,동홍동,1801800.0,427.0
4804,2019-05,W6Y124,동홍동,1848700.0,428.0
4805,2019-06,W6Y124,동홍동,1304750.0,327.0
4806,2019-07,W6Y124,동홍동,2249750.0,536.0
4807,2019-08,W6Y124,동홍동,2175100.0,545.0
4808,2019-09,W6Y124,동홍동,2114700.0,557.0
4809,2019-10,W6Y124,동홍동,2120400.0,521.0
4810,2019-11,W6Y124,동홍동,2288350.0,501.0
4811,2019-12,W6Y124,동홍동,2365150.0,481.0
4812,2020-01,W6Y124,동홍동,2050000.0,456.0
4813,2020-02,W6Y124,동홍동,2297650.0,462.0
4814,2020-03,W6Y124,동홍동,2051150.0,462.0
4815,2020-04,W6Y124,동홍동,1880450.0,464.0
4816,2020-05,W6Y124,동홍동,2024550.0,584.0
4817,2020-06,W6Y124,동홍동,2085750.0,531.0
4818,2020-07,W6Y124,동홍동,2071700.0,579.0
4819,2020-08,W6Y124,동홍동,1983350.0,615.0
4820,2020-09,W6Y124,동홍동,1926550.0,549.0
4821,2020-10,W6Y124,동홍동,1989650.0,547.0
4822,2020-11,W6Y124,동홍동,1574100.0,383.0
4823,2020-12,W6Y124,동홍동,2083950.0,470.0
4824,2021-01,W6Y124,동홍동,1831350.0,429.0
4825,2021-02,W6Y124,동홍동,1833950.0,425.0
4826,2021-03,W6Y124,동홍동,2190000.0,444.0
4827,2021-04,W6Y124,동홍동,,
4828,2021-05,W6Y124,동홍동,1679400.0,393.0
4829,2021-06,W6Y124,동홍동,739300.0,204.0
4830,2018-01,W6Y125,동홍동,,
4831,2018-02,W6Y125,동홍동,,
4832,2018-03,W6Y125,동홍동,,
4833,2018-04,W6Y125,동홍동,,
4834,2018-05,W6Y125,동홍동,,
4835,2018-06,W6Y125,동홍동,,
4836,2018-07,W6Y125,동홍동,,
4837,2018-08,W6Y125,동홍동,,
4838,2018-09,W6Y125,동홍동,,
4839,2018-10,W6Y125,동홍동,,
4840,2018-11,W6Y125,동홍동,,
4841,2018-12,W6Y125,동홍동,,
4842,2019-01,W6Y125,동홍동,,
4843,2019-02,W6Y125,동홍동,,
4844,2019-03,W6Y125,동홍동,,
4845,2019-04,W6Y125,동홍동,,
4846,2019-05,W6Y125,동홍동,,
4847,2019-06,W6Y125,동홍동,,
4848,2019-07,W6Y125,동홍동,,
4849,2019-08,W6Y125,동홍동,,
4850,2019-09,W6Y125,동홍동,,
4851,2019-10,W6Y125,동홍동,,
4852,2019-11,W6Y125,동홍동,,
4853,2019-12,W6Y125,동홍동,,
4854,2020-01,W6Y125,동홍동,,
4855,2020-02,W6Y125,동홍동,,
4856,2020-03,W6Y125,동홍동,,
4857,2020-04,W6Y125,동홍동,,
4858,2020-05,W6Y125,동홍동,,
4859,2020-06,W6Y125,동홍동,,
4860,2020-07,W6Y125,동홍동,,
4861,2020-08,W6Y125,동홍동,,
4862,2020-09,W6Y125,동홍동,,
4863,2020-10,W6Y125,동홍동,,
4864,2020-11,W6Y125,동홍동,,
4865,2020-12,W6Y125,동홍동,,
4866,2021-01,W6Y125,동홍동,,
4867,2021-02,W6Y125,동홍동,,
4868,2021-03,W6Y125,동홍동,,
4869,2021-04,W6Y125,동홍동,,
4870,2021-05,W6Y125,동홍동,,
4871,2021-06,W6Y125,동홍동,,
4872,2018-01,W6Y126,동홍동,,
4873,2018-02,W6Y126,동홍동,,
4874,2018-03,W6Y126,동홍동,,
4875,2018-04,W6Y126,동홍동,,
4876,2018-05,W6Y126,동홍동,,
4877,2018-06,W6Y126,동홍동,,
4878,2018-07,W6Y126,동홍동,,
4879,2018-08,W6Y126,동홍동,,
4880,2018-09,W6Y126,동홍동,,
4881,2018-10,W6Y126,동홍동,,
4882,2018-11,W6Y126,동홍동,,
4883,2018-12,W6Y126,동홍동,,
4884,2019-01,W6Y126,동홍동,,
4885,2019-02,W6Y126,동홍동,,
4886,2019-03,W6Y126,동홍동,,
4887,2019-04,W6Y126,동홍동,,
4888,2019-05,W6Y126,동홍동,,
4889,2019-06,W6Y126,동홍동,,
4890,2019-07,W6Y126,동홍동,,
4891,2019-08,W6Y126,동홍동,,
4892,2019-09,W6Y126,동홍동,,
4893,2019-10,W6Y126,동홍동,,
4894,2019-11,W6Y126,동홍동,,
4895,2019-12,W6Y126,동홍동,,
4896,2020-01,W6Y126,동홍동,,
4897,2020-02,W6Y126,동홍동,,
4898,2020-03,W6Y126,동홍동,,
4899,2020-04,W6Y126,동홍동,,
4900,2020-05,W6Y126,동홍동,,
4901,2020-06,W6Y126,동홍동,,
4902,2020-07,W6Y126,동홍동,,
4903,2020-08,W6Y126,동홍동,,
4904,2020-09,W6Y126,동홍동,,
4905,2020-10,W6Y126,동홍동,,
4906,2020-11,W6Y126,동홍동,,
4907,2020-12,W6Y126,동홍동,,
4908,2021-01,W6Y126,동홍동,,
4909,2021-02,W6Y126,동홍동,,
4910,2021-03,W6Y126,동홍동,,
4911,2021-04,W6Y126,동홍동,,
4912,2021-05,W6Y126,동홍동,,
4913,2021-06,W6Y126,동홍동,,
4914,2018-01,W6Y127,동홍동,,
4915,2018-02,W6Y127,동홍동,,
4916,2018-03,W6Y127,동홍동,,
4917,2018-04,W6Y127,동홍동,,
4918,2018-05,W6Y127,동홍동,,
4919,2018-06,W6Y127,동홍동,,
4920,2018-07,W6Y127,동홍동,,
4921,2018-08,W6Y127,동홍동,,
4922,2018-09,W6Y127,동홍동,,
4923,2018-10,W6Y127,동홍동,,
4924,2018-11,W6Y127,동홍동,,
4925,2018-12,W6Y127,동홍동,,
4926,2019-01,W6Y127,동홍동,,
4927,2019-02,W6Y127,동홍동,,
4928,2019-03,W6Y127,동홍동,,
4929,2019-04,W6Y127,동홍동,,
4930,2019-05,W6Y127,동홍동,,
4931,2019-06,W6Y127,동홍동,,
4932,2019-07,W6Y127,동홍동,,
4933,2019-08,W6Y127,동홍동,,
4934,2019-09,W6Y127,동홍동,,
4935,2019-10,W6Y127,동홍동,,
4936,2019-11,W6Y127,동홍동,,
4937,2019-12,W6Y127,동홍동,,
4938,2020-01,W6Y127,동홍동,,
4939,2020-02,W6Y127,동홍동,,
4940,2020-03,W6Y127,동홍동,,
4941,2020-04,W6Y127,동홍동,,
4942,2020-05,W6Y127,동홍동,,
4943,2020-06,W6Y127,동홍동,,
4944,2020-07,W6Y127,동홍동,,
4945,2020-08,W6Y127,동홍동,,
4946,2020-09,W6Y127,동홍동,,
4947,2020-10,W6Y127,동홍동,,
4948,2020-11,W6Y127,동홍동,,
4949,2020-12,W6Y127,동홍동,,
4950,2021-01,W6Y127,동홍동,,
4951,2021-02,W6Y127,동홍동,,
4952,2021-03,W6Y127,동홍동,,
4953,2021-04,W6Y127,동홍동,,
4954,2021-05,W6Y127,동홍동,,
4955,2021-06,W6Y127,동홍동,,
4956,2018-01,W6Y128,동홍동,,
4957,2018-02,W6Y128,동홍동,,
4958,2018-03,W6Y128,동홍동,,
4959,2018-04,W6Y128,동홍동,,
4960,2018-05,W6Y128,동홍동,,
4961,2018-06,W6Y128,동홍동,,
4962,2018-07,W6Y128,동홍동,,
4963,2018-08,W6Y128,동홍동,,
4964,2018-09,W6Y128,동홍동,,
4965,2018-10,W6Y128,동홍동,,
4966,2018-11,W6Y128,동홍동,,
4967,2018-12,W6Y128,동홍동,,
4968,2019-01,W6Y128,동홍동,,
4969,2019-02,W6Y128,동홍동,,
4970,2019-03,W6Y128,동홍동,,
4971,2019-04,W6Y128,동홍동,,
4972,2019-05,W6Y128,동홍동,,
4973,2019-06,W6Y128,동홍동,,
4974,2019-07,W6Y128,동홍동,,
4975,2019-08,W6Y128,동홍동,,
4976,2019-09,W6Y128,동홍동,,
4977,2019-10,W6Y128,동홍동,,
4978,2019-11,W6Y128,동홍동,,
4979,2019-12,W6Y128,동홍동,,
4980,2020-01,W6Y128,동홍동,,
4981,2020-02,W6Y128,동홍동,,
4982,2020-03,W6Y128,동홍동,,
4983,2020-04,W6Y128,동홍동,,
4984,2020-05,W6Y128,동홍동,,
4985,2020-06,W6Y128,동홍동,,
4986,2020-07,W6Y128,동홍동,,
4987,2020-08,W6Y128,동홍동,,
4988,2020-09,W6Y128,동홍동,,
4989,2020-10,W6Y128,동홍동,,
4990,2020-11,W6Y128,동홍동,,
4991,2020-12,W6Y128,동홍동,,
4992,2021-01,W6Y128,동홍동,,
4993,2021-02,W6Y128,동홍동,,
4994,2021-03,W6Y128,동홍동,,
4995,2021-04,W6Y128,동홍동,,
4996,2021-05,W6Y128,동홍동,,
4997,2021-06,W6Y128,동홍동,,
4998,2018-01,W6Y129,서홍동,1979150.0,865.0
4999,2018-02,W6Y129,서홍동,1820950.0,836.0
5000,2018-03,W6Y129,서홍동,2080200.0,948.0
5001,2018-04,W6Y129,서홍동,2156950.0,1088.0
5002,2018-05,W6Y129,서홍동,2907600.0,1500.0
5003,2018-06,W6Y129,서홍동,3547750.0,1770.0
5004,2018-07,W6Y129,서홍동,4354750.0,2086.0
5005,2018-08,W6Y129,서홍동,3960850.0,1970.0
5006,2018-09,W6Y129,서홍동,3879200.0,1942.0
5007,2018-10,W6Y129,서홍동,3502950.0,1786.0
5008,2018-11,W6Y129,서홍동,3747600.0,1681.0
5009,2018-12,W6Y129,서홍동,3978150.0,1626.0
5010,2019-01,W6Y129,서홍동,3873300.0,1580.0
5011,2019-02,W6Y129,서홍동,4012400.0,1706.0
5012,2019-03,W6Y129,서홍동,3977500.0,1747.0
5013,2019-04,W6Y129,서홍동,3891150.0,1744.0
5014,2019-05,W6Y129,서홍동,4334200.0,1964.0
5015,2019-06,W6Y129,서홍동,4638250.0,2051.0
5016,2019-07,W6Y129,서홍동,4658600.0,2254.0
5017,2019-08,W6Y129,서홍동,4359750.0,2353.0
5018,2019-09,W6Y129,서홍동,3934700.0,2219.0
5019,2019-10,W6Y129,서홍동,3685300.0,2011.0
5020,2019-11,W6Y129,서홍동,3893100.0,1877.0
5021,2019-12,W6Y129,서홍동,3202050.0,1536.0
5022,2020-01,W6Y129,서홍동,,
5023,2020-02,W6Y129,서홍동,,
5024,2020-03,W6Y129,서홍동,,
5025,2020-04,W6Y129,서홍동,,
5026,2020-05,W6Y129,서홍동,,
5027,2020-06,W6Y129,서홍동,,
5028,2020-07,W6Y129,서홍동,1127600.0,477.0
5029,2020-08,W6Y129,서홍동,4138150.0,1743.0
5030,2020-09,W6Y129,서홍동,3058650.0,1392.0
5031,2020-10,W6Y129,서홍동,2779200.0,1312.0
5032,2020-11,W6Y129,서홍동,1728250.0,868.0
5033,2020-12,W6Y129,서홍동,2066350.0,878.0
5034,2021-01,W6Y129,서홍동,2118400.0,981.0
5035,2021-02,W6Y129,서홍동,2722600.0,1118.0
5036,2021-03,W6Y129,서홍동,2829250.0,1197.0
5037,2021-04,W6Y129,서홍동,,
5038,2021-05,W6Y129,서홍동,3383800.0,1521.0
5039,2021-06,W6Y129,서홍동,3290050.0,1526.0
5040,2018-01,W6Y130,동홍동,3748850.0,1143.0
5041,2018-02,W6Y130,동홍동,3664050.0,1124.0
5042,2018-03,W6Y130,동홍동,3835850.0,1149.0
5043,2018-04,W6Y130,동홍동,3678950.0,1184.0
5044,2018-05,W6Y130,동홍동,2763950.0,834.0
5045,2018-06,W6Y130,동홍동,1839300.0,183.0
5046,2018-07,W6Y130,동홍동,2209550.0,232.0
5047,2018-08,W6Y130,동홍동,2894950.0,282.0
5048,2018-09,W6Y130,동홍동,2286850.0,258.0
5049,2018-10,W6Y130,동홍동,2129800.0,229.0
5050,2018-11,W6Y130,동홍동,2295250.0,244.0
5051,2018-12,W6Y130,동홍동,1677700.0,188.0
5052,2019-01,W6Y130,동홍동,383750.0,39.0
5053,2019-02,W6Y130,동홍동,,
5054,2019-03,W6Y130,동홍동,,
5055,2019-04,W6Y130,동홍동,,
5056,2019-05,W6Y130,동홍동,3494450.0,669.0
5057,2019-06,W6Y130,동홍동,5304250.0,1017.0
5058,2019-07,W6Y130,동홍동,6161350.0,1173.0
5059,2019-08,W6Y130,동홍동,6921000.0,1226.0
5060,2019-09,W6Y130,동홍동,5671150.0,1090.0
5061,2019-10,W6Y130,동홍동,5681500.0,1139.0
5062,2019-11,W6Y130,동홍동,5895000.0,974.0
5063,2019-12,W6Y130,동홍동,5923050.0,1000.0
5064,2020-01,W6Y130,동홍동,5099550.0,867.0
5065,2020-02,W6Y130,동홍동,4902850.0,923.0
5066,2020-03,W6Y130,동홍동,4542750.0,995.0
5067,2020-04,W6Y130,동홍동,4354000.0,964.0
5068,2020-05,W6Y130,동홍동,5588750.0,1259.0
5069,2020-06,W6Y130,동홍동,5459650.0,1186.0
5070,2020-07,W6Y130,동홍동,4584550.0,1111.0
5071,2020-08,W6Y130,동홍동,3946800.0,1035.0
5072,2020-09,W6Y130,동홍동,3475150.0,970.0
5073,2020-10,W6Y130,동홍동,3344700.0,912.0
5074,2020-11,W6Y130,동홍동,3477100.0,846.0
5075,2020-12,W6Y130,동홍동,3530500.0,859.0
5076,2021-01,W6Y130,동홍동,3049900.0,686.0
5077,2021-02,W6Y130,동홍동,2894300.0,725.0
5078,2021-03,W6Y130,동홍동,3375200.0,821.0
5079,2021-04,W6Y130,동홍동,,
5080,2021-05,W6Y130,동홍동,1692600.0,477.0
5081,2021-06,W6Y130,동홍동,,
5082,2018-01,W6Y131,동홍동,1143250.0,490.0
5083,2018-02,W6Y131,동홍동,821050.0,330.0
5084,2018-03,W6Y131,동홍동,878200.0,402.0
5085,2018-04,W6Y131,동홍동,351150.0,160.0
5086,2018-05,W6Y131,동홍동,,
5087,2018-06,W6Y131,동홍동,,
5088,2018-07,W6Y131,동홍동,,
5089,2018-08,W6Y131,동홍동,,
5090,2018-09,W6Y131,동홍동,,
5091,2018-10,W6Y131,동홍동,,
5092,2018-11,W6Y131,동홍동,,
5093,2018-12,W6Y131,동홍동,,
5094,2019-01,W6Y131,동홍동,,
5095,2019-02,W6Y131,동홍동,,
5096,2019-03,W6Y131,동홍동,,
5097,2019-04,W6Y131,동홍동,,
5098,2019-05,W6Y131,동홍동,,
5099,2019-06,W6Y131,동홍동,503400.0,250.0
5100,2019-07,W6Y131,동홍동,1200600.0,648.0
5101,2019-08,W6Y131,동홍동,1229150.0,674.0
5102,2019-09,W6Y131,동홍동,1128600.0,601.0
5103,2019-10,W6Y131,동홍동,942150.0,553.0
5104,2019-11,W6Y131,동홍동,992800.0,503.0
5105,2019-12,W6Y131,동홍동,1015400.0,512.0
5106,2020-01,W6Y131,동홍동,888900.0,399.0
5107,2020-02,W6Y131,동홍동,1074100.0,500.0
5108,2020-03,W6Y131,동홍동,1161100.0,563.0
5109,2020-04,W6Y131,동홍동,1029400.0,565.0
5110,2020-05,W6Y131,동홍동,1107700.0,601.0
5111,2020-06,W6Y131,동홍동,1150200.0,613.0
5112,2020-07,W6Y131,동홍동,1190650.0,666.0
5113,2020-08,W6Y131,동홍동,1165100.0,658.0
5114,2020-09,W6Y131,동홍동,1072900.0,612.0
5115,2020-10,W6Y131,동홍동,1163750.0,654.0
5116,2020-11,W6Y131,동홍동,1200250.0,629.0
5117,2020-12,W6Y131,동홍동,1367750.0,693.0
5118,2021-01,W6Y131,동홍동,1382600.0,688.0
5119,2021-02,W6Y131,동홍동,1220000.0,607.0
5120,2021-03,W6Y131,동홍동,1196450.0,611.0
5121,2021-04,W6Y131,동홍동,,
5122,2021-05,W6Y131,동홍동,1124250.0,626.0
5123,2021-06,W6Y131,동홍동,1150050.0,635.0
5124,2018-01,W6Y132,동홍동,193900.0,90.0
5125,2018-02,W6Y132,동홍동,250600.0,98.0
5126,2018-03,W6Y132,동홍동,216900.0,95.0
5127,2018-04,W6Y132,동홍동,220450.0,106.0
5128,2018-05,W6Y132,동홍동,245050.0,98.0
5129,2018-06,W6Y132,동홍동,260800.0,139.0
5130,2018-07,W6Y132,동홍동,346550.0,147.0
5131,2018-08,W6Y132,동홍동,270750.0,134.0
5132,2018-09,W6Y132,동홍동,195450.0,104.0
5133,2018-10,W6Y132,동홍동,216950.0,103.0
5134,2018-11,W6Y132,동홍동,213200.0,110.0
5135,2018-12,W6Y132,동홍동,223350.0,119.0
5136,2019-01,W6Y132,동홍동,29550.0,15.0
5137,2019-02,W6Y132,동홍동,,
5138,2019-03,W6Y132,동홍동,,
5139,2019-04,W6Y132,동홍동,,
5140,2019-05,W6Y132,동홍동,170450.0,99.0
5141,2019-06,W6Y132,동홍동,277300.0,126.0
5142,2019-07,W6Y132,동홍동,267650.0,135.0
5143,2019-08,W6Y132,동홍동,340800.0,176.0
5144,2019-09,W6Y132,동홍동,305300.0,173.0
5145,2019-10,W6Y132,동홍동,275000.0,141.0
5146,2019-11,W6Y132,동홍동,213650.0,117.0
5147,2019-12,W6Y132,동홍동,245200.0,122.0
5148,2020-01,W6Y132,동홍동,299850.0,149.0
5149,2020-02,W6Y132,동홍동,254300.0,142.0
5150,2020-03,W6Y132,동홍동,239350.0,148.0
5151,2020-04,W6Y132,동홍동,253300.0,148.0
5152,2020-05,W6Y132,동홍동,218800.0,145.0
5153,2020-06,W6Y132,동홍동,219400.0,113.0
5154,2020-07,W6Y132,동홍동,249650.0,158.0
5155,2020-08,W6Y132,동홍동,235650.0,152.0
5156,2020-09,W6Y132,동홍동,243350.0,151.0
5157,2020-10,W6Y132,동홍동,236900.0,153.0
5158,2020-11,W6Y132,동홍동,212950.0,130.0
5159,2020-12,W6Y132,동홍동,350150.0,186.0
5160,2021-01,W6Y132,동홍동,245500.0,143.0
5161,2021-02,W6Y132,동홍동,280350.0,140.0
5162,2021-03,W6Y132,동홍동,267750.0,150.0
5163,2021-04,W6Y132,동홍동,,
5164,2021-05,W6Y132,동홍동,260550.0,144.0
5165,2021-06,W6Y132,동홍동,326850.0,177.0
5166,2018-01,W6Y133,동홍동,2489450.0,517.0
5167,2018-02,W6Y133,동홍동,2206500.0,458.0
5168,2018-03,W6Y133,동홍동,805100.0,156.0
5169,2018-04,W6Y133,동홍동,149900.0,22.0
5170,2018-05,W6Y133,동홍동,567600.0,70.0
5171,2018-06,W6Y133,동홍동,437050.0,72.0
5172,2018-07,W6Y133,동홍동,467050.0,97.0
5173,2018-08,W6Y133,동홍동,467850.0,116.0
5174,2018-09,W6Y133,동홍동,398850.0,76.0
5175,2018-10,W6Y133,동홍동,460300.0,82.0
5176,2018-11,W6Y133,동홍동,439900.0,58.0
5177,2018-12,W6Y133,동홍동,406550.0,62.0
5178,2019-01,W6Y133,동홍동,485800.0,79.0
5179,2019-02,W6Y133,동홍동,201100.0,38.0
5180,2019-03,W6Y133,동홍동,11050.0,4.0
5181,2019-04,W6Y133,동홍동,15200.0,5.0
5182,2019-05,W6Y133,동홍동,181250.0,56.0
5183,2019-06,W6Y133,동홍동,331400.0,85.0
5184,2019-07,W6Y133,동홍동,381700.0,94.0
5185,2019-08,W6Y133,동홍동,414000.0,86.0
5186,2019-09,W6Y133,동홍동,371900.0,92.0
5187,2019-10,W6Y133,동홍동,270350.0,72.0
5188,2019-11,W6Y133,동홍동,395150.0,77.0
5189,2019-12,W6Y133,동홍동,359850.0,90.0
5190,2020-01,W6Y133,동홍동,362550.0,77.0
5191,2020-02,W6Y133,동홍동,322500.0,71.0
5192,2020-03,W6Y133,동홍동,292000.0,64.0
5193,2020-04,W6Y133,동홍동,213500.0,70.0
5194,2020-05,W6Y133,동홍동,292700.0,90.0
5195,2020-06,W6Y133,동홍동,583200.0,114.0
5196,2020-07,W6Y133,동홍동,768600.0,164.0
5197,2020-08,W6Y133,동홍동,573100.0,126.0
5198,2020-09,W6Y133,동홍동,493450.0,119.0
5199,2020-10,W6Y133,동홍동,639950.0,156.0
5200,2020-11,W6Y133,동홍동,638350.0,144.0
5201,2020-12,W6Y133,동홍동,614850.0,139.0
5202,2021-01,W6Y133,동홍동,362050.0,117.0
5203,2021-02,W6Y133,동홍동,593150.0,133.0
5204,2021-03,W6Y133,동홍동,823500.0,138.0
5205,2021-04,W6Y133,동홍동,,
5206,2021-05,W6Y133,동홍동,522700.0,148.0
5207,2021-06,W6Y133,동홍동,811700.0,198.0
5208,2018-01,W6Y134,동홍동,2796650.0,802.0
5209,2018-02,W6Y134,동홍동,2523100.0,738.0
5210,2018-03,W6Y134,동홍동,2942250.0,893.0
5211,2018-04,W6Y134,동홍동,1910650.0,653.0
5212,2018-05,W6Y134,동홍동,2698850.0,961.0
5213,2018-06,W6Y134,동홍동,4093100.0,1310.0
5214,2018-07,W6Y134,동홍동,3888250.0,1378.0
5215,2018-08,W6Y134,동홍동,3749250.0,1327.0
5216,2018-09,W6Y134,동홍동,2707300.0,1074.0
5217,2018-10,W6Y134,동홍동,3169450.0,1185.0
5218,2018-11,W6Y134,동홍동,2729700.0,928.0
5219,2018-12,W6Y134,동홍동,2670100.0,854.0
5220,2019-01,W6Y134,동홍동,2312650.0,690.0
5221,2019-02,W6Y134,동홍동,2837250.0,825.0
5222,2019-03,W6Y134,동홍동,2594700.0,771.0
5223,2019-04,W6Y134,동홍동,2566450.0,793.0
5224,2019-05,W6Y134,동홍동,3474700.0,1122.0
5225,2019-06,W6Y134,동홍동,1514700.0,530.0
5226,2019-07,W6Y134,동홍동,1028400.0,379.0
5227,2019-08,W6Y134,동홍동,984350.0,374.0
5228,2019-09,W6Y134,동홍동,829300.0,330.0
5229,2019-10,W6Y134,동홍동,630850.0,283.0
5230,2019-11,W6Y134,동홍동,771050.0,288.0
5231,2019-12,W6Y134,동홍동,764900.0,277.0
5232,2020-01,W6Y134,동홍동,887900.0,276.0
5233,2020-02,W6Y134,동홍동,784950.0,258.0
5234,2020-03,W6Y134,동홍동,833100.0,272.0
5235,2020-04,W6Y134,동홍동,619800.0,245.0
5236,2020-05,W6Y134,동홍동,851650.0,309.0
5237,2020-06,W6Y134,동홍동,771650.0,311.0
5238,2020-07,W6Y134,동홍동,762250.0,295.0
5239,2020-08,W6Y134,동홍동,830200.0,334.0
5240,2020-09,W6Y134,동홍동,642450.0,278.0
5241,2020-10,W6Y134,동홍동,719900.0,298.0
5242,2020-11,W6Y134,동홍동,708600.0,268.0
5243,2020-12,W6Y134,동홍동,721250.0,273.0
5244,2021-01,W6Y134,동홍동,815600.0,300.0
5245,2021-02,W6Y134,동홍동,791300.0,289.0
5246,2021-03,W6Y134,동홍동,817750.0,319.0
5247,2021-04,W6Y134,동홍동,,
5248,2021-05,W6Y134,동홍동,892400.0,365.0
5249,2021-06,W6Y134,동홍동,957650.0,390.0
5250,2018-01,W6Y135,동홍동,2595000.0,1198.0
5251,2018-02,W6Y135,동홍동,2438550.0,1053.0
5252,2018-03,W6Y135,동홍동,2682150.0,1190.0
5253,2018-04,W6Y135,동홍동,2492850.0,1129.0
5254,2018-05,W6Y135,동홍동,2521900.0,1258.0
5255,2018-06,W6Y135,동홍동,2421450.0,1372.0
5256,2018-07,W6Y135,동홍동,2962200.0,1599.0
5257,2018-08,W6Y135,동홍동,2626300.0,1508.0
5258,2018-09,W6Y135,동홍동,2072650.0,1352.0
5259,2018-10,W6Y135,동홍동,2107800.0,1288.0
5260,2018-11,W6Y135,동홍동,2145650.0,1216.0
5261,2018-12,W6Y135,동홍동,2510650.0,1259.0
5262,2019-01,W6Y135,동홍동,1735800.0,775.0
5263,2019-02,W6Y135,동홍동,1263000.0,572.0
5264,2019-03,W6Y135,동홍동,311700.0,169.0
5265,2019-04,W6Y135,동홍동,,
5266,2019-05,W6Y135,동홍동,2242100.0,1260.0
5267,2019-06,W6Y135,동홍동,3481250.0,1973.0
5268,2019-07,W6Y135,동홍동,3958150.0,2180.0
5269,2019-08,W6Y135,동홍동,3690800.0,2181.0
5270,2019-09,W6Y135,동홍동,3386200.0,2105.0
5271,2019-10,W6Y135,동홍동,2940700.0,1951.0
5272,2019-11,W6Y135,동홍동,3151950.0,1916.0
5273,2019-12,W6Y135,동홍동,3318100.0,1851.0
5274,2020-01,W6Y135,동홍동,4017000.0,1953.0
5275,2020-02,W6Y135,동홍동,3395800.0,1781.0
5276,2020-03,W6Y135,동홍동,3723400.0,2011.0
5277,2020-04,W6Y135,동홍동,3328550.0,1910.0
5278,2020-05,W6Y135,동홍동,3508350.0,2023.0
5279,2020-06,W6Y135,동홍동,3416900.0,2067.0
5280,2020-07,W6Y135,동홍동,3782500.0,2285.0
5281,2020-08,W6Y135,동홍동,3648700.0,2258.0
5282,2020-09,W6Y135,동홍동,2729750.0,1864.0
5283,2020-10,W6Y135,동홍동,2813000.0,1744.0
5284,2020-11,W6Y135,동홍동,2502550.0,1414.0
5285,2020-12,W6Y135,동홍동,3856950.0,1914.0
5286,2021-01,W6Y135,동홍동,4051650.0,1925.0
5287,2021-02,W6Y135,동홍동,3623400.0,1775.0
5288,2021-03,W6Y135,동홍동,3612650.0,1834.0
5289,2021-04,W6Y135,동홍동,,
5290,2021-05,W6Y135,동홍동,3591400.0,1961.0
5291,2021-06,W6Y135,동홍동,3646900.0,2055.0
5292,2018-01,W6Y136,송산동,581050.0,80.0
5293,2018-02,W6Y136,송산동,,
5294,2018-03,W6Y136,송산동,,
5295,2018-04,W6Y136,송산동,,
5296,2018-05,W6Y136,송산동,,
5297,2018-06,W6Y136,송산동,,
5298,2018-07,W6Y136,송산동,,
5299,2018-08,W6Y136,송산동,,
5300,2018-09,W6Y136,송산동,,
5301,2018-10,W6Y136,송산동,,
5302,2018-11,W6Y136,송산동,,
5303,2018-12,W6Y136,송산동,,
5304,2019-01,W6Y136,송산동,,
5305,2019-02,W6Y136,송산동,,
5306,2019-03,W6Y136,송산동,,
5307,2019-04,W6Y136,송산동,,
5308,2019-05,W6Y136,송산동,,
5309,2019-06,W6Y136,송산동,,
5310,2019-07,W6Y136,송산동,,
5311,2019-08,W6Y136,송산동,,
5312,2019-09,W6Y136,송산동,,
5313,2019-10,W6Y136,송산동,,
5314,2019-11,W6Y136,송산동,,
5315,2019-12,W6Y136,송산동,,
5316,2020-01,W6Y136,송산동,,
5317,2020-02,W6Y136,송산동,,
5318,2020-03,W6Y136,송산동,,
5319,2020-04,W6Y136,송산동,,
5320,2020-05,W6Y136,송산동,,
5321,2020-06,W6Y136,송산동,,
5322,2020-07,W6Y136,송산동,,
5323,2020-08,W6Y136,송산동,,
5324,2020-09,W6Y136,송산동,,
5325,2020-10,W6Y136,송산동,,
5326,2020-11,W6Y136,송산동,,
5327,2020-12,W6Y136,송산동,,
5328,2021-01,W6Y136,송산동,,
5329,2021-02,W6Y136,송산동,,
5330,2021-03,W6Y136,송산동,,
5331,2021-04,W6Y136,송산동,,
5332,2021-05,W6Y136,송산동,445800.0,48.0
5333,2021-06,W6Y136,송산동,1155350.0,135.0
5334,2018-01,W6Y137,송산동,264650.0,67.0
5335,2018-02,W6Y137,송산동,,
5336,2018-03,W6Y137,송산동,,
5337,2018-04,W6Y137,송산동,,
5338,2018-05,W6Y137,송산동,,
5339,2018-06,W6Y137,송산동,,
5340,2018-07,W6Y137,송산동,,
5341,2018-08,W6Y137,송산동,,
5342,2018-09,W6Y137,송산동,,
5343,2018-10,W6Y137,송산동,,
5344,2018-11,W6Y137,송산동,,
5345,2018-12,W6Y137,송산동,,
5346,2019-01,W6Y137,송산동,,
5347,2019-02,W6Y137,송산동,,
5348,2019-03,W6Y137,송산동,,
5349,2019-04,W6Y137,송산동,,
5350,2019-05,W6Y137,송산동,,
5351,2019-06,W6Y137,송산동,1637100.0,579.0
5352,2019-07,W6Y137,송산동,3662650.0,1320.0
5353,2019-08,W6Y137,송산동,4327400.0,1497.0
5354,2019-09,W6Y137,송산동,4410750.0,1444.0
5355,2019-10,W6Y137,송산동,4132800.0,1382.0
5356,2019-11,W6Y137,송산동,4095550.0,1275.0
5357,2019-12,W6Y137,송산동,4325650.0,1173.0
5358,2020-01,W6Y137,송산동,4409700.0,1140.0
5359,2020-02,W6Y137,송산동,3788150.0,1101.0
5360,2020-03,W6Y137,송산동,3414950.0,1127.0
5361,2020-04,W6Y137,송산동,3753550.0,1128.0
5362,2020-05,W6Y137,송산동,3642000.0,1141.0
5363,2020-06,W6Y137,송산동,3474000.0,1171.0
5364,2020-07,W6Y137,송산동,3944500.0,1376.0
5365,2020-08,W6Y137,송산동,4146900.0,1452.0
5366,2020-09,W6Y137,송산동,3738550.0,1380.0
5367,2020-10,W6Y137,송산동,4639950.0,1510.0
5368,2020-11,W6Y137,송산동,4431450.0,1292.0
5369,2020-12,W6Y137,송산동,4559850.0,1240.0
5370,2021-01,W6Y137,송산동,4125100.0,1147.0
5371,2021-02,W6Y137,송산동,4193250.0,1114.0
5372,2021-03,W6Y137,송산동,4218200.0,1180.0
5373,2021-04,W6Y137,송산동,,
5374,2021-05,W6Y137,송산동,4141350.0,1256.0
5375,2021-06,W6Y137,송산동,4067250.0,1237.0
5376,2018-01,W6Y138,송산동,3197700.0,788.0
5377,2018-02,W6Y138,송산동,2436700.0,646.0
5378,2018-03,W6Y138,송산동,3127700.0,770.0
5379,2018-04,W6Y138,송산동,2625700.0,701.0
5380,2018-05,W6Y138,송산동,2475700.0,784.0
5381,2018-06,W6Y138,송산동,2596500.0,830.0
5382,2018-07,W6Y138,송산동,3135500.0,1029.0
5383,2018-08,W6Y138,송산동,2987450.0,948.0
5384,2018-09,W6Y138,송산동,2867750.0,928.0
5385,2018-10,W6Y138,송산동,1914950.0,771.0
5386,2018-11,W6Y138,송산동,1437950.0,624.0
5387,2018-12,W6Y138,송산동,1885900.0,661.0
5388,2019-01,W6Y138,송산동,1879700.0,662.0
5389,2019-02,W6Y138,송산동,1420100.0,503.0
5390,2019-03,W6Y138,송산동,1103650.0,261.0
5391,2019-04,W6Y138,송산동,907450.0,230.0
5392,2019-05,W6Y138,송산동,1331800.0,556.0
5393,2019-06,W6Y138,송산동,1863200.0,730.0
5394,2019-07,W6Y138,송산동,2745000.0,918.0
5395,2019-08,W6Y138,송산동,2792000.0,928.0
5396,2019-09,W6Y138,송산동,2317400.0,900.0
5397,2019-10,W6Y138,송산동,2352750.0,849.0
5398,2019-11,W6Y138,송산동,2338200.0,782.0
5399,2019-12,W6Y138,송산동,2496150.0,775.0
5400,2020-01,W6Y138,송산동,2043850.0,529.0
5401,2020-02,W6Y138,송산동,2528300.0,700.0
5402,2020-03,W6Y138,송산동,2390000.0,772.0
5403,2020-04,W6Y138,송산동,2191850.0,775.0
5404,2020-05,W6Y138,송산동,2610000.0,831.0
5405,2020-06,W6Y138,송산동,2710650.0,840.0
5406,2020-07,W6Y138,송산동,3119650.0,921.0
5407,2020-08,W6Y138,송산동,1103000.0,365.0
5408,2020-09,W6Y138,송산동,,
5409,2020-10,W6Y138,송산동,,
5410,2020-11,W6Y138,송산동,,
5411,2020-12,W6Y138,송산동,,
5412,2021-01,W6Y138,송산동,,
5413,2021-02,W6Y138,송산동,,
5414,2021-03,W6Y138,송산동,,
5415,2021-04,W6Y138,송산동,,
5416,2021-05,W6Y138,송산동,858450.0,286.0
5417,2021-06,W6Y138,송산동,1732500.0,776.0
5418,2018-01,W6Y139,송산동,678750.0,208.0
5419,2018-02,W6Y139,송산동,686350.0,194.0
5420,2018-03,W6Y139,송산동,880850.0,236.0
5421,2018-04,W6Y139,송산동,890900.0,244.0
5422,2018-05,W6Y139,송산동,1034950.0,286.0
5423,2018-06,W6Y139,송산동,1105750.0,343.0
5424,2018-07,W6Y139,송산동,1377000.0,407.0
5425,2018-08,W6Y139,송산동,994000.0,331.0
5426,2018-09,W6Y139,송산동,778800.0,370.0
5427,2018-10,W6Y139,송산동,1030800.0,303.0
5428,2018-11,W6Y139,송산동,1002050.0,254.0
5429,2018-12,W6Y139,송산동,909550.0,246.0
5430,2019-01,W6Y139,송산동,1029250.0,247.0
5431,2019-02,W6Y139,송산동,763700.0,202.0
5432,2019-03,W6Y139,송산동,615900.0,127.0
5433,2019-04,W6Y139,송산동,442900.0,99.0
5434,2019-05,W6Y139,송산동,873500.0,249.0
5435,2019-06,W6Y139,송산동,1216800.0,380.0
5436,2019-07,W6Y139,송산동,1594750.0,436.0
5437,2019-08,W6Y139,송산동,1661900.0,455.0
5438,2019-09,W6Y139,송산동,1332950.0,438.0
5439,2019-10,W6Y139,송산동,1475850.0,447.0
5440,2019-11,W6Y139,송산동,1324500.0,379.0
5441,2019-12,W6Y139,송산동,1588600.0,389.0
5442,2020-01,W6Y139,송산동,1683850.0,443.0
5443,2020-02,W6Y139,송산동,1358000.0,380.0
5444,2020-03,W6Y139,송산동,1231600.0,370.0
5445,2020-04,W6Y139,송산동,1094450.0,358.0
5446,2020-05,W6Y139,송산동,1183450.0,401.0
5447,2020-06,W6Y139,송산동,1739050.0,474.0
5448,2020-07,W6Y139,송산동,1100600.0,287.0
5449,2020-08,W6Y139,송산동,1659200.0,483.0
5450,2020-09,W6Y139,송산동,1621400.0,516.0
5451,2020-10,W6Y139,송산동,1598650.0,513.0
5452,2020-11,W6Y139,송산동,1605850.0,448.0
5453,2020-12,W6Y139,송산동,1557800.0,429.0
5454,2021-01,W6Y139,송산동,1428850.0,454.0
5455,2021-02,W6Y139,송산동,1678200.0,460.0
5456,2021-03,W6Y139,송산동,1781300.0,502.0
5457,2021-04,W6Y139,송산동,,
5458,2021-05,W6Y139,송산동,1985500.0,580.0
5459,2021-06,W6Y139,송산동,2224650.0,637.0
5460,2018-01,W6Y140,송산동,867150.0,314.0
5461,2018-02,W6Y140,송산동,855350.0,331.0
5462,2018-03,W6Y140,송산동,930900.0,374.0
5463,2018-04,W6Y140,송산동,861500.0,323.0
5464,2018-05,W6Y140,송산동,844300.0,387.0
5465,2018-06,W6Y140,송산동,1263300.0,533.0
5466,2018-07,W6Y140,송산동,1929350.0,780.0
5467,2018-08,W6Y140,송산동,1876150.0,755.0
5468,2018-09,W6Y140,송산동,2792500.0,1064.0
5469,2018-10,W6Y140,송산동,3375100.0,1238.0
5470,2018-11,W6Y140,송산동,3293450.0,1127.0
5471,2018-12,W6Y140,송산동,3290900.0,1107.0
5472,2019-01,W6Y140,송산동,1429700.0,404.0
5473,2019-02,W6Y140,송산동,559350.0,149.0
5474,2019-03,W6Y140,송산동,86950.0,11.0
5475,2019-04,W6Y140,송산동,,
5476,2019-05,W6Y140,송산동,1796100.0,718.0
5477,2019-06,W6Y140,송산동,2424350.0,1045.0
5478,2019-07,W6Y140,송산동,2785400.0,1142.0
5479,2019-08,W6Y140,송산동,2844000.0,1258.0
5480,2019-09,W6Y140,송산동,2716000.0,1186.0
5481,2019-10,W6Y140,송산동,2411550.0,1024.0
5482,2019-11,W6Y140,송산동,2632800.0,1006.0
5483,2019-12,W6Y140,송산동,2924400.0,1014.0
5484,2020-01,W6Y140,송산동,3210100.0,1111.0
5485,2020-02,W6Y140,송산동,2532750.0,951.0
5486,2020-03,W6Y140,송산동,2404700.0,985.0
5487,2020-04,W6Y140,송산동,2243300.0,926.0
5488,2020-05,W6Y140,송산동,2858050.0,1137.0
5489,2020-06,W6Y140,송산동,2878000.0,1180.0
5490,2020-07,W6Y140,송산동,2881100.0,1172.0
5491,2020-08,W6Y140,송산동,2298250.0,986.0
5492,2020-09,W6Y140,송산동,1257850.0,633.0
5493,2020-10,W6Y140,송산동,1114100.0,581.0
5494,2020-11,W6Y140,송산동,1009100.0,536.0
5495,2020-12,W6Y140,송산동,974500.0,451.0
5496,2021-01,W6Y140,송산동,842600.0,399.0
5497,2021-02,W6Y140,송산동,866350.0,382.0
5498,2021-03,W6Y140,송산동,862150.0,378.0
5499,2021-04,W6Y140,송산동,,
5500,2021-05,W6Y140,송산동,757850.0,345.0
5501,2021-06,W6Y140,송산동,926300.0,418.0
5502,2018-01,W6Y141,송산동,,
5503,2018-02,W6Y141,송산동,,
5504,2018-03,W6Y141,송산동,,
5505,2018-04,W6Y141,송산동,,
5506,2018-05,W6Y141,송산동,,
5507,2018-06,W6Y141,송산동,,
5508,2018-07,W6Y141,송산동,,
5509,2018-08,W6Y141,송산동,,
5510,2018-09,W6Y141,송산동,,
5511,2018-10,W6Y141,송산동,,
5512,2018-11,W6Y141,송산동,,
5513,2018-12,W6Y141,송산동,,
5514,2019-01,W6Y141,송산동,,
5515,2019-02,W6Y141,송산동,,
5516,2019-03,W6Y141,송산동,,
5517,2019-04,W6Y141,송산동,,
5518,2019-05,W6Y141,송산동,,
5519,2019-06,W6Y141,송산동,,
5520,2019-07,W6Y141,송산동,,
5521,2019-08,W6Y141,송산동,,
5522,2019-09,W6Y141,송산동,,
5523,2019-10,W6Y141,송산동,,
5524,2019-11,W6Y141,송산동,,
5525,2019-12,W6Y141,송산동,,
5526,2020-01,W6Y141,송산동,,
5527,2020-02,W6Y141,송산동,,
5528,2020-03,W6Y141,송산동,,
5529,2020-04,W6Y141,송산동,,
5530,2020-05,W6Y141,송산동,,
5531,2020-06,W6Y141,송산동,,
5532,2020-07,W6Y141,송산동,134350.0,67.0
5533,2020-08,W6Y141,송산동,993950.0,328.0
5534,2020-09,W6Y141,송산동,778850.0,310.0
5535,2020-10,W6Y141,송산동,899500.0,287.0
5536,2020-11,W6Y141,송산동,840900.0,249.0
5537,2020-12,W6Y141,송산동,814300.0,266.0
5538,2021-01,W6Y141,송산동,867000.0,271.0
5539,2021-02,W6Y141,송산동,719600.0,236.0
5540,2021-03,W6Y141,송산동,805200.0,247.0
5541,2021-04,W6Y141,송산동,,
5542,2021-05,W6Y141,송산동,922050.0,279.0
5543,2021-06,W6Y141,송산동,978600.0,316.0
5544,2018-01,W6Y142,서홍동,3501450.0,1142.0
5545,2018-02,W6Y142,서홍동,3186400.0,1032.0
5546,2018-03,W6Y142,서홍동,3796000.0,1167.0
5547,2018-04,W6Y142,서홍동,3319700.0,1098.0
5548,2018-05,W6Y142,서홍동,3447900.0,1246.0
5549,2018-06,W6Y142,서홍동,3750900.0,1363.0
5550,2018-07,W6Y142,서홍동,4182200.0,1615.0
5551,2018-08,W6Y142,서홍동,3757000.0,1516.0
5552,2018-09,W6Y142,서홍동,3644250.0,1461.0
5553,2018-10,W6Y142,서홍동,3284650.0,1281.0
5554,2018-11,W6Y142,서홍동,3409600.0,1209.0
5555,2018-12,W6Y142,서홍동,3587300.0,1211.0
5556,2019-01,W6Y142,서홍동,3418200.0,1110.0
5557,2019-02,W6Y142,서홍동,861050.0,309.0
5558,2019-03,W6Y142,서홍동,,
5559,2019-04,W6Y142,서홍동,,
5560,2019-05,W6Y142,서홍동,3137400.0,1181.0
5561,2019-06,W6Y142,서홍동,3064200.0,1227.0
5562,2019-07,W6Y142,서홍동,4325350.0,1654.0
5563,2019-08,W6Y142,서홍동,4533150.0,1835.0
5564,2019-09,W6Y142,서홍동,4356250.0,1769.0
5565,2019-10,W6Y142,서홍동,4132250.0,1658.0
5566,2019-11,W6Y142,서홍동,3960900.0,1588.0
5567,2019-12,W6Y142,서홍동,4513450.0,1515.0
5568,2020-01,W6Y142,서홍동,4319300.0,1494.0
5569,2020-02,W6Y142,서홍동,3770550.0,1355.0
5570,2020-03,W6Y142,서홍동,4245650.0,1595.0
5571,2020-04,W6Y142,서홍동,3841250.0,1582.0
5572,2020-05,W6Y142,서홍동,3618050.0,1623.0
5573,2020-06,W6Y142,서홍동,3750000.0,1727.0
5574,2020-07,W6Y142,서홍동,3784350.0,1796.0
5575,2020-08,W6Y142,서홍동,3937900.0,1862.0
5576,2020-09,W6Y142,서홍동,3778000.0,1803.0
5577,2020-10,W6Y142,서홍동,3551350.0,1683.0
5578,2020-11,W6Y142,서홍동,3199100.0,1435.0
5579,2020-12,W6Y142,서홍동,4064450.0,1538.0
5580,2021-01,W6Y142,서홍동,4319650.0,1537.0
5581,2021-02,W6Y142,서홍동,4240950.0,1495.0
5582,2021-03,W6Y142,서홍동,4368400.0,1579.0
5583,2021-04,W6Y142,서홍동,,
5584,2021-05,W6Y142,서홍동,4117700.0,1780.0
5585,2021-06,W6Y142,서홍동,978300.0,490.0
5586,2018-01,W6Y144,동홍동,2501900.0,912.0
5587,2018-02,W6Y144,동홍동,2178450.0,800.0
5588,2018-03,W6Y144,동홍동,2189000.0,862.0
5589,2018-04,W6Y144,동홍동,2058350.0,851.0
5590,2018-05,W6Y144,동홍동,2359250.0,944.0
5591,2018-06,W6Y144,동홍동,2325100.0,994.0
5592,2018-07,W6Y144,동홍동,2793150.0,1247.0
5593,2018-08,W6Y144,동홍동,776050.0,305.0
5594,2018-09,W6Y144,동홍동,,
5595,2018-10,W6Y144,동홍동,,
5596,2018-11,W6Y144,동홍동,,
5597,2018-12,W6Y144,동홍동,,
5598,2019-01,W6Y144,동홍동,,
5599,2019-02,W6Y144,동홍동,,
5600,2019-03,W6Y144,동홍동,,
5601,2019-04,W6Y144,동홍동,,
5602,2019-05,W6Y144,동홍동,,
5603,2019-06,W6Y144,동홍동,274400.0,126.0
5604,2019-07,W6Y144,동홍동,2075900.0,938.0
5605,2019-08,W6Y144,동홍동,2271700.0,1100.0
5606,2019-09,W6Y144,동홍동,2183200.0,1060.0
5607,2019-10,W6Y144,동홍동,1905850.0,961.0
5608,2019-11,W6Y144,동홍동,1894750.0,889.0
5609,2019-12,W6Y144,동홍동,2074900.0,850.0
5610,2020-01,W6Y144,동홍동,2536900.0,923.0
5611,2020-02,W6Y144,동홍동,1970350.0,771.0
5612,2020-03,W6Y144,동홍동,2206700.0,902.0
5613,2020-04,W6Y144,동홍동,1966350.0,872.0
5614,2020-05,W6Y144,동홍동,2076500.0,915.0
5615,2020-06,W6Y144,동홍동,2186650.0,1000.0
5616,2020-07,W6Y144,동홍동,2183200.0,1055.0
5617,2020-08,W6Y144,동홍동,2479150.0,1160.0
5618,2020-09,W6Y144,동홍동,2038000.0,1022.0
5619,2020-10,W6Y144,동홍동,1883950.0,974.0
5620,2020-11,W6Y144,동홍동,651750.0,247.0
5621,2020-12,W6Y144,동홍동,696750.0,263.0
5622,2021-01,W6Y144,동홍동,809700.0,299.0
5623,2021-02,W6Y144,동홍동,804800.0,290.0
5624,2021-03,W6Y144,동홍동,491250.0,259.0
5625,2021-04,W6Y144,동홍동,,
5626,2021-05,W6Y144,동홍동,589250.0,308.0
5627,2021-06,W6Y144,동홍동,551300.0,304.0
5628,2018-01,W6Y145,서홍동,,
5629,2018-02,W6Y145,서홍동,,
5630,2018-03,W6Y145,서홍동,,
5631,2018-04,W6Y145,서홍동,,
5632,2018-05,W6Y145,서홍동,,
5633,2018-06,W6Y145,서홍동,,
5634,2018-07,W6Y145,서홍동,,
5635,2018-08,W6Y145,서홍동,,
5636,2018-09,W6Y145,서홍동,,
5637,2018-10,W6Y145,서홍동,,
5638,2018-11,W6Y145,서홍동,,
5639,2018-12,W6Y145,서홍동,,
5640,2019-01,W6Y145,서홍동,,
5641,2019-02,W6Y145,서홍동,,
5642,2019-03,W6Y145,서홍동,,
5643,2019-04,W6Y145,서홍동,,
5644,2019-05,W6Y145,서홍동,53600.0,22.0
5645,2019-06,W6Y145,서홍동,530450.0,245.0
5646,2019-07,W6Y145,서홍동,822950.0,364.0
5647,2019-08,W6Y145,서홍동,925850.0,452.0
5648,2019-09,W6Y145,서홍동,732100.0,337.0
5649,2019-10,W6Y145,서홍동,651000.0,326.0
5650,2019-11,W6Y145,서홍동,656700.0,293.0
5651,2019-12,W6Y145,서홍동,785700.0,296.0
5652,2020-01,W6Y145,서홍동,865750.0,288.0
5653,2020-02,W6Y145,서홍동,736400.0,262.0
5654,2020-03,W6Y145,서홍동,501900.0,203.0
5655,2020-04,W6Y145,서홍동,530200.0,206.0
5656,2020-05,W6Y145,서홍동,537850.0,227.0
5657,2020-06,W6Y145,서홍동,520050.0,228.0
5658,2020-07,W6Y145,서홍동,546450.0,247.0
5659,2020-08,W6Y145,서홍동,581500.0,238.0
5660,2020-09,W6Y145,서홍동,4250.0,4.0
5661,2020-10,W6Y145,서홍동,,
5662,2020-11,W6Y145,서홍동,,
5663,2020-12,W6Y145,서홍동,,
5664,2021-01,W6Y145,서홍동,,
5665,2021-02,W6Y145,서홍동,13700.0,7.0
5666,2021-03,W6Y145,서홍동,139650.0,65.0
5667,2021-04,W6Y145,서홍동,,
5668,2021-05,W6Y145,서홍동,270900.0,71.0
5669,2021-06,W6Y145,서홍동,1058900.0,355.0
5670,2018-01,W6Y146,서홍동,1998200.0,885.0
5671,2018-02,W6Y146,서홍동,1815000.0,763.0
5672,2018-03,W6Y146,서홍동,1701250.0,755.0
5673,2018-04,W6Y146,서홍동,1544650.0,785.0
5674,2018-05,W6Y146,서홍동,1626700.0,860.0
5675,2018-06,W6Y146,서홍동,1850100.0,942.0
5676,2018-07,W6Y146,서홍동,2059350.0,1146.0
5677,2018-08,W6Y146,서홍동,2156600.0,1126.0
5678,2018-09,W6Y146,서홍동,1833250.0,1042.0
5679,2018-10,W6Y146,서홍동,1715750.0,992.0
5680,2018-11,W6Y146,서홍동,1561700.0,960.0
5681,2018-12,W6Y146,서홍동,1644600.0,955.0
5682,2019-01,W6Y146,서홍동,1886600.0,867.0
5683,2019-02,W6Y146,서홍동,1903500.0,860.0
5684,2019-03,W6Y146,서홍동,1718350.0,869.0
5685,2019-04,W6Y146,서홍동,1176700.0,625.0
5686,2019-05,W6Y146,서홍동,525350.0,289.0
5687,2019-06,W6Y146,서홍동,879900.0,439.0
5688,2019-07,W6Y146,서홍동,2475950.0,1257.0
5689,2019-08,W6Y146,서홍동,2366800.0,1214.0
5690,2019-09,W6Y146,서홍동,2049850.0,1138.0
5691,2019-10,W6Y146,서홍동,1774750.0,1091.0
5692,2019-11,W6Y146,서홍동,1782100.0,998.0
5693,2019-12,W6Y146,서홍동,1867450.0,920.0
5694,2020-01,W6Y146,서홍동,1740150.0,833.0
5695,2020-02,W6Y146,서홍동,1942050.0,889.0
5696,2020-03,W6Y146,서홍동,2053000.0,1000.0
5697,2020-04,W6Y146,서홍동,1744950.0,937.0
5698,2020-05,W6Y146,서홍동,1948000.0,1083.0
5699,2020-06,W6Y146,서홍동,1951750.0,1083.0
5700,2020-07,W6Y146,서홍동,2187100.0,1180.0
5701,2020-08,W6Y146,서홍동,2008850.0,1080.0
5702,2020-09,W6Y146,서홍동,1864050.0,1095.0
5703,2020-10,W6Y146,서홍동,1983150.0,1070.0
5704,2020-11,W6Y146,서홍동,1434750.0,714.0
5705,2020-12,W6Y146,서홍동,2365650.0,1029.0
5706,2021-01,W6Y146,서홍동,2346800.0,1034.0
5707,2021-02,W6Y146,서홍동,2186800.0,911.0
5708,2021-03,W6Y146,서홍동,2231850.0,999.0
5709,2021-04,W6Y146,서홍동,,
5710,2021-05,W6Y146,서홍동,2187800.0,1098.0
5711,2021-06,W6Y146,서홍동,2419150.0,1192.0
5712,2018-01,W6Y147,서홍동,3036850.0,1200.0
5713,2018-02,W6Y147,서홍동,4136850.0,1174.0
5714,2018-03,W6Y147,서홍동,3722000.0,1294.0
5715,2018-04,W6Y147,서홍동,1661400.0,585.0
5716,2018-05,W6Y147,서홍동,768650.0,278.0
5717,2018-06,W6Y147,서홍동,1281700.0,328.0
5718,2018-07,W6Y147,서홍동,1519600.0,432.0
5719,2018-08,W6Y147,서홍동,2590550.0,888.0
5720,2018-09,W6Y147,서홍동,2895800.0,1262.0
5721,2018-10,W6Y147,서홍동,2005900.0,889.0
5722,2018-11,W6Y147,서홍동,752650.0,311.0
5723,2018-12,W6Y147,서홍동,1057250.0,427.0
5724,2019-01,W6Y147,서홍동,474000.0,229.0
5725,2019-02,W6Y147,서홍동,647000.0,253.0
5726,2019-03,W6Y147,서홍동,806350.0,268.0
5727,2019-04,W6Y147,서홍동,1257450.0,395.0
5728,2019-05,W6Y147,서홍동,1380800.0,480.0
5729,2019-06,W6Y147,서홍동,94500.0,36.0
5730,2019-07,W6Y147,서홍동,,
5731,2019-08,W6Y147,서홍동,,
5732,2019-09,W6Y147,서홍동,,
5733,2019-10,W6Y147,서홍동,,
5734,2019-11,W6Y147,서홍동,,
5735,2019-12,W6Y147,서홍동,,
5736,2020-01,W6Y147,서홍동,,
5737,2020-02,W6Y147,서홍동,,
5738,2020-03,W6Y147,서홍동,,
5739,2020-04,W6Y147,서홍동,,
5740,2020-05,W6Y147,서홍동,,
5741,2020-06,W6Y147,서홍동,,
5742,2020-07,W6Y147,서홍동,,
5743,2020-08,W6Y147,서홍동,,
5744,2020-09,W6Y147,서홍동,,
5745,2020-10,W6Y147,서홍동,,
5746,2020-11,W6Y147,서홍동,,
5747,2020-12,W6Y147,서홍동,,
5748,2021-01,W6Y147,서홍동,,
5749,2021-02,W6Y147,서홍동,,
5750,2021-03,W6Y147,서홍동,,
5751,2021-04,W6Y147,서홍동,,
5752,2021-05,W6Y147,서홍동,,
5753,2021-06,W6Y147,서홍동,,
5754,2018-01,W6Y148,서홍동,702800.0,233.0
5755,2018-02,W6Y148,서홍동,,
5756,2018-03,W6Y148,서홍동,,
5757,2018-04,W6Y148,서홍동,,
5758,2018-05,W6Y148,서홍동,202800.0,99.0
5759,2018-06,W6Y148,서홍동,49600.0,18.0
5760,2018-07,W6Y148,서홍동,,
5761,2018-08,W6Y148,서홍동,,
5762,2018-09,W6Y148,서홍동,,
5763,2018-10,W6Y148,서홍동,,
5764,2018-11,W6Y148,서홍동,,
5765,2018-12,W6Y148,서홍동,,
5766,2019-01,W6Y148,서홍동,,
5767,2019-02,W6Y148,서홍동,,
5768,2019-03,W6Y148,서홍동,,
5769,2019-04,W6Y148,서홍동,,
5770,2019-05,W6Y148,서홍동,,
5771,2019-06,W6Y148,서홍동,,
5772,2019-07,W6Y148,서홍동,,
5773,2019-08,W6Y148,서홍동,,
5774,2019-09,W6Y148,서홍동,,
5775,2019-10,W6Y148,서홍동,,
5776,2019-11,W6Y148,서홍동,,
5777,2019-12,W6Y148,서홍동,,
5778,2020-01,W6Y148,서홍동,,
5779,2020-02,W6Y148,서홍동,,
5780,2020-03,W6Y148,서홍동,,
5781,2020-04,W6Y148,서홍동,,
5782,2020-05,W6Y148,서홍동,,
5783,2020-06,W6Y148,서홍동,,
5784,2020-07,W6Y148,서홍동,,
5785,2020-08,W6Y148,서홍동,,
5786,2020-09,W6Y148,서홍동,,
5787,2020-10,W6Y148,서홍동,,
5788,2020-11,W6Y148,서홍동,,
5789,2020-12,W6Y148,서홍동,,
5790,2021-01,W6Y148,서홍동,,
5791,2021-02,W6Y148,서홍동,,
5792,2021-03,W6Y148,서홍동,,
5793,2021-04,W6Y148,서홍동,,
5794,2021-05,W6Y148,서홍동,,
5795,2021-06,W6Y148,서홍동,,
5796,2018-01,W6Y149,영천동,,
5797,2018-02,W6Y149,영천동,,
5798,2018-03,W6Y149,영천동,,
5799,2018-04,W6Y149,영천동,,
5800,2018-05,W6Y149,영천동,7550.0,1.0
5801,2018-06,W6Y149,영천동,9650.0,4.0
5802,2018-07,W6Y149,영천동,46550.0,14.0
5803,2018-08,W6Y149,영천동,59400.0,35.0
5804,2018-09,W6Y149,영천동,,
5805,2018-10,W6Y149,영천동,,
5806,2018-11,W6Y149,영천동,,
5807,2018-12,W6Y149,영천동,,
5808,2019-01,W6Y149,영천동,,
5809,2019-02,W6Y149,영천동,,
5810,2019-03,W6Y149,영천동,,
5811,2019-04,W6Y149,영천동,,
5812,2019-05,W6Y149,영천동,,
5813,2019-06,W6Y149,영천동,,
5814,2019-07,W6Y149,영천동,,
5815,2019-08,W6Y149,영천동,,
5816,2019-09,W6Y149,영천동,,
5817,2019-10,W6Y149,영천동,,
5818,2019-11,W6Y149,영천동,,
5819,2019-12,W6Y149,영천동,,
5820,2020-01,W6Y149,영천동,,
5821,2020-02,W6Y149,영천동,,
5822,2020-03,W6Y149,영천동,,
5823,2020-04,W6Y149,영천동,,
5824,2020-05,W6Y149,영천동,,
5825,2020-06,W6Y149,영천동,,
5826,2020-07,W6Y149,영천동,,
5827,2020-08,W6Y149,영천동,,
5828,2020-09,W6Y149,영천동,,
5829,2020-10,W6Y149,영천동,,
5830,2020-11,W6Y149,영천동,,
5831,2020-12,W6Y149,영천동,,
5832,2021-01,W6Y149,영천동,,
5833,2021-02,W6Y149,영천동,,
5834,2021-03,W6Y149,영천동,,
5835,2021-04,W6Y149,영천동,,
5836,2021-05,W6Y149,영천동,,
5837,2021-06,W6Y149,영천동,,
5838,2018-01,W6Y150,서홍동,,
5839,2018-02,W6Y150,서홍동,,
5840,2018-03,W6Y150,서홍동,,
5841,2018-04,W6Y150,서홍동,,
5842,2018-05,W6Y150,서홍동,,
5843,2018-06,W6Y150,서홍동,,
5844,2018-07,W6Y150,서홍동,,
5845,2018-08,W6Y150,서홍동,,
5846,2018-09,W6Y150,서홍동,,
5847,2018-10,W6Y150,서홍동,,
5848,2018-11,W6Y150,서홍동,,
5849,2018-12,W6Y150,서홍동,,
5850,2019-01,W6Y150,서홍동,,
5851,2019-02,W6Y150,서홍동,,
5852,2019-03,W6Y150,서홍동,,
5853,2019-04,W6Y150,서홍동,,
5854,2019-05,W6Y150,서홍동,,
5855,2019-06,W6Y150,서홍동,,
5856,2019-07,W6Y150,서홍동,,
5857,2019-08,W6Y150,서홍동,,
5858,2019-09,W6Y150,서홍동,,
5859,2019-10,W6Y150,서홍동,,
5860,2019-11,W6Y150,서홍동,,
5861,2019-12,W6Y150,서홍동,,
5862,2020-01,W6Y150,서홍동,,
5863,2020-02,W6Y150,서홍동,,
5864,2020-03,W6Y150,서홍동,,
5865,2020-04,W6Y150,서홍동,,
5866,2020-05,W6Y150,서홍동,,
5867,2020-06,W6Y150,서홍동,,
5868,2020-07,W6Y150,서홍동,,
5869,2020-08,W6Y150,서홍동,,
5870,2020-09,W6Y150,서홍동,,
5871,2020-10,W6Y150,서홍동,,
5872,2020-11,W6Y150,서홍동,,
5873,2020-12,W6Y150,서홍동,,
5874,2021-01,W6Y150,서홍동,,
5875,2021-02,W6Y150,서홍동,,
5876,2021-03,W6Y150,서홍동,,
5877,2021-04,W6Y150,서홍동,,
5878,2021-05,W6Y150,서홍동,,
5879,2021-06,W6Y150,서홍동,,
5880,2018-01,W6Y151,대륜동,,
5881,2018-02,W6Y151,대륜동,,
5882,2018-03,W6Y151,대륜동,,
5883,2018-04,W6Y151,대륜동,,
5884,2018-05,W6Y151,대륜동,,
5885,2018-06,W6Y151,대륜동,,
5886,2018-07,W6Y151,대륜동,1724150.0,432.0
5887,2018-08,W6Y151,대륜동,4204150.0,1085.0
5888,2018-09,W6Y151,대륜동,3281250.0,914.0
5889,2018-10,W6Y151,대륜동,3041450.0,785.0
5890,2018-11,W6Y151,대륜동,2710050.0,691.0
5891,2018-12,W6Y151,대륜동,3298550.0,712.0
5892,2019-01,W6Y151,대륜동,2447200.0,537.0
5893,2019-02,W6Y151,대륜동,,
5894,2019-03,W6Y151,대륜동,,
5895,2019-04,W6Y151,대륜동,,
5896,2019-05,W6Y151,대륜동,2868450.0,621.0
5897,2019-06,W6Y151,대륜동,5031600.0,985.0
5898,2019-07,W6Y151,대륜동,5635150.0,1051.0
5899,2019-08,W6Y151,대륜동,5795500.0,1074.0
5900,2019-09,W6Y151,대륜동,4890200.0,989.0
5901,2019-10,W6Y151,대륜동,5055700.0,935.0
5902,2019-11,W6Y151,대륜동,4554300.0,859.0
5903,2019-12,W6Y151,대륜동,4199050.0,774.0
5904,2020-01,W6Y151,대륜동,5215350.0,868.0
5905,2020-02,W6Y151,대륜동,4525500.0,780.0
5906,2020-03,W6Y151,대륜동,5095500.0,964.0
5907,2020-04,W6Y151,대륜동,4485500.0,971.0
5908,2020-05,W6Y151,대륜동,5784400.0,1200.0
5909,2020-06,W6Y151,대륜동,6343100.0,1192.0
5910,2020-07,W6Y151,대륜동,6933900.0,1269.0
5911,2020-08,W6Y151,대륜동,8812850.0,1596.0
5912,2020-09,W6Y151,대륜동,7010050.0,1473.0
5913,2020-10,W6Y151,대륜동,7367750.0,1406.0
5914,2020-11,W6Y151,대륜동,6747350.0,1215.0
5915,2020-12,W6Y151,대륜동,6173750.0,1247.0
5916,2021-01,W6Y151,대륜동,6211500.0,1149.0
5917,2021-02,W6Y151,대륜동,3841600.0,631.0
5918,2021-03,W6Y151,대륜동,6001850.0,941.0
5919,2021-04,W6Y151,대륜동,,
5920,2021-05,W6Y151,대륜동,6415750.0,1080.0
5921,2021-06,W6Y151,대륜동,6870200.0,1112.0
5922,2018-01,W6Y152,대륜동,,
5923,2018-02,W6Y152,대륜동,,
5924,2018-03,W6Y152,대륜동,,
5925,2018-04,W6Y152,대륜동,,
5926,2018-05,W6Y152,대륜동,,
5927,2018-06,W6Y152,대륜동,,
5928,2018-07,W6Y152,대륜동,,
5929,2018-08,W6Y152,대륜동,,
5930,2018-09,W6Y152,대륜동,,
5931,2018-10,W6Y152,대륜동,,
5932,2018-11,W6Y152,대륜동,,
5933,2018-12,W6Y152,대륜동,,
5934,2019-01,W6Y152,대륜동,,
5935,2019-02,W6Y152,대륜동,,
5936,2019-03,W6Y152,대륜동,,
5937,2019-04,W6Y152,대륜동,,
5938,2019-05,W6Y152,대륜동,,
5939,2019-06,W6Y152,대륜동,,
5940,2019-07,W6Y152,대륜동,,
5941,2019-08,W6Y152,대륜동,,
5942,2019-09,W6Y152,대륜동,,
5943,2019-10,W6Y152,대륜동,,
5944,2019-11,W6Y152,대륜동,,
5945,2019-12,W6Y152,대륜동,,
5946,2020-01,W6Y152,대륜동,,
5947,2020-02,W6Y152,대륜동,,
5948,2020-03,W6Y152,대륜동,,
5949,2020-04,W6Y152,대륜동,,
5950,2020-05,W6Y152,대륜동,,
5951,2020-06,W6Y152,대륜동,,
5952,2020-07,W6Y152,대륜동,,
5953,2020-08,W6Y152,대륜동,,
5954,2020-09,W6Y152,대륜동,,
5955,2020-10,W6Y152,대륜동,,
5956,2020-11,W6Y152,대륜동,,
5957,2020-12,W6Y152,대륜동,,
5958,2021-01,W6Y152,대륜동,,
5959,2021-02,W6Y152,대륜동,,
5960,2021-03,W6Y152,대륜동,,
5961,2021-04,W6Y152,대륜동,,
5962,2021-05,W6Y152,대륜동,,
5963,2021-06,W6Y152,대륜동,,
5964,2018-01,W6Y153,대륜동,1984200.0,233.0
5965,2018-02,W6Y153,대륜동,3610650.0,514.0
5966,2018-03,W6Y153,대륜동,4064700.0,721.0
5967,2018-04,W6Y153,대륜동,4436200.0,824.0
5968,2018-05,W6Y153,대륜동,4666250.0,866.0
5969,2018-06,W6Y153,대륜동,5296600.0,999.0
5970,2018-07,W6Y153,대륜동,5850050.0,1020.0
5971,2018-08,W6Y153,대륜동,4801650.0,816.0
5972,2018-09,W6Y153,대륜동,3503950.0,699.0
5973,2018-10,W6Y153,대륜동,3239500.0,654.0
5974,2018-11,W6Y153,대륜동,3063000.0,574.0
5975,2018-12,W6Y153,대륜동,3460400.0,579.0
5976,2019-01,W6Y153,대륜동,3487800.0,492.0
5977,2019-02,W6Y153,대륜동,1979100.0,342.0
5978,2019-03,W6Y153,대륜동,1381000.0,258.0
5979,2019-04,W6Y153,대륜동,1258050.0,239.0
5980,2019-05,W6Y153,대륜동,3041300.0,530.0
5981,2019-06,W6Y153,대륜동,3068050.0,593.0
5982,2019-07,W6Y153,대륜동,3520950.0,611.0
5983,2019-08,W6Y153,대륜동,3132550.0,556.0
5984,2019-09,W6Y153,대륜동,2225350.0,450.0
5985,2019-10,W6Y153,대륜동,2644000.0,487.0
5986,2019-11,W6Y153,대륜동,2936850.0,498.0
5987,2019-12,W6Y153,대륜동,2677850.0,388.0
5988,2020-01,W6Y153,대륜동,2873450.0,402.0
5989,2020-02,W6Y153,대륜동,2451800.0,350.0
5990,2020-03,W6Y153,대륜동,2494300.0,373.0
5991,2020-04,W6Y153,대륜동,2209400.0,380.0
5992,2020-05,W6Y153,대륜동,2333400.0,334.0
5993,2020-06,W6Y153,대륜동,2407900.0,390.0
5994,2020-07,W6Y153,대륜동,2891550.0,454.0
5995,2020-08,W6Y153,대륜동,2044050.0,318.0
5996,2020-09,W6Y153,대륜동,1943200.0,353.0
5997,2020-10,W6Y153,대륜동,2065300.0,348.0
5998,2020-11,W6Y153,대륜동,2606800.0,409.0
5999,2020-12,W6Y153,대륜동,2105500.0,405.0
6000,2021-01,W6Y153,대륜동,1900350.0,345.0
6001,2021-02,W6Y153,대륜동,2287600.0,383.0
6002,2021-03,W6Y153,대륜동,2976450.0,464.0
6003,2021-04,W6Y153,대륜동,,
6004,2021-05,W6Y153,대륜동,2632400.0,447.0
6005,2021-06,W6Y153,대륜동,2622500.0,456.0
6006,2018-01,W6Y154,대륜동,,
6007,2018-02,W6Y154,대륜동,,
6008,2018-03,W6Y154,대륜동,,
6009,2018-04,W6Y154,대륜동,,
6010,2018-05,W6Y154,대륜동,,
6011,2018-06,W6Y154,대륜동,,
6012,2018-07,W6Y154,대륜동,,
6013,2018-08,W6Y154,대륜동,,
6014,2018-09,W6Y154,대륜동,,
6015,2018-10,W6Y154,대륜동,,
6016,2018-11,W6Y154,대륜동,,
6017,2018-12,W6Y154,대륜동,,
6018,2019-01,W6Y154,대륜동,,
6019,2019-02,W6Y154,대륜동,,
6020,2019-03,W6Y154,대륜동,,
6021,2019-04,W6Y154,대륜동,,
6022,2019-05,W6Y154,대륜동,,
6023,2019-06,W6Y154,대륜동,,
6024,2019-07,W6Y154,대륜동,,
6025,2019-08,W6Y154,대륜동,,
6026,2019-09,W6Y154,대륜동,,
6027,2019-10,W6Y154,대륜동,,
6028,2019-11,W6Y154,대륜동,,
6029,2019-12,W6Y154,대륜동,,
6030,2020-01,W6Y154,대륜동,,
6031,2020-02,W6Y154,대륜동,,
6032,2020-03,W6Y154,대륜동,,
6033,2020-04,W6Y154,대륜동,,
6034,2020-05,W6Y154,대륜동,,
6035,2020-06,W6Y154,대륜동,,
6036,2020-07,W6Y154,대륜동,,
6037,2020-08,W6Y154,대륜동,,
6038,2020-09,W6Y154,대륜동,,
6039,2020-10,W6Y154,대륜동,,
6040,2020-11,W6Y154,대륜동,,
6041,2020-12,W6Y154,대륜동,,
6042,2021-01,W6Y154,대륜동,,
6043,2021-02,W6Y154,대륜동,,
6044,2021-03,W6Y154,대륜동,,
6045,2021-04,W6Y154,대륜동,,
6046,2021-05,W6Y154,대륜동,,
6047,2021-06,W6Y154,대륜동,,
6048,2018-01,W6Y155,대륜동,1807900.0,516.0
6049,2018-02,W6Y155,대륜동,1966250.0,523.0
6050,2018-03,W6Y155,대륜동,1964050.0,561.0
6051,2018-04,W6Y155,대륜동,2154150.0,607.0
6052,2018-05,W6Y155,대륜동,2139450.0,713.0
6053,2018-06,W6Y155,대륜동,2179550.0,761.0
6054,2018-07,W6Y155,대륜동,2634650.0,887.0
6055,2018-08,W6Y155,대륜동,3034600.0,903.0
6056,2018-09,W6Y155,대륜동,2322000.0,774.0
6057,2018-10,W6Y155,대륜동,1972600.0,619.0
6058,2018-11,W6Y155,대륜동,1906050.0,568.0
6059,2018-12,W6Y155,대륜동,1759250.0,498.0
6060,2019-01,W6Y155,대륜동,1131650.0,327.0
6061,2019-02,W6Y155,대륜동,622950.0,201.0
6062,2019-03,W6Y155,대륜동,176550.0,34.0
6063,2019-04,W6Y155,대륜동,160250.0,32.0
6064,2019-05,W6Y155,대륜동,1461000.0,564.0
6065,2019-06,W6Y155,대륜동,1445600.0,622.0
6066,2019-07,W6Y155,대륜동,934300.0,460.0
6067,2019-08,W6Y155,대륜동,1005550.0,504.0
6068,2019-09,W6Y155,대륜동,903800.0,478.0
6069,2019-10,W6Y155,대륜동,751600.0,416.0
6070,2019-11,W6Y155,대륜동,811250.0,415.0
6071,2019-12,W6Y155,대륜동,952350.0,379.0
6072,2020-01,W6Y155,대륜동,1057100.0,415.0
6073,2020-02,W6Y155,대륜동,810600.0,366.0
6074,2020-03,W6Y155,대륜동,839900.0,388.0
6075,2020-04,W6Y155,대륜동,780400.0,414.0
6076,2020-05,W6Y155,대륜동,873850.0,484.0
6077,2020-06,W6Y155,대륜동,946400.0,507.0
6078,2020-07,W6Y155,대륜동,964300.0,520.0
6079,2020-08,W6Y155,대륜동,1004750.0,542.0
6080,2020-09,W6Y155,대륜동,793500.0,454.0
6081,2020-10,W6Y155,대륜동,794550.0,466.0
6082,2020-11,W6Y155,대륜동,835550.0,463.0
6083,2020-12,W6Y155,대륜동,908000.0,443.0
6084,2021-01,W6Y155,대륜동,836950.0,413.0
6085,2021-02,W6Y155,대륜동,717000.0,358.0
6086,2021-03,W6Y155,대륜동,706400.0,376.0
6087,2021-04,W6Y155,대륜동,,
6088,2021-05,W6Y155,대륜동,811350.0,433.0
6089,2021-06,W6Y155,대륜동,790700.0,412.0
6090,2018-01,W6Y156,대륜동,307700.0,72.0
6091,2018-02,W6Y156,대륜동,130900.0,27.0
6092,2018-03,W6Y156,대륜동,26200.0,5.0
6093,2018-04,W6Y156,대륜동,,
6094,2018-05,W6Y156,대륜동,,
6095,2018-06,W6Y156,대륜동,,
6096,2018-07,W6Y156,대륜동,,
6097,2018-08,W6Y156,대륜동,,
6098,2018-09,W6Y156,대륜동,,
6099,2018-10,W6Y156,대륜동,,
6100,2018-11,W6Y156,대륜동,,
6101,2018-12,W6Y156,대륜동,,
6102,2019-01,W6Y156,대륜동,,
6103,2019-02,W6Y156,대륜동,,
6104,2019-03,W6Y156,대륜동,,
6105,2019-04,W6Y156,대륜동,,
6106,2019-05,W6Y156,대륜동,,
6107,2019-06,W6Y156,대륜동,,
6108,2019-07,W6Y156,대륜동,,
6109,2019-08,W6Y156,대륜동,,
6110,2019-09,W6Y156,대륜동,,
6111,2019-10,W6Y156,대륜동,,
6112,2019-11,W6Y156,대륜동,,
6113,2019-12,W6Y156,대륜동,,
6114,2020-01,W6Y156,대륜동,,
6115,2020-02,W6Y156,대륜동,,
6116,2020-03,W6Y156,대륜동,,
6117,2020-04,W6Y156,대륜동,,
6118,2020-05,W6Y156,대륜동,,
6119,2020-06,W6Y156,대륜동,,
6120,2020-07,W6Y156,대륜동,,
6121,2020-08,W6Y156,대륜동,,
6122,2020-09,W6Y156,대륜동,,
6123,2020-10,W6Y156,대륜동,,
6124,2020-11,W6Y156,대륜동,,
6125,2020-12,W6Y156,대륜동,,
6126,2021-01,W6Y156,대륜동,,
6127,2021-02,W6Y156,대륜동,,
6128,2021-03,W6Y156,대륜동,,
6129,2021-04,W6Y156,대륜동,,
6130,2021-05,W6Y156,대륜동,,
6131,2021-06,W6Y156,대륜동,,
6132,2018-01,W6Y157,대륜동,,
6133,2018-02,W6Y157,대륜동,,
6134,2018-03,W6Y157,대륜동,,
6135,2018-04,W6Y157,대륜동,,
6136,2018-05,W6Y157,대륜동,,
6137,2018-06,W6Y157,대륜동,,
6138,2018-07,W6Y157,대륜동,,
6139,2018-08,W6Y157,대륜동,,
6140,2018-09,W6Y157,대륜동,,
6141,2018-10,W6Y157,대륜동,,
6142,2018-11,W6Y157,대륜동,,
6143,2018-12,W6Y157,대륜동,,
6144,2019-01,W6Y157,대륜동,,
6145,2019-02,W6Y157,대륜동,,
6146,2019-03,W6Y157,대륜동,,
6147,2019-04,W6Y157,대륜동,,
6148,2019-05,W6Y157,대륜동,,
6149,2019-06,W6Y157,대륜동,,
6150,2019-07,W6Y157,대륜동,,
6151,2019-08,W6Y157,대륜동,,
6152,2019-09,W6Y157,대륜동,,
6153,2019-10,W6Y157,대륜동,,
6154,2019-11,W6Y157,대륜동,,
6155,2019-12,W6Y157,대륜동,,
6156,2020-01,W6Y157,대륜동,,
6157,2020-02,W6Y157,대륜동,,
6158,2020-03,W6Y157,대륜동,,
6159,2020-04,W6Y157,대륜동,,
6160,2020-05,W6Y157,대륜동,,
6161,2020-06,W6Y157,대륜동,,
6162,2020-07,W6Y157,대륜동,,
6163,2020-08,W6Y157,대륜동,,
6164,2020-09,W6Y157,대륜동,,
6165,2020-10,W6Y157,대륜동,,
6166,2020-11,W6Y157,대륜동,,
6167,2020-12,W6Y157,대륜동,,
6168,2021-01,W6Y157,대륜동,,
6169,2021-02,W6Y157,대륜동,,
6170,2021-03,W6Y157,대륜동,,
6171,2021-04,W6Y157,대륜동,,
6172,2021-05,W6Y157,대륜동,,
6173,2021-06,W6Y157,대륜동,,
6174,2018-01,W6Y158,대륜동,557850.0,194.0
6175,2018-02,W6Y158,대륜동,484350.0,166.0
6176,2018-03,W6Y158,대륜동,588750.0,217.0
6177,2018-04,W6Y158,대륜동,483200.0,203.0
6178,2018-05,W6Y158,대륜동,528900.0,223.0
6179,2018-06,W6Y158,대륜동,489750.0,254.0
6180,2018-07,W6Y158,대륜동,610600.0,279.0
6181,2018-08,W6Y158,대륜동,754050.0,318.0
6182,2018-09,W6Y158,대륜동,492800.0,299.0
6183,2018-10,W6Y158,대륜동,470400.0,248.0
6184,2018-11,W6Y158,대륜동,628350.0,235.0
6185,2018-12,W6Y158,대륜동,532200.0,215.0
6186,2019-01,W6Y158,대륜동,301000.0,92.0
6187,2019-02,W6Y158,대륜동,,
6188,2019-03,W6Y158,대륜동,,
6189,2019-04,W6Y158,대륜동,,
6190,2019-05,W6Y158,대륜동,,
6191,2019-06,W6Y158,대륜동,,
6192,2019-07,W6Y158,대륜동,,
6193,2019-08,W6Y158,대륜동,,
6194,2019-09,W6Y158,대륜동,,
6195,2019-10,W6Y158,대륜동,,
6196,2019-11,W6Y158,대륜동,,
6197,2019-12,W6Y158,대륜동,,
6198,2020-01,W6Y158,대륜동,,
6199,2020-02,W6Y158,대륜동,,
6200,2020-03,W6Y158,대륜동,,
6201,2020-04,W6Y158,대륜동,,
6202,2020-05,W6Y158,대륜동,,
6203,2020-06,W6Y158,대륜동,,
6204,2020-07,W6Y158,대륜동,,
6205,2020-08,W6Y158,대륜동,,
6206,2020-09,W6Y158,대륜동,,
6207,2020-10,W6Y158,대륜동,,
6208,2020-11,W6Y158,대륜동,,
6209,2020-12,W6Y158,대륜동,,
6210,2021-01,W6Y158,대륜동,,
6211,2021-02,W6Y158,대륜동,,
6212,2021-03,W6Y158,대륜동,,
6213,2021-04,W6Y158,대륜동,,
6214,2021-05,W6Y158,대륜동,,
6215,2021-06,W6Y158,대륜동,,
6216,2018-01,W6Y159,대륜동,,
6217,2018-02,W6Y159,대륜동,,
6218,2018-03,W6Y159,대륜동,,
6219,2018-04,W6Y159,대륜동,,
6220,2018-05,W6Y159,대륜동,,
6221,2018-06,W6Y159,대륜동,,
6222,2018-07,W6Y159,대륜동,,
6223,2018-08,W6Y159,대륜동,,
6224,2018-09,W6Y159,대륜동,,
6225,2018-10,W6Y159,대륜동,,
6226,2018-11,W6Y159,대륜동,150700.0,79.0
6227,2018-12,W6Y159,대륜동,133400.0,60.0
6228,2019-01,W6Y159,대륜동,145700.0,75.0
6229,2019-02,W6Y159,대륜동,220750.0,86.0
6230,2019-03,W6Y159,대륜동,194800.0,86.0
6231,2019-04,W6Y159,대륜동,208100.0,91.0
6232,2019-05,W6Y159,대륜동,222700.0,103.0
6233,2019-06,W6Y159,대륜동,17550.0,10.0
6234,2019-07,W6Y159,대륜동,,
6235,2019-08,W6Y159,대륜동,,
6236,2019-09,W6Y159,대륜동,,
6237,2019-10,W6Y159,대륜동,,
6238,2019-11,W6Y159,대륜동,,
6239,2019-12,W6Y159,대륜동,,
6240,2020-01,W6Y159,대륜동,,
6241,2020-02,W6Y159,대륜동,,
6242,2020-03,W6Y159,대륜동,,
6243,2020-04,W6Y159,대륜동,,
6244,2020-05,W6Y159,대륜동,,
6245,2020-06,W6Y159,대륜동,,
6246,2020-07,W6Y159,대륜동,,
6247,2020-08,W6Y159,대륜동,,
6248,2020-09,W6Y159,대륜동,,
6249,2020-10,W6Y159,대륜동,,
6250,2020-11,W6Y159,대륜동,,
6251,2020-12,W6Y159,대륜동,,
6252,2021-01,W6Y159,대륜동,,
6253,2021-02,W6Y159,대륜동,,
6254,2021-03,W6Y159,대륜동,,
6255,2021-04,W6Y159,대륜동,,
6256,2021-05,W6Y159,대륜동,,
6257,2021-06,W6Y159,대륜동,,
6258,2018-01,W6Y160,대륜동,,
6259,2018-02,W6Y160,대륜동,,
6260,2018-03,W6Y160,대륜동,,
6261,2018-04,W6Y160,대륜동,,
6262,2018-05,W6Y160,대륜동,,
6263,2018-06,W6Y160,대륜동,,
6264,2018-07,W6Y160,대륜동,,
6265,2018-08,W6Y160,대륜동,,
6266,2018-09,W6Y160,대륜동,,
6267,2018-10,W6Y160,대륜동,,
6268,2018-11,W6Y160,대륜동,,
6269,2018-12,W6Y160,대륜동,,
6270,2019-01,W6Y160,대륜동,,
6271,2019-02,W6Y160,대륜동,,
6272,2019-03,W6Y160,대륜동,,
6273,2019-04,W6Y160,대륜동,,
6274,2019-05,W6Y160,대륜동,,
6275,2019-06,W6Y160,대륜동,,
6276,2019-07,W6Y160,대륜동,,
6277,2019-08,W6Y160,대륜동,,
6278,2019-09,W6Y160,대륜동,,
6279,2019-10,W6Y160,대륜동,,
6280,2019-11,W6Y160,대륜동,,
6281,2019-12,W6Y160,대륜동,,
6282,2020-01,W6Y160,대륜동,,
6283,2020-02,W6Y160,대륜동,,
6284,2020-03,W6Y160,대륜동,,
6285,2020-04,W6Y160,대륜동,,
6286,2020-05,W6Y160,대륜동,,
6287,2020-06,W6Y160,대륜동,,
6288,2020-07,W6Y160,대륜동,,
6289,2020-08,W6Y160,대륜동,,
6290,2020-09,W6Y160,대륜동,,
6291,2020-10,W6Y160,대륜동,,
6292,2020-11,W6Y160,대륜동,,
6293,2020-12,W6Y160,대륜동,,
6294,2021-01,W6Y160,대륜동,,
6295,2021-02,W6Y160,대륜동,,
6296,2021-03,W6Y160,대륜동,,
6297,2021-04,W6Y160,대륜동,,
6298,2021-05,W6Y160,대륜동,,
6299,2021-06,W6Y160,대륜동,146750.0,46.0
6300,2018-01,W6Y161,대륜동,246400.0,59.0
6301,2018-02,W6Y161,대륜동,199100.0,51.0
6302,2018-03,W6Y161,대륜동,234100.0,49.0
6303,2018-04,W6Y161,대륜동,150600.0,38.0
6304,2018-05,W6Y161,대륜동,114700.0,31.0
6305,2018-06,W6Y161,대륜동,75950.0,18.0
6306,2018-07,W6Y161,대륜동,,
6307,2018-08,W6Y161,대륜동,,
6308,2018-09,W6Y161,대륜동,33000.0,28.0
6309,2018-10,W6Y161,대륜동,96650.0,41.0
6310,2018-11,W6Y161,대륜동,77100.0,33.0
6311,2018-12,W6Y161,대륜동,103150.0,37.0
6312,2019-01,W6Y161,대륜동,194900.0,49.0
6313,2019-02,W6Y161,대륜동,38400.0,11.0
6314,2019-03,W6Y161,대륜동,63300.0,26.0
6315,2019-04,W6Y161,대륜동,87700.0,31.0
6316,2019-05,W6Y161,대륜동,38200.0,7.0
6317,2019-06,W6Y161,대륜동,59550.0,11.0
6318,2019-07,W6Y161,대륜동,235300.0,55.0
6319,2019-08,W6Y161,대륜동,443500.0,102.0
6320,2019-09,W6Y161,대륜동,192300.0,53.0
6321,2019-10,W6Y161,대륜동,176150.0,48.0
6322,2019-11,W6Y161,대륜동,169650.0,44.0
6323,2019-12,W6Y161,대륜동,190250.0,29.0
6324,2020-01,W6Y161,대륜동,181600.0,28.0
6325,2020-02,W6Y161,대륜동,86800.0,19.0
6326,2020-03,W6Y161,대륜동,74500.0,27.0
6327,2020-04,W6Y161,대륜동,65050.0,29.0
6328,2020-05,W6Y161,대륜동,137150.0,29.0
6329,2020-06,W6Y161,대륜동,72100.0,21.0
6330,2020-07,W6Y161,대륜동,164900.0,52.0
6331,2020-08,W6Y161,대륜동,294200.0,46.0
6332,2020-09,W6Y161,대륜동,115900.0,26.0
6333,2020-10,W6Y161,대륜동,142650.0,31.0
6334,2020-11,W6Y161,대륜동,267100.0,47.0
6335,2020-12,W6Y161,대륜동,220400.0,50.0
6336,2021-01,W6Y161,대륜동,191400.0,58.0
6337,2021-02,W6Y161,대륜동,193550.0,53.0
6338,2021-03,W6Y161,대륜동,242750.0,60.0
6339,2021-04,W6Y161,대륜동,,
6340,2021-05,W6Y161,대륜동,248200.0,42.0
6341,2021-06,W6Y161,대륜동,103950.0,20.0
6342,2018-01,W6Y162,대륜동,330350.0,114.0
6343,2018-02,W6Y162,대륜동,192250.0,87.0
6344,2018-03,W6Y162,대륜동,223300.0,94.0
6345,2018-04,W6Y162,대륜동,234300.0,104.0
6346,2018-05,W6Y162,대륜동,294600.0,135.0
6347,2018-06,W6Y162,대륜동,321950.0,160.0
6348,2018-07,W6Y162,대륜동,416750.0,181.0
6349,2018-08,W6Y162,대륜동,350800.0,177.0
6350,2018-09,W6Y162,대륜동,261350.0,143.0
6351,2018-10,W6Y162,대륜동,298000.0,173.0
6352,2018-11,W6Y162,대륜동,299650.0,166.0
6353,2018-12,W6Y162,대륜동,337550.0,151.0
6354,2019-01,W6Y162,대륜동,392050.0,153.0
6355,2019-02,W6Y162,대륜동,392750.0,166.0
6356,2019-03,W6Y162,대륜동,392900.0,163.0
6357,2019-04,W6Y162,대륜동,228050.0,121.0
6358,2019-05,W6Y162,대륜동,377250.0,196.0
6359,2019-06,W6Y162,대륜동,251450.0,123.0
6360,2019-07,W6Y162,대륜동,665700.0,319.0
6361,2019-08,W6Y162,대륜동,762450.0,323.0
6362,2019-09,W6Y162,대륜동,553600.0,296.0
6363,2019-10,W6Y162,대륜동,565500.0,307.0
6364,2019-11,W6Y162,대륜동,633300.0,287.0
6365,2019-12,W6Y162,대륜동,622900.0,261.0
6366,2020-01,W6Y162,대륜동,588700.0,264.0
6367,2020-02,W6Y162,대륜동,640250.0,282.0
6368,2020-03,W6Y162,대륜동,614300.0,291.0
6369,2020-04,W6Y162,대륜동,633350.0,330.0
6370,2020-05,W6Y162,대륜동,645800.0,349.0
6371,2020-06,W6Y162,대륜동,554300.0,335.0
6372,2020-07,W6Y162,대륜동,682750.0,348.0
6373,2020-08,W6Y162,대륜동,53750.0,28.0
6374,2020-09,W6Y162,대륜동,,
6375,2020-10,W6Y162,대륜동,,
6376,2020-11,W6Y162,대륜동,,
6377,2020-12,W6Y162,대륜동,,
6378,2021-01,W6Y162,대륜동,,
6379,2021-02,W6Y162,대륜동,,
6380,2021-03,W6Y162,대륜동,,
6381,2021-04,W6Y162,대륜동,,
6382,2021-05,W6Y162,대륜동,,
6383,2021-06,W6Y162,대륜동,,
6384,2018-01,W6Y163,대륜동,984150.0,378.0
6385,2018-02,W6Y163,대륜동,436500.0,167.0
6386,2018-03,W6Y163,대륜동,453700.0,172.0
6387,2018-04,W6Y163,대륜동,951300.0,273.0
6388,2018-05,W6Y163,대륜동,291500.0,127.0
6389,2018-06,W6Y163,대륜동,271050.0,114.0
6390,2018-07,W6Y163,대륜동,121900.0,29.0
6391,2018-08,W6Y163,대륜동,149550.0,73.0
6392,2018-09,W6Y163,대륜동,233400.0,113.0
6393,2018-10,W6Y163,대륜동,158100.0,80.0
6394,2018-11,W6Y163,대륜동,165600.0,81.0
6395,2018-12,W6Y163,대륜동,316550.0,117.0
6396,2019-01,W6Y163,대륜동,304900.0,120.0
6397,2019-02,W6Y163,대륜동,67350.0,24.0
6398,2019-03,W6Y163,대륜동,14650.0,9.0
6399,2019-04,W6Y163,대륜동,36700.0,12.0
6400,2019-05,W6Y163,대륜동,16550.0,10.0
6401,2019-06,W6Y163,대륜동,637750.0,291.0
6402,2019-07,W6Y163,대륜동,2298150.0,820.0
6403,2019-08,W6Y163,대륜동,2420550.0,850.0
6404,2019-09,W6Y163,대륜동,2158800.0,783.0
6405,2019-10,W6Y163,대륜동,1970400.0,747.0
6406,2019-11,W6Y163,대륜동,2320900.0,827.0
6407,2019-12,W6Y163,대륜동,2482550.0,842.0
6408,2020-01,W6Y163,대륜동,2170000.0,674.0
6409,2020-02,W6Y163,대륜동,2296600.0,772.0
6410,2020-03,W6Y163,대륜동,2430200.0,784.0
6411,2020-04,W6Y163,대륜동,2278150.0,789.0
6412,2020-05,W6Y163,대륜동,3052014.0,848.0
6413,2020-06,W6Y163,대륜동,2635064.0,637.0
6414,2020-07,W6Y163,대륜동,1662700.0,603.0
6415,2020-08,W6Y163,대륜동,2912050.0,1190.0
6416,2020-09,W6Y163,대륜동,2854150.0,1164.0
6417,2020-10,W6Y163,대륜동,2809750.0,1078.0
6418,2020-11,W6Y163,대륜동,2710450.0,970.0
6419,2020-12,W6Y163,대륜동,1687150.0,778.0
6420,2021-01,W6Y163,대륜동,2362800.0,953.0
6421,2021-02,W6Y163,대륜동,2399300.0,941.0
6422,2021-03,W6Y163,대륜동,3314500.0,1052.0
6423,2021-04,W6Y163,대륜동,,
6424,2021-05,W6Y163,대륜동,2925700.0,1127.0
6425,2021-06,W6Y163,대륜동,2861100.0,1166.0
6426,2018-01,W6Y164,대륜동,,
6427,2018-02,W6Y164,대륜동,,
6428,2018-03,W6Y164,대륜동,,
6429,2018-04,W6Y164,대륜동,,
6430,2018-05,W6Y164,대륜동,,
6431,2018-06,W6Y164,대륜동,,
6432,2018-07,W6Y164,대륜동,,
6433,2018-08,W6Y164,대륜동,,
6434,2018-09,W6Y164,대륜동,,
6435,2018-10,W6Y164,대륜동,,
6436,2018-11,W6Y164,대륜동,,
6437,2018-12,W6Y164,대륜동,,
6438,2019-01,W6Y164,대륜동,,
6439,2019-02,W6Y164,대륜동,,
6440,2019-03,W6Y164,대륜동,,
6441,2019-04,W6Y164,대륜동,,
6442,2019-05,W6Y164,대륜동,,
6443,2019-06,W6Y164,대륜동,,
6444,2019-07,W6Y164,대륜동,,
6445,2019-08,W6Y164,대륜동,,
6446,2019-09,W6Y164,대륜동,,
6447,2019-10,W6Y164,대륜동,,
6448,2019-11,W6Y164,대륜동,,
6449,2019-12,W6Y164,대륜동,,
6450,2020-01,W6Y164,대륜동,,
6451,2020-02,W6Y164,대륜동,,
6452,2020-03,W6Y164,대륜동,,
6453,2020-04,W6Y164,대륜동,,
6454,2020-05,W6Y164,대륜동,,
6455,2020-06,W6Y164,대륜동,,
6456,2020-07,W6Y164,대륜동,,
6457,2020-08,W6Y164,대륜동,,
6458,2020-09,W6Y164,대륜동,,
6459,2020-10,W6Y164,대륜동,,
6460,2020-11,W6Y164,대륜동,,
6461,2020-12,W6Y164,대륜동,,
6462,2021-01,W6Y164,대륜동,,
6463,2021-02,W6Y164,대륜동,,
6464,2021-03,W6Y164,대륜동,,
6465,2021-04,W6Y164,대륜동,,
6466,2021-05,W6Y164,대륜동,,
6467,2021-06,W6Y164,대륜동,,
6468,2018-01,W6Y165,대륜동,1325550.0,230.0
6469,2018-02,W6Y165,대륜동,1190300.0,221.0
6470,2018-03,W6Y165,대륜동,1865550.0,309.0
6471,2018-04,W6Y165,대륜동,2353000.0,336.0
6472,2018-05,W6Y165,대륜동,2358250.0,357.0
6473,2018-06,W6Y165,대륜동,2082200.0,367.0
6474,2018-07,W6Y165,대륜동,2208900.0,444.0
6475,2018-08,W6Y165,대륜동,1730800.0,388.0
6476,2018-09,W6Y165,대륜동,1560350.0,351.0
6477,2018-10,W6Y165,대륜동,1276950.0,301.0
6478,2018-11,W6Y165,대륜동,1095300.0,273.0
6479,2018-12,W6Y165,대륜동,1319900.0,278.0
6480,2019-01,W6Y165,대륜동,1348350.0,281.0
6481,2019-02,W6Y165,대륜동,1104250.0,252.0
6482,2019-03,W6Y165,대륜동,1143050.0,242.0
6483,2019-04,W6Y165,대륜동,1129300.0,238.0
6484,2019-05,W6Y165,대륜동,1230350.0,258.0
6485,2019-06,W6Y165,대륜동,389850.0,111.0
6486,2019-07,W6Y165,대륜동,852550.0,199.0
6487,2019-08,W6Y165,대륜동,1109250.0,206.0
6488,2019-09,W6Y165,대륜동,710150.0,174.0
6489,2019-10,W6Y165,대륜동,657050.0,162.0
6490,2019-11,W6Y165,대륜동,502100.0,104.0
6491,2019-12,W6Y165,대륜동,573250.0,142.0
6492,2020-01,W6Y165,대륜동,561150.0,132.0
6493,2020-02,W6Y165,대륜동,319150.0,124.0
6494,2020-03,W6Y165,대륜동,319450.0,142.0
6495,2020-04,W6Y165,대륜동,468450.0,180.0
6496,2020-05,W6Y165,대륜동,399950.0,202.0
6497,2020-06,W6Y165,대륜동,695100.0,235.0
6498,2020-07,W6Y165,대륜동,497950.0,192.0
6499,2020-08,W6Y165,대륜동,952450.0,295.0
6500,2020-09,W6Y165,대륜동,725000.0,263.0
6501,2020-10,W6Y165,대륜동,664850.0,236.0
6502,2020-11,W6Y165,대륜동,606600.0,194.0
6503,2020-12,W6Y165,대륜동,731000.0,202.0
6504,2021-01,W6Y165,대륜동,696350.0,210.0
6505,2021-02,W6Y165,대륜동,572950.0,190.0
6506,2021-03,W6Y165,대륜동,622100.0,205.0
6507,2021-04,W6Y165,대륜동,,
6508,2021-05,W6Y165,대륜동,813950.0,254.0
6509,2021-06,W6Y165,대륜동,1080900.0,252.0
6510,2018-01,W6Y166,대륜동,,
6511,2018-02,W6Y166,대륜동,,
6512,2018-03,W6Y166,대륜동,,
6513,2018-04,W6Y166,대륜동,,
6514,2018-05,W6Y166,대륜동,,
6515,2018-06,W6Y166,대륜동,,
6516,2018-07,W6Y166,대륜동,,
6517,2018-08,W6Y166,대륜동,,
6518,2018-09,W6Y166,대륜동,,
6519,2018-10,W6Y166,대륜동,,
6520,2018-11,W6Y166,대륜동,,
6521,2018-12,W6Y166,대륜동,,
6522,2019-01,W6Y166,대륜동,,
6523,2019-02,W6Y166,대륜동,,
6524,2019-03,W6Y166,대륜동,,
6525,2019-04,W6Y166,대륜동,,
6526,2019-05,W6Y166,대륜동,,
6527,2019-06,W6Y166,대륜동,,
6528,2019-07,W6Y166,대륜동,,
6529,2019-08,W6Y166,대륜동,,
6530,2019-09,W6Y166,대륜동,,
6531,2019-10,W6Y166,대륜동,,
6532,2019-11,W6Y166,대륜동,,
6533,2019-12,W6Y166,대륜동,,
6534,2020-01,W6Y166,대륜동,,
6535,2020-02,W6Y166,대륜동,,
6536,2020-03,W6Y166,대륜동,,
6537,2020-04,W6Y166,대륜동,,
6538,2020-05,W6Y166,대륜동,,
6539,2020-06,W6Y166,대륜동,,
6540,2020-07,W6Y166,대륜동,,
6541,2020-08,W6Y166,대륜동,,
6542,2020-09,W6Y166,대륜동,,
6543,2020-10,W6Y166,대륜동,,
6544,2020-11,W6Y166,대륜동,,
6545,2020-12,W6Y166,대륜동,,
6546,2021-01,W6Y166,대륜동,,
6547,2021-02,W6Y166,대륜동,,
6548,2021-03,W6Y166,대륜동,,
6549,2021-04,W6Y166,대륜동,,
6550,2021-05,W6Y166,대륜동,,
6551,2021-06,W6Y166,대륜동,,
6552,2018-01,W6Y167,대륜동,491650.0,232.0
6553,2018-02,W6Y167,대륜동,337550.0,164.0
6554,2018-03,W6Y167,대륜동,518100.0,244.0
6555,2018-04,W6Y167,대륜동,485150.0,234.0
6556,2018-05,W6Y167,대륜동,522650.0,237.0
6557,2018-06,W6Y167,대륜동,424450.0,208.0
6558,2018-07,W6Y167,대륜동,552250.0,281.0
6559,2018-08,W6Y167,대륜동,645500.0,333.0
6560,2018-09,W6Y167,대륜동,521700.0,259.0
6561,2018-10,W6Y167,대륜동,643700.0,269.0
6562,2018-11,W6Y167,대륜동,487750.0,241.0
6563,2018-12,W6Y167,대륜동,619450.0,251.0
6564,2019-01,W6Y167,대륜동,655050.0,259.0
6565,2019-02,W6Y167,대륜동,635000.0,252.0
6566,2019-03,W6Y167,대륜동,569700.0,252.0
6567,2019-04,W6Y167,대륜동,549250.0,300.0
6568,2019-05,W6Y167,대륜동,511600.0,282.0
6569,2019-06,W6Y167,대륜동,,
6570,2019-07,W6Y167,대륜동,,
6571,2019-08,W6Y167,대륜동,,
6572,2019-09,W6Y167,대륜동,,
6573,2019-10,W6Y167,대륜동,,
6574,2019-11,W6Y167,대륜동,,
6575,2019-12,W6Y167,대륜동,,
6576,2020-01,W6Y167,대륜동,,
6577,2020-02,W6Y167,대륜동,,
6578,2020-03,W6Y167,대륜동,,
6579,2020-04,W6Y167,대륜동,,
6580,2020-05,W6Y167,대륜동,,
6581,2020-06,W6Y167,대륜동,,
6582,2020-07,W6Y167,대륜동,,
6583,2020-08,W6Y167,대륜동,,
6584,2020-09,W6Y167,대륜동,,
6585,2020-10,W6Y167,대륜동,,
6586,2020-11,W6Y167,대륜동,,
6587,2020-12,W6Y167,대륜동,,
6588,2021-01,W6Y167,대륜동,,
6589,2021-02,W6Y167,대륜동,,
6590,2021-03,W6Y167,대륜동,,
6591,2021-04,W6Y167,대륜동,,
6592,2021-05,W6Y167,대륜동,,
6593,2021-06,W6Y167,대륜동,,
6594,2018-01,W6Y168,대륜동,,
6595,2018-02,W6Y168,대륜동,,
6596,2018-03,W6Y168,대륜동,,
6597,2018-04,W6Y168,대륜동,,
6598,2018-05,W6Y168,대륜동,,
6599,2018-06,W6Y168,대륜동,,
6600,2018-07,W6Y168,대륜동,,
6601,2018-08,W6Y168,대륜동,,
6602,2018-09,W6Y168,대륜동,,
6603,2018-10,W6Y168,대륜동,,
6604,2018-11,W6Y168,대륜동,,
6605,2018-12,W6Y168,대륜동,,
6606,2019-01,W6Y168,대륜동,,
6607,2019-02,W6Y168,대륜동,,
6608,2019-03,W6Y168,대륜동,,
6609,2019-04,W6Y168,대륜동,,
6610,2019-05,W6Y168,대륜동,,
6611,2019-06,W6Y168,대륜동,,
6612,2019-07,W6Y168,대륜동,,
6613,2019-08,W6Y168,대륜동,,
6614,2019-09,W6Y168,대륜동,,
6615,2019-10,W6Y168,대륜동,,
6616,2019-11,W6Y168,대륜동,,
6617,2019-12,W6Y168,대륜동,,
6618,2020-01,W6Y168,대륜동,,
6619,2020-02,W6Y168,대륜동,,
6620,2020-03,W6Y168,대륜동,,
6621,2020-04,W6Y168,대륜동,,
6622,2020-05,W6Y168,대륜동,,
6623,2020-06,W6Y168,대륜동,,
6624,2020-07,W6Y168,대륜동,,
6625,2020-08,W6Y168,대륜동,,
6626,2020-09,W6Y168,대륜동,,
6627,2020-10,W6Y168,대륜동,,
6628,2020-11,W6Y168,대륜동,,
6629,2020-12,W6Y168,대륜동,,
6630,2021-01,W6Y168,대륜동,,
6631,2021-02,W6Y168,대륜동,,
6632,2021-03,W6Y168,대륜동,,
6633,2021-04,W6Y168,대륜동,,
6634,2021-05,W6Y168,대륜동,17650.0,7.0
6635,2021-06,W6Y168,대륜동,549750.0,248.0
6636,2018-01,W6Y169,대륜동,2096200.0,705.0
6637,2018-02,W6Y169,대륜동,2445900.0,690.0
6638,2018-03,W6Y169,대륜동,3393400.0,771.0
6639,2018-04,W6Y169,대륜동,3332250.0,779.0
6640,2018-05,W6Y169,대륜동,3819950.0,881.0
6641,2018-06,W6Y169,대륜동,3817850.0,973.0
6642,2018-07,W6Y169,대륜동,4168200.0,1107.0
6643,2018-08,W6Y169,대륜동,4013600.0,1099.0
6644,2018-09,W6Y169,대륜동,3434050.0,983.0
6645,2018-10,W6Y169,대륜동,3051550.0,888.0
6646,2018-11,W6Y169,대륜동,2689650.0,841.0
6647,2018-12,W6Y169,대륜동,2885350.0,823.0
6648,2019-01,W6Y169,대륜동,2530900.0,594.0
6649,2019-02,W6Y169,대륜동,2131750.0,444.0
6650,2019-03,W6Y169,대륜동,2478150.0,385.0
6651,2019-04,W6Y169,대륜동,2851050.0,509.0
6652,2019-05,W6Y169,대륜동,4183450.0,932.0
6653,2019-06,W6Y169,대륜동,2288850.0,681.0
6654,2019-07,W6Y169,대륜동,3320300.0,963.0
6655,2019-08,W6Y169,대륜동,3527650.0,969.0
6656,2019-09,W6Y169,대륜동,3391200.0,977.0
6657,2019-10,W6Y169,대륜동,3269700.0,940.0
6658,2019-11,W6Y169,대륜동,2297400.0,770.0
6659,2019-12,W6Y169,대륜동,2530100.0,705.0
6660,2020-01,W6Y169,대륜동,2588500.0,683.0
6661,2020-02,W6Y169,대륜동,2452500.0,674.0
6662,2020-03,W6Y169,대륜동,3075700.0,772.0
6663,2020-04,W6Y169,대륜동,3001350.0,732.0
6664,2020-05,W6Y169,대륜동,4346100.0,1120.0
6665,2020-06,W6Y169,대륜동,4030400.0,1087.0
6666,2020-07,W6Y169,대륜동,4534600.0,1294.0
6667,2020-08,W6Y169,대륜동,4425850.0,1220.0
6668,2020-09,W6Y169,대륜동,3471850.0,1063.0
6669,2020-10,W6Y169,대륜동,3600650.0,1089.0
6670,2020-11,W6Y169,대륜동,3357600.0,956.0
6671,2020-12,W6Y169,대륜동,2896950.0,918.0
6672,2021-01,W6Y169,대륜동,2531600.0,798.0
6673,2021-02,W6Y169,대륜동,2830200.0,748.0
6674,2021-03,W6Y169,대륜동,3132800.0,845.0
6675,2021-04,W6Y169,대륜동,,
6676,2021-05,W6Y169,대륜동,3038300.0,838.0
6677,2021-06,W6Y169,대륜동,1122400.0,332.0
6678,2018-01,W6Y170,대륜동,1487850.0,493.0
6679,2018-02,W6Y170,대륜동,1631400.0,536.0
6680,2018-03,W6Y170,대륜동,1765100.0,578.0
6681,2018-04,W6Y170,대륜동,1630950.0,594.0
6682,2018-05,W6Y170,대륜동,1648700.0,633.0
6683,2018-06,W6Y170,대륜동,1837250.0,691.0
6684,2018-07,W6Y170,대륜동,2201300.0,802.0
6685,2018-08,W6Y170,대륜동,1361800.0,586.0
6686,2018-09,W6Y170,대륜동,1327550.0,574.0
6687,2018-10,W6Y170,대륜동,1463950.0,668.0
6688,2018-11,W6Y170,대륜동,1576800.0,688.0
6689,2018-12,W6Y170,대륜동,1773000.0,649.0
6690,2019-01,W6Y170,대륜동,1775350.0,627.0
6691,2019-02,W6Y170,대륜동,1675600.0,593.0
6692,2019-03,W6Y170,대륜동,1424250.0,491.0
6693,2019-04,W6Y170,대륜동,196900.0,59.0
6694,2019-05,W6Y170,대륜동,,
6695,2019-06,W6Y170,대륜동,359350.0,127.0
6696,2019-07,W6Y170,대륜동,1087000.0,389.0
6697,2019-08,W6Y170,대륜동,1164300.0,467.0
6698,2019-09,W6Y170,대륜동,980100.0,446.0
6699,2019-10,W6Y170,대륜동,984500.0,458.0
6700,2019-11,W6Y170,대륜동,1027250.0,399.0
6701,2019-12,W6Y170,대륜동,1137400.0,392.0
6702,2020-01,W6Y170,대륜동,1375700.0,444.0
6703,2020-02,W6Y170,대륜동,1141100.0,432.0
6704,2020-03,W6Y170,대륜동,1349600.0,550.0
6705,2020-04,W6Y170,대륜동,953050.0,486.0
6706,2020-05,W6Y170,대륜동,1318800.0,632.0
6707,2020-06,W6Y170,대륜동,1247200.0,621.0
6708,2020-07,W6Y170,대륜동,1631250.0,762.0
6709,2020-08,W6Y170,대륜동,3889300.0,1699.0
6710,2020-09,W6Y170,대륜동,3542550.0,1624.0
6711,2020-10,W6Y170,대륜동,3370450.0,1479.0
6712,2020-11,W6Y170,대륜동,2969950.0,1239.0
6713,2020-12,W6Y170,대륜동,3530250.0,1336.0
6714,2021-01,W6Y170,대륜동,3926200.0,1390.0
6715,2021-02,W6Y170,대륜동,3538500.0,1253.0
6716,2021-03,W6Y170,대륜동,3729850.0,1299.0
6717,2021-04,W6Y170,대륜동,,
6718,2021-05,W6Y170,대륜동,3541250.0,1361.0
6719,2021-06,W6Y170,대륜동,3777550.0,1511.0
6720,2018-01,W6Y171,대륜동,,
6721,2018-02,W6Y171,대륜동,,
6722,2018-03,W6Y171,대륜동,,
6723,2018-04,W6Y171,대륜동,,
6724,2018-05,W6Y171,대륜동,,
6725,2018-06,W6Y171,대륜동,,
6726,2018-07,W6Y171,대륜동,,
6727,2018-08,W6Y171,대륜동,,
6728,2018-09,W6Y171,대륜동,,
6729,2018-10,W6Y171,대륜동,,
6730,2018-11,W6Y171,대륜동,,
6731,2018-12,W6Y171,대륜동,,
6732,2019-01,W6Y171,대륜동,,
6733,2019-02,W6Y171,대륜동,,
6734,2019-03,W6Y171,대륜동,,
6735,2019-04,W6Y171,대륜동,,
6736,2019-05,W6Y171,대륜동,,
6737,2019-06,W6Y171,대륜동,,
6738,2019-07,W6Y171,대륜동,,
6739,2019-08,W6Y171,대륜동,,
6740,2019-09,W6Y171,대륜동,,
6741,2019-10,W6Y171,대륜동,,
6742,2019-11,W6Y171,대륜동,,
6743,2019-12,W6Y171,대륜동,,
6744,2020-01,W6Y171,대륜동,,
6745,2020-02,W6Y171,대륜동,,
6746,2020-03,W6Y171,대륜동,,
6747,2020-04,W6Y171,대륜동,,
6748,2020-05,W6Y171,대륜동,,
6749,2020-06,W6Y171,대륜동,,
6750,2020-07,W6Y171,대륜동,,
6751,2020-08,W6Y171,대륜동,,
6752,2020-09,W6Y171,대륜동,,
6753,2020-10,W6Y171,대륜동,,
6754,2020-11,W6Y171,대륜동,,
6755,2020-12,W6Y171,대륜동,,
6756,2021-01,W6Y171,대륜동,,
6757,2021-02,W6Y171,대륜동,,
6758,2021-03,W6Y171,대륜동,,
6759,2021-04,W6Y171,대륜동,,
6760,2021-05,W6Y171,대륜동,,
6761,2021-06,W6Y171,대륜동,,
6762,2018-01,W6Y172,대륜동,6015400.0,1336.0
6763,2018-02,W6Y172,대륜동,3505500.0,862.0
6764,2018-03,W6Y172,대륜동,3351700.0,544.0
6765,2018-04,W6Y172,대륜동,3514100.0,511.0
6766,2018-05,W6Y172,대륜동,4108950.0,625.0
6767,2018-06,W6Y172,대륜동,3396350.0,563.0
6768,2018-07,W6Y172,대륜동,3507200.0,697.0
6769,2018-08,W6Y172,대륜동,4148300.0,819.0
6770,2018-09,W6Y172,대륜동,3449000.0,692.0
6771,2018-10,W6Y172,대륜동,3679450.0,705.0
6772,2018-11,W6Y172,대륜동,3595000.0,671.0
6773,2018-12,W6Y172,대륜동,3390450.0,619.0
6774,2019-01,W6Y172,대륜동,3665550.0,677.0
6775,2019-02,W6Y172,대륜동,1585450.0,334.0
6776,2019-03,W6Y172,대륜동,157450.0,89.0
6777,2019-04,W6Y172,대륜동,241500.0,96.0
6778,2019-05,W6Y172,대륜동,2841400.0,564.0
6779,2019-06,W6Y172,대륜동,5532900.0,1198.0
6780,2019-07,W6Y172,대륜동,8020350.0,1911.0
6781,2019-08,W6Y172,대륜동,8160050.0,1890.0
6782,2019-09,W6Y172,대륜동,7301900.0,1833.0
6783,2019-10,W6Y172,대륜동,7397400.0,1824.0
6784,2019-11,W6Y172,대륜동,6975600.0,1705.0
6785,2019-12,W6Y172,대륜동,7459850.0,1592.0
6786,2020-01,W6Y172,대륜동,7731900.0,1617.0
6787,2020-02,W6Y172,대륜동,6118850.0,1277.0
6788,2020-03,W6Y172,대륜동,6408800.0,1422.0
6789,2020-04,W6Y172,대륜동,6292050.0,1480.0
6790,2020-05,W6Y172,대륜동,7121700.0,1632.0
6791,2020-06,W6Y172,대륜동,7098250.0,1716.0
6792,2020-07,W6Y172,대륜동,7651950.0,2008.0
6793,2020-08,W6Y172,대륜동,5378700.0,1578.0
6794,2020-09,W6Y172,대륜동,1959050.0,547.0
6795,2020-10,W6Y172,대륜동,2114350.0,496.0
6796,2020-11,W6Y172,대륜동,1276650.0,339.0
6797,2020-12,W6Y172,대륜동,2792200.0,728.0
6798,2021-01,W6Y172,대륜동,3126900.0,792.0
6799,2021-02,W6Y172,대륜동,2595700.0,668.0
6800,2021-03,W6Y172,대륜동,3059600.0,727.0
6801,2021-04,W6Y172,대륜동,,
6802,2021-05,W6Y172,대륜동,3182350.0,818.0
6803,2021-06,W6Y172,대륜동,4572150.0,1054.0
6804,2018-01,W6Y173,대륜동,2103300.0,610.0
6805,2018-02,W6Y173,대륜동,1558450.0,459.0
6806,2018-03,W6Y173,대륜동,1693900.0,485.0
6807,2018-04,W6Y173,대륜동,1182100.0,350.0
6808,2018-05,W6Y173,대륜동,454050.0,203.0
6809,2018-06,W6Y173,대륜동,674050.0,243.0
6810,2018-07,W6Y173,대륜동,640450.0,222.0
6811,2018-08,W6Y173,대륜동,743600.0,283.0
6812,2018-09,W6Y173,대륜동,505500.0,220.0
6813,2018-10,W6Y173,대륜동,730750.0,246.0
6814,2018-11,W6Y173,대륜동,576050.0,218.0
6815,2018-12,W6Y173,대륜동,577350.0,213.0
6816,2019-01,W6Y173,대륜동,268650.0,117.0
6817,2019-02,W6Y173,대륜동,,
6818,2019-03,W6Y173,대륜동,,
6819,2019-04,W6Y173,대륜동,,
6820,2019-05,W6Y173,대륜동,,
6821,2019-06,W6Y173,대륜동,784750.0,293.0
6822,2019-07,W6Y173,대륜동,2150700.0,775.0
6823,2019-08,W6Y173,대륜동,2012550.0,786.0
6824,2019-09,W6Y173,대륜동,1664800.0,671.0
6825,2019-10,W6Y173,대륜동,1644850.0,707.0
6826,2019-11,W6Y173,대륜동,1884450.0,698.0
6827,2019-12,W6Y173,대륜동,1704350.0,602.0
6828,2020-01,W6Y173,대륜동,1714300.0,579.0
6829,2020-02,W6Y173,대륜동,1642400.0,520.0
6830,2020-03,W6Y173,대륜동,1511850.0,589.0
6831,2020-04,W6Y173,대륜동,1553250.0,602.0
6832,2020-05,W6Y173,대륜동,1854100.0,766.0
6833,2020-06,W6Y173,대륜동,2403750.0,787.0
6834,2020-07,W6Y173,대륜동,2323900.0,828.0
6835,2020-08,W6Y173,대륜동,1135750.0,360.0
6836,2020-09,W6Y173,대륜동,605500.0,265.0
6837,2020-10,W6Y173,대륜동,636250.0,287.0
6838,2020-11,W6Y173,대륜동,440000.0,157.0
6839,2020-12,W6Y173,대륜동,1898850.0,663.0
6840,2021-01,W6Y173,대륜동,2222550.0,708.0
6841,2021-02,W6Y173,대륜동,1940200.0,614.0
6842,2021-03,W6Y173,대륜동,2013400.0,658.0
6843,2021-04,W6Y173,대륜동,,
6844,2021-05,W6Y173,대륜동,2459900.0,809.0
6845,2021-06,W6Y173,대륜동,2380450.0,856.0
6846,2018-01,W6Y174,대천동,920700.0,395.0
6847,2018-02,W6Y174,대천동,762400.0,313.0
6848,2018-03,W6Y174,대천동,903100.0,418.0
6849,2018-04,W6Y174,대천동,849800.0,444.0
6850,2018-05,W6Y174,대천동,1174200.0,649.0
6851,2018-06,W6Y174,대천동,1104650.0,621.0
6852,2018-07,W6Y174,대천동,1490100.0,723.0
6853,2018-08,W6Y174,대천동,1210050.0,657.0
6854,2018-09,W6Y174,대천동,944400.0,548.0
6855,2018-10,W6Y174,대천동,850000.0,516.0
6856,2018-11,W6Y174,대천동,842150.0,426.0
6857,2018-12,W6Y174,대천동,794100.0,383.0
6858,2019-01,W6Y174,대천동,185250.0,91.0
6859,2019-02,W6Y174,대천동,,
6860,2019-03,W6Y174,대천동,,
6861,2019-04,W6Y174,대천동,,
6862,2019-05,W6Y174,대천동,669050.0,388.0
6863,2019-06,W6Y174,대천동,970250.0,515.0
6864,2019-07,W6Y174,대천동,1539600.0,853.0
6865,2019-08,W6Y174,대천동,1596118.0,840.0
6866,2019-09,W6Y174,대천동,1178300.0,659.0
6867,2019-10,W6Y174,대천동,1050100.0,686.0
6868,2019-11,W6Y174,대천동,1064050.0,584.0
6869,2019-12,W6Y174,대천동,1083100.0,528.0
6870,2020-01,W6Y174,대천동,1179200.0,542.0
6871,2020-02,W6Y174,대천동,1014800.0,527.0
6872,2020-03,W6Y174,대천동,1215100.0,643.0
6873,2020-04,W6Y174,대천동,1090350.0,594.0
6874,2020-05,W6Y174,대천동,1231300.0,622.0
6875,2020-06,W6Y174,대천동,887350.0,472.0
6876,2020-07,W6Y174,대천동,347150.0,168.0
6877,2020-08,W6Y174,대천동,1019700.0,556.0
6878,2020-09,W6Y174,대천동,755850.0,423.0
6879,2020-10,W6Y174,대천동,808800.0,415.0
6880,2020-11,W6Y174,대천동,891200.0,415.0
6881,2020-12,W6Y174,대천동,1069600.0,430.0
6882,2021-01,W6Y174,대천동,1123300.0,446.0
6883,2021-02,W6Y174,대천동,1029600.0,431.0
6884,2021-03,W6Y174,대천동,1057050.0,443.0
6885,2021-04,W6Y174,대천동,,
6886,2021-05,W6Y174,대천동,889100.0,438.0
6887,2021-06,W6Y174,대천동,914600.0,440.0
6888,2018-01,W6Y175,대천동,2065700.0,882.0
6889,2018-02,W6Y175,대천동,1776750.0,752.0
6890,2018-03,W6Y175,대천동,1763550.0,803.0
6891,2018-04,W6Y175,대천동,1384200.0,650.0
6892,2018-05,W6Y175,대천동,1046750.0,530.0
6893,2018-06,W6Y175,대천동,1664400.0,850.0
6894,2018-07,W6Y175,대천동,1215600.0,598.0
6895,2018-08,W6Y175,대천동,790400.0,416.0
6896,2018-09,W6Y175,대천동,460800.0,239.0
6897,2018-10,W6Y175,대천동,51300.0,24.0
6898,2018-11,W6Y175,대천동,,
6899,2018-12,W6Y175,대천동,,
6900,2019-01,W6Y175,대천동,,
6901,2019-02,W6Y175,대천동,,
6902,2019-03,W6Y175,대천동,,
6903,2019-04,W6Y175,대천동,,
6904,2019-05,W6Y175,대천동,,
6905,2019-06,W6Y175,대천동,712050.0,365.0
6906,2019-07,W6Y175,대천동,1869000.0,948.0
6907,2019-08,W6Y175,대천동,1889350.0,989.0
6908,2019-09,W6Y175,대천동,1604600.0,934.0
6909,2019-10,W6Y175,대천동,1408250.0,861.0
6910,2019-11,W6Y175,대천동,1426350.0,814.0
6911,2019-12,W6Y175,대천동,1429700.0,751.0
6912,2020-01,W6Y175,대천동,1449500.0,649.0
6913,2020-02,W6Y175,대천동,1546750.0,717.0
6914,2020-03,W6Y175,대천동,1712050.0,855.0
6915,2020-04,W6Y175,대천동,1265450.0,748.0
6916,2020-05,W6Y175,대천동,1575350.0,855.0
6917,2020-06,W6Y175,대천동,1620300.0,891.0
6918,2020-07,W6Y175,대천동,1987250.0,1016.0
6919,2020-08,W6Y175,대천동,1952650.0,1017.0
6920,2020-09,W6Y175,대천동,1680700.0,976.0
6921,2020-10,W6Y175,대천동,1646550.0,895.0
6922,2020-11,W6Y175,대천동,1279000.0,662.0
6923,2020-12,W6Y175,대천동,1838050.0,858.0
6924,2021-01,W6Y175,대천동,1896550.0,847.0
6925,2021-02,W6Y175,대천동,1822550.0,783.0
6926,2021-03,W6Y175,대천동,1828050.0,859.0
6927,2021-04,W6Y175,대천동,,
6928,2021-05,W6Y175,대천동,1493050.0,807.0
6929,2021-06,W6Y175,대천동,560150.0,294.0
6930,2018-01,W6Y176,대천동,3733000.0,801.0
6931,2018-02,W6Y176,대천동,1754150.0,390.0
6932,2018-03,W6Y176,대천동,1665150.0,336.0
6933,2018-04,W6Y176,대천동,415000.0,76.0
6934,2018-05,W6Y176,대천동,,
6935,2018-06,W6Y176,대천동,,
6936,2018-07,W6Y176,대천동,,
6937,2018-08,W6Y176,대천동,489900.0,242.0
6938,2018-09,W6Y176,대천동,,
6939,2018-10,W6Y176,대천동,200950.0,108.0
6940,2018-11,W6Y176,대천동,381850.0,196.0
6941,2018-12,W6Y176,대천동,418750.0,198.0
6942,2019-01,W6Y176,대천동,421900.0,181.0
6943,2019-02,W6Y176,대천동,444500.0,196.0
6944,2019-03,W6Y176,대천동,393100.0,200.0
6945,2019-04,W6Y176,대천동,766800.0,341.0
6946,2019-05,W6Y176,대천동,1307550.0,660.0
6947,2019-06,W6Y176,대천동,191950.0,93.0
6948,2019-07,W6Y176,대천동,,
6949,2019-08,W6Y176,대천동,,
6950,2019-09,W6Y176,대천동,,
6951,2019-10,W6Y176,대천동,,
6952,2019-11,W6Y176,대천동,,
6953,2019-12,W6Y176,대천동,,
6954,2020-01,W6Y176,대천동,,
6955,2020-02,W6Y176,대천동,,
6956,2020-03,W6Y176,대천동,,
6957,2020-04,W6Y176,대천동,,
6958,2020-05,W6Y176,대천동,,
6959,2020-06,W6Y176,대천동,,
6960,2020-07,W6Y176,대천동,708950.0,236.0
6961,2020-08,W6Y176,대천동,2621050.0,884.0
6962,2020-09,W6Y176,대천동,2202500.0,836.0
6963,2020-10,W6Y176,대천동,1749150.0,560.0
6964,2020-11,W6Y176,대천동,1944150.0,513.0
6965,2020-12,W6Y176,대천동,1809000.0,506.0
6966,2021-01,W6Y176,대천동,1933350.0,574.0
6967,2021-02,W6Y176,대천동,1622350.0,489.0
6968,2021-03,W6Y176,대천동,1786750.0,535.0
6969,2021-04,W6Y176,대천동,,
6970,2021-05,W6Y176,대천동,1501750.0,538.0
6971,2021-06,W6Y176,대천동,1365000.0,452.0
6972,2018-01,W6Y177,대천동,3599000.0,813.0
6973,2018-02,W6Y177,대천동,2343350.0,657.0
6974,2018-03,W6Y177,대천동,2377600.0,682.0
6975,2018-04,W6Y177,대천동,2190300.0,640.0
6976,2018-05,W6Y177,대천동,1999950.0,698.0
6977,2018-06,W6Y177,대천동,1183650.0,434.0
6978,2018-07,W6Y177,대천동,1480600.0,485.0
6979,2018-08,W6Y177,대천동,1539500.0,475.0
6980,2018-09,W6Y177,대천동,1522900.0,541.0
6981,2018-10,W6Y177,대천동,1928950.0,560.0
6982,2018-11,W6Y177,대천동,1734950.0,465.0
6983,2018-12,W6Y177,대천동,2209950.0,587.0
6984,2019-01,W6Y177,대천동,1020950.0,249.0
6985,2019-02,W6Y177,대천동,965450.0,197.0
6986,2019-03,W6Y177,대천동,835300.0,181.0
6987,2019-04,W6Y177,대천동,1129750.0,264.0
6988,2019-05,W6Y177,대천동,2076250.0,598.0
6989,2019-06,W6Y177,대천동,1382400.0,464.0
6990,2019-07,W6Y177,대천동,21650.0,7.0
6991,2019-08,W6Y177,대천동,456400.0,104.0
6992,2019-09,W6Y177,대천동,422050.0,59.0
6993,2019-10,W6Y177,대천동,257750.0,64.0
6994,2019-11,W6Y177,대천동,200750.0,42.0
6995,2019-12,W6Y177,대천동,264350.0,85.0
6996,2020-01,W6Y177,대천동,595100.0,93.0
6997,2020-02,W6Y177,대천동,464250.0,64.0
6998,2020-03,W6Y177,대천동,714000.0,133.0
6999,2020-04,W6Y177,대천동,616500.0,119.0
7000,2020-05,W6Y177,대천동,530550.0,121.0
7001,2020-06,W6Y177,대천동,284050.0,74.0
7002,2020-07,W6Y177,대천동,,
7003,2020-08,W6Y177,대천동,300.0,1.0
7004,2020-09,W6Y177,대천동,,
7005,2020-10,W6Y177,대천동,,
7006,2020-11,W6Y177,대천동,,
7007,2020-12,W6Y177,대천동,,
7008,2021-01,W6Y177,대천동,,
7009,2021-02,W6Y177,대천동,,
7010,2021-03,W6Y177,대천동,,
7011,2021-04,W6Y177,대천동,,
7012,2021-05,W6Y177,대천동,,
7013,2021-06,W6Y177,대천동,,
7014,2018-01,W6Y178,대천동,792450.0,444.0
7015,2018-02,W6Y178,대천동,,
7016,2018-03,W6Y178,대천동,,
7017,2018-04,W6Y178,대천동,,
7018,2018-05,W6Y178,대천동,,
7019,2018-06,W6Y178,대천동,,
7020,2018-07,W6Y178,대천동,,
7021,2018-08,W6Y178,대천동,,
7022,2018-09,W6Y178,대천동,,
7023,2018-10,W6Y178,대천동,,
7024,2018-11,W6Y178,대천동,,
7025,2018-12,W6Y178,대천동,,
7026,2019-01,W6Y178,대천동,,
7027,2019-02,W6Y178,대천동,,
7028,2019-03,W6Y178,대천동,,
7029,2019-04,W6Y178,대천동,,
7030,2019-05,W6Y178,대천동,,
7031,2019-06,W6Y178,대천동,1134450.0,540.0
7032,2019-07,W6Y178,대천동,3510650.0,1423.0
7033,2019-08,W6Y178,대천동,2716200.0,1398.0
7034,2019-09,W6Y178,대천동,2700300.0,1419.0
7035,2019-10,W6Y178,대천동,2734100.0,1524.0
7036,2019-11,W6Y178,대천동,2913650.0,1460.0
7037,2019-12,W6Y178,대천동,3010350.0,1457.0
7038,2020-01,W6Y178,대천동,2127600.0,1032.0
7039,2020-02,W6Y178,대천동,3001400.0,1519.0
7040,2020-03,W6Y178,대천동,3212200.0,1654.0
7041,2020-04,W6Y178,대천동,3233450.0,1604.0
7042,2020-05,W6Y178,대천동,3025850.0,1470.0
7043,2020-06,W6Y178,대천동,2192100.0,977.0
7044,2020-07,W6Y178,대천동,1164900.0,508.0
7045,2020-08,W6Y178,대천동,4682750.0,1788.0
7046,2020-09,W6Y178,대천동,4926400.0,2214.0
7047,2020-10,W6Y178,대천동,6851600.0,2649.0
7048,2020-11,W6Y178,대천동,7428300.0,2816.0
7049,2020-12,W6Y178,대천동,7465100.0,2914.0
7050,2021-01,W6Y178,대천동,6312250.0,2665.0
7051,2021-02,W6Y178,대천동,6664850.0,2334.0
7052,2021-03,W6Y178,대천동,7817100.0,2823.0
7053,2021-04,W6Y178,대천동,,
7054,2021-05,W6Y178,대천동,8435000.0,3252.0
7055,2021-06,W6Y178,대천동,6184000.0,2853.0
7056,2018-01,W6Y179,대천동,822750.0,189.0
7057,2018-02,W6Y179,대천동,630250.0,148.0
7058,2018-03,W6Y179,대천동,764150.0,201.0
7059,2018-04,W6Y179,대천동,765750.0,271.0
7060,2018-05,W6Y179,대천동,864950.0,318.0
7061,2018-06,W6Y179,대천동,791500.0,284.0
7062,2018-07,W6Y179,대천동,823000.0,288.0
7063,2018-08,W6Y179,대천동,717700.0,243.0
7064,2018-09,W6Y179,대천동,622750.0,207.0
7065,2018-10,W6Y179,대천동,806900.0,247.0
7066,2018-11,W6Y179,대천동,749000.0,267.0
7067,2018-12,W6Y179,대천동,795350.0,237.0
7068,2019-01,W6Y179,대천동,784400.0,219.0
7069,2019-02,W6Y179,대천동,554200.0,195.0
7070,2019-03,W6Y179,대천동,662900.0,203.0
7071,2019-04,W6Y179,대천동,628950.0,223.0
7072,2019-05,W6Y179,대천동,691800.0,239.0
7073,2019-06,W6Y179,대천동,402850.0,161.0
7074,2019-07,W6Y179,대천동,1053950.0,368.0
7075,2019-08,W6Y179,대천동,1151550.0,333.0
7076,2019-09,W6Y179,대천동,741600.0,263.0
7077,2019-10,W6Y179,대천동,687700.0,241.0
7078,2019-11,W6Y179,대천동,685150.0,221.0
7079,2019-12,W6Y179,대천동,645700.0,201.0
7080,2020-01,W6Y179,대천동,705950.0,228.0
7081,2020-02,W6Y179,대천동,963600.0,238.0
7082,2020-03,W6Y179,대천동,919350.0,280.0
7083,2020-04,W6Y179,대천동,682350.0,260.0
7084,2020-05,W6Y179,대천동,821850.0,312.0
7085,2020-06,W6Y179,대천동,678150.0,307.0
7086,2020-07,W6Y179,대천동,775200.0,340.0
7087,2020-08,W6Y179,대천동,,
7088,2020-09,W6Y179,대천동,,
7089,2020-10,W6Y179,대천동,,
7090,2020-11,W6Y179,대천동,,
7091,2020-12,W6Y179,대천동,,
7092,2021-01,W6Y179,대천동,,
7093,2021-02,W6Y179,대천동,,
7094,2021-03,W6Y179,대천동,,
7095,2021-04,W6Y179,대천동,,
7096,2021-05,W6Y179,대천동,,
7097,2021-06,W6Y179,대천동,,
7098,2018-01,W6Y180,대천동,562300.0,143.0
7099,2018-02,W6Y180,대천동,418700.0,104.0
7100,2018-03,W6Y180,대천동,200400.0,52.0
7101,2018-04,W6Y180,대천동,150150.0,43.0
7102,2018-05,W6Y180,대천동,56150.0,17.0
7103,2018-06,W6Y180,대천동,108750.0,22.0
7104,2018-07,W6Y180,대천동,332050.0,84.0
7105,2018-08,W6Y180,대천동,341950.0,100.0
7106,2018-09,W6Y180,대천동,301550.0,88.0
7107,2018-10,W6Y180,대천동,105900.0,32.0
7108,2018-11,W6Y180,대천동,181700.0,50.0
7109,2018-12,W6Y180,대천동,182250.0,56.0
7110,2019-01,W6Y180,대천동,253650.0,65.0
7111,2019-02,W6Y180,대천동,242600.0,68.0
7112,2019-03,W6Y180,대천동,352950.0,81.0
7113,2019-04,W6Y180,대천동,245450.0,62.0
7114,2019-05,W6Y180,대천동,41150.0,12.0
7115,2019-06,W6Y180,대천동,250850.0,55.0
7116,2019-07,W6Y180,대천동,718100.0,151.0
7117,2019-08,W6Y180,대천동,577800.0,132.0
7118,2019-09,W6Y180,대천동,552750.0,125.0
7119,2019-10,W6Y180,대천동,593150.0,139.0
7120,2019-11,W6Y180,대천동,629550.0,152.0
7121,2019-12,W6Y180,대천동,593250.0,135.0
7122,2020-01,W6Y180,대천동,830650.0,143.0
7123,2020-02,W6Y180,대천동,422800.0,98.0
7124,2020-03,W6Y180,대천동,688600.0,129.0
7125,2020-04,W6Y180,대천동,630800.0,122.0
7126,2020-05,W6Y180,대천동,535150.0,157.0
7127,2020-06,W6Y180,대천동,699200.0,186.0
7128,2020-07,W6Y180,대천동,693000.0,187.0
7129,2020-08,W6Y180,대천동,,
7130,2020-09,W6Y180,대천동,,
7131,2020-10,W6Y180,대천동,,
7132,2020-11,W6Y180,대천동,,
7133,2020-12,W6Y180,대천동,,
7134,2021-01,W6Y180,대천동,,
7135,2021-02,W6Y180,대천동,,
7136,2021-03,W6Y180,대천동,,
7137,2021-04,W6Y180,대천동,,
7138,2021-05,W6Y180,대천동,,
7139,2021-06,W6Y180,대천동,230700.0,62.0
7140,2018-01,W6Y181,대천동,1896250.0,457.0
7141,2018-02,W6Y181,대천동,1895100.0,470.0
7142,2018-03,W6Y181,대천동,2070400.0,529.0
7143,2018-04,W6Y181,대천동,1925200.0,485.0
7144,2018-05,W6Y181,대천동,2074850.0,566.0
7145,2018-06,W6Y181,대천동,1641850.0,467.0
7146,2018-07,W6Y181,대천동,1225950.0,385.0
7147,2018-08,W6Y181,대천동,1389250.0,405.0
7148,2018-09,W6Y181,대천동,1437100.0,512.0
7149,2018-10,W6Y181,대천동,1391750.0,435.0
7150,2018-11,W6Y181,대천동,1016050.0,258.0
7151,2018-12,W6Y181,대천동,1197950.0,290.0
7152,2019-01,W6Y181,대천동,824600.0,199.0
7153,2019-02,W6Y181,대천동,894000.0,205.0
7154,2019-03,W6Y181,대천동,1067600.0,274.0
7155,2019-04,W6Y181,대천동,1365150.0,435.0
7156,2019-05,W6Y181,대천동,940400.0,283.0
7157,2019-06,W6Y181,대천동,842950.0,292.0
7158,2019-07,W6Y181,대천동,1908300.0,650.0
7159,2019-08,W6Y181,대천동,2169300.0,685.0
7160,2019-09,W6Y181,대천동,1747500.0,537.0
7161,2019-10,W6Y181,대천동,1928300.0,560.0
7162,2019-11,W6Y181,대천동,2060550.0,575.0
7163,2019-12,W6Y181,대천동,2030050.0,498.0
7164,2020-01,W6Y181,대천동,2257400.0,554.0
7165,2020-02,W6Y181,대천동,1591900.0,459.0
7166,2020-03,W6Y181,대천동,1158100.0,369.0
7167,2020-04,W6Y181,대천동,,
7168,2020-05,W6Y181,대천동,,
7169,2020-06,W6Y181,대천동,,
7170,2020-07,W6Y181,대천동,,
7171,2020-08,W6Y181,대천동,,
7172,2020-09,W6Y181,대천동,,
7173,2020-10,W6Y181,대천동,,
7174,2020-11,W6Y181,대천동,,
7175,2020-12,W6Y181,대천동,,
7176,2021-01,W6Y181,대천동,,
7177,2021-02,W6Y181,대천동,,
7178,2021-03,W6Y181,대천동,,
7179,2021-04,W6Y181,대천동,,
7180,2021-05,W6Y181,대천동,,
7181,2021-06,W6Y181,대천동,,
7182,2018-01,W6Y182,대천동,1430400.0,375.0
7183,2018-02,W6Y182,대천동,1220600.0,356.0
7184,2018-03,W6Y182,대천동,1489300.0,366.0
7185,2018-04,W6Y182,대천동,1263600.0,377.0
7186,2018-05,W6Y182,대천동,1363450.0,436.0
7187,2018-06,W6Y182,대천동,1189150.0,405.0
7188,2018-07,W6Y182,대천동,1511150.0,467.0
7189,2018-08,W6Y182,대천동,1454100.0,464.0
7190,2018-09,W6Y182,대천동,1365950.0,463.0
7191,2018-10,W6Y182,대천동,1291300.0,448.0
7192,2018-11,W6Y182,대천동,1192050.0,381.0
7193,2018-12,W6Y182,대천동,1271300.0,360.0
7194,2019-01,W6Y182,대천동,1524650.0,410.0
7195,2019-02,W6Y182,대천동,1498700.0,399.0
7196,2019-03,W6Y182,대천동,1390150.0,400.0
7197,2019-04,W6Y182,대천동,1274750.0,397.0
7198,2019-05,W6Y182,대천동,1343000.0,427.0
7199,2019-06,W6Y182,대천동,1417400.0,427.0
7200,2019-07,W6Y182,대천동,3082100.0,955.0
7201,2019-08,W6Y182,대천동,2935000.0,935.0
7202,2019-09,W6Y182,대천동,2869550.0,912.0
7203,2019-10,W6Y182,대천동,2698050.0,865.0
7204,2019-11,W6Y182,대천동,2607450.0,819.0
7205,2019-12,W6Y182,대천동,2973350.0,790.0
7206,2020-01,W6Y182,대천동,3178450.0,898.0
7207,2020-02,W6Y182,대천동,3043450.0,991.0
7208,2020-03,W6Y182,대천동,3106650.0,915.0
7209,2020-04,W6Y182,대천동,2941600.0,887.0
7210,2020-05,W6Y182,대천동,3426700.0,1009.0
7211,2020-06,W6Y182,대천동,3334800.0,1014.0
7212,2020-07,W6Y182,대천동,3845600.0,1166.0
7213,2020-08,W6Y182,대천동,4146400.0,1209.0
7214,2020-09,W6Y182,대천동,3367900.0,1097.0
7215,2020-10,W6Y182,대천동,3675950.0,1113.0
7216,2020-11,W6Y182,대천동,3810000.0,1074.0
7217,2020-12,W6Y182,대천동,3806850.0,1104.0
7218,2021-01,W6Y182,대천동,3293100.0,917.0
7219,2021-02,W6Y182,대천동,2892300.0,805.0
7220,2021-03,W6Y182,대천동,2506950.0,810.0
7221,2021-04,W6Y182,대천동,,
7222,2021-05,W6Y182,대천동,2831200.0,907.0
7223,2021-06,W6Y182,대천동,2767250.0,905.0
7224,2018-01,W6Y183,대천동,493150.0,133.0
7225,2018-02,W6Y183,대천동,367150.0,106.0
7226,2018-03,W6Y183,대천동,403950.0,131.0
7227,2018-04,W6Y183,대천동,216400.0,106.0
7228,2018-05,W6Y183,대천동,538250.0,149.0
7229,2018-06,W6Y183,대천동,397100.0,170.0
7230,2018-07,W6Y183,대천동,471850.0,194.0
7231,2018-08,W6Y183,대천동,435250.0,197.0
7232,2018-09,W6Y183,대천동,431650.0,207.0
7233,2018-10,W6Y183,대천동,404200.0,173.0
7234,2018-11,W6Y183,대천동,358750.0,153.0
7235,2018-12,W6Y183,대천동,445750.0,167.0
7236,2019-01,W6Y183,대천동,422150.0,167.0
7237,2019-02,W6Y183,대천동,503350.0,178.0
7238,2019-03,W6Y183,대천동,412000.0,141.0
7239,2019-04,W6Y183,대천동,409700.0,136.0
7240,2019-05,W6Y183,대천동,24550.0,13.0
7241,2019-06,W6Y183,대천동,270350.0,99.0
7242,2019-07,W6Y183,대천동,554250.0,220.0
7243,2019-08,W6Y183,대천동,662600.0,249.0
7244,2019-09,W6Y183,대천동,454800.0,173.0
7245,2019-10,W6Y183,대천동,522300.0,195.0
7246,2019-11,W6Y183,대천동,456300.0,193.0
7247,2019-12,W6Y183,대천동,524600.0,185.0
7248,2020-01,W6Y183,대천동,659550.0,221.0
7249,2020-02,W6Y183,대천동,483850.0,121.0
7250,2020-03,W6Y183,대천동,499650.0,143.0
7251,2020-04,W6Y183,대천동,376900.0,100.0
7252,2020-05,W6Y183,대천동,457500.0,111.0
7253,2020-06,W6Y183,대천동,483350.0,180.0
7254,2020-07,W6Y183,대천동,459500.0,207.0
7255,2020-08,W6Y183,대천동,224550.0,110.0
7256,2020-09,W6Y183,대천동,,
7257,2020-10,W6Y183,대천동,4600.0,2.0
7258,2020-11,W6Y183,대천동,2750.0,1.0
7259,2020-12,W6Y183,대천동,44600.0,11.0
7260,2021-01,W6Y183,대천동,55200.0,13.0
7261,2021-02,W6Y183,대천동,39650.0,14.0
7262,2021-03,W6Y183,대천동,130200.0,27.0
7263,2021-04,W6Y183,대천동,,
7264,2021-05,W6Y183,대천동,152150.0,32.0
7265,2021-06,W6Y183,대천동,,
7266,2018-01,W6Y184,대천동,23150.0,9.0
7267,2018-02,W6Y184,대천동,32700.0,8.0
7268,2018-03,W6Y184,대천동,45550.0,16.0
7269,2018-04,W6Y184,대천동,38050.0,12.0
7270,2018-05,W6Y184,대천동,62700.0,23.0
7271,2018-06,W6Y184,대천동,362800.0,169.0
7272,2018-07,W6Y184,대천동,613250.0,288.0
7273,2018-08,W6Y184,대천동,715900.0,327.0
7274,2018-09,W6Y184,대천동,714600.0,323.0
7275,2018-10,W6Y184,대천동,552950.0,260.0
7276,2018-11,W6Y184,대천동,668000.0,251.0
7277,2018-12,W6Y184,대천동,593300.0,199.0
7278,2019-01,W6Y184,대천동,535900.0,186.0
7279,2019-02,W6Y184,대천동,681150.0,243.0
7280,2019-03,W6Y184,대천동,554250.0,207.0
7281,2019-04,W6Y184,대천동,632050.0,200.0
7282,2019-05,W6Y184,대천동,575700.0,213.0
7283,2019-06,W6Y184,대천동,,
7284,2019-07,W6Y184,대천동,,
7285,2019-08,W6Y184,대천동,,
7286,2019-09,W6Y184,대천동,,
7287,2019-10,W6Y184,대천동,,
7288,2019-11,W6Y184,대천동,,
7289,2019-12,W6Y184,대천동,,
7290,2020-01,W6Y184,대천동,,
7291,2020-02,W6Y184,대천동,,
7292,2020-03,W6Y184,대천동,,
7293,2020-04,W6Y184,대천동,,
7294,2020-05,W6Y184,대천동,,
7295,2020-06,W6Y184,대천동,,
7296,2020-07,W6Y184,대천동,,
7297,2020-08,W6Y184,대천동,,
7298,2020-09,W6Y184,대천동,,
7299,2020-10,W6Y184,대천동,,
7300,2020-11,W6Y184,대천동,,
7301,2020-12,W6Y184,대천동,,
7302,2021-01,W6Y184,대천동,,
7303,2021-02,W6Y184,대천동,,
7304,2021-03,W6Y184,대천동,,
7305,2021-04,W6Y184,대천동,,
7306,2021-05,W6Y184,대천동,,
7307,2021-06,W6Y184,대천동,,
7308,2018-01,W6Y185,대천동,1268200.0,283.0
7309,2018-02,W6Y185,대천동,1796650.0,422.0
7310,2018-03,W6Y185,대천동,1772800.0,424.0
7311,2018-04,W6Y185,대천동,1564300.0,383.0
7312,2018-05,W6Y185,대천동,1530900.0,401.0
7313,2018-06,W6Y185,대천동,1391800.0,385.0
7314,2018-07,W6Y185,대천동,1812150.0,525.0
7315,2018-08,W6Y185,대천동,1419700.0,422.0
7316,2018-09,W6Y185,대천동,1505400.0,469.0
7317,2018-10,W6Y185,대천동,1474950.0,470.0
7318,2018-11,W6Y185,대천동,978600.0,257.0
7319,2018-12,W6Y185,대천동,1278650.0,367.0
7320,2019-01,W6Y185,대천동,1330200.0,329.0
7321,2019-02,W6Y185,대천동,1528050.0,338.0
7322,2019-03,W6Y185,대천동,1565750.0,393.0
7323,2019-04,W6Y185,대천동,1244550.0,358.0
7324,2019-05,W6Y185,대천동,1484550.0,394.0
7325,2019-06,W6Y185,대천동,1118350.0,315.0
7326,2019-07,W6Y185,대천동,2301150.0,649.0
7327,2019-08,W6Y185,대천동,2193150.0,635.0
7328,2019-09,W6Y185,대천동,2185450.0,670.0
7329,2019-10,W6Y185,대천동,1937250.0,557.0
7330,2019-11,W6Y185,대천동,1844400.0,521.0
7331,2019-12,W6Y185,대천동,2039350.0,529.0
7332,2020-01,W6Y185,대천동,2100650.0,529.0
7333,2020-02,W6Y185,대천동,1622600.0,442.0
7334,2020-03,W6Y185,대천동,2211400.0,575.0
7335,2020-04,W6Y185,대천동,2044000.0,611.0
7336,2020-05,W6Y185,대천동,2304050.0,677.0
7337,2020-06,W6Y185,대천동,2100350.0,718.0
7338,2020-07,W6Y185,대천동,2262200.0,781.0
7339,2020-08,W6Y185,대천동,2381700.0,811.0
7340,2020-09,W6Y185,대천동,1586550.0,503.0
7341,2020-10,W6Y185,대천동,2292100.0,684.0
7342,2020-11,W6Y185,대천동,1954050.0,628.0
7343,2020-12,W6Y185,대천동,1866200.0,589.0
7344,2021-01,W6Y185,대천동,1917950.0,548.0
7345,2021-02,W6Y185,대천동,2057750.0,559.0
7346,2021-03,W6Y185,대천동,2336350.0,560.0
7347,2021-04,W6Y185,대천동,,
7348,2021-05,W6Y185,대천동,2191950.0,628.0
7349,2021-06,W6Y185,대천동,2186800.0,631.0
7350,2018-01,W6Y186,대천동,660650.0,86.0
7351,2018-02,W6Y186,대천동,524500.0,83.0
7352,2018-03,W6Y186,대천동,776250.0,91.0
7353,2018-04,W6Y186,대천동,319050.0,44.0
7354,2018-05,W6Y186,대천동,193900.0,25.0
7355,2018-06,W6Y186,대천동,256200.0,29.0
7356,2018-07,W6Y186,대천동,247600.0,40.0
7357,2018-08,W6Y186,대천동,148150.0,30.0
7358,2018-09,W6Y186,대천동,214900.0,32.0
7359,2018-10,W6Y186,대천동,236150.0,34.0
7360,2018-11,W6Y186,대천동,313750.0,32.0
7361,2018-12,W6Y186,대천동,248650.0,25.0
7362,2019-01,W6Y186,대천동,235250.0,27.0
7363,2019-02,W6Y186,대천동,123050.0,15.0
7364,2019-03,W6Y186,대천동,165350.0,16.0
7365,2019-04,W6Y186,대천동,181200.0,22.0
7366,2019-05,W6Y186,대천동,171150.0,33.0
7367,2019-06,W6Y186,대천동,107650.0,12.0
7368,2019-07,W6Y186,대천동,229650.0,25.0
7369,2019-08,W6Y186,대천동,121100.0,19.0
7370,2019-09,W6Y186,대천동,105150.0,11.0
7371,2019-10,W6Y186,대천동,122450.0,12.0
7372,2019-11,W6Y186,대천동,166200.0,15.0
7373,2019-12,W6Y186,대천동,122750.0,11.0
7374,2020-01,W6Y186,대천동,169800.0,18.0
7375,2020-02,W6Y186,대천동,102350.0,11.0
7376,2020-03,W6Y186,대천동,99550.0,10.0
7377,2020-04,W6Y186,대천동,165050.0,16.0
7378,2020-05,W6Y186,대천동,236450.0,22.0
7379,2020-06,W6Y186,대천동,174050.0,15.0
7380,2020-07,W6Y186,대천동,189900.0,20.0
7381,2020-08,W6Y186,대천동,268200.0,32.0
7382,2020-09,W6Y186,대천동,122750.0,34.0
7383,2020-10,W6Y186,대천동,222850.0,60.0
7384,2020-11,W6Y186,대천동,273250.0,74.0
7385,2020-12,W6Y186,대천동,152750.0,39.0
7386,2021-01,W6Y186,대천동,86750.0,23.0
7387,2021-02,W6Y186,대천동,112650.0,33.0
7388,2021-03,W6Y186,대천동,86900.0,26.0
7389,2021-04,W6Y186,대천동,,
7390,2021-05,W6Y186,대천동,133200.0,34.0
7391,2021-06,W6Y186,대천동,203750.0,47.0
7392,2018-01,W6Y187,대천동,144150.0,33.0
7393,2018-02,W6Y187,대천동,149950.0,45.0
7394,2018-03,W6Y187,대천동,255050.0,45.0
7395,2018-04,W6Y187,대천동,84400.0,33.0
7396,2018-05,W6Y187,대천동,110950.0,30.0
7397,2018-06,W6Y187,대천동,55400.0,23.0
7398,2018-07,W6Y187,대천동,69700.0,31.0
7399,2018-08,W6Y187,대천동,91800.0,33.0
7400,2018-09,W6Y187,대천동,102600.0,46.0
7401,2018-10,W6Y187,대천동,116150.0,48.0
7402,2018-11,W6Y187,대천동,156350.0,46.0
7403,2018-12,W6Y187,대천동,12400.0,5.0
7404,2019-01,W6Y187,대천동,,
7405,2019-02,W6Y187,대천동,79800.0,22.0
7406,2019-03,W6Y187,대천동,25000.0,9.0
7407,2019-04,W6Y187,대천동,91350.0,38.0
7408,2019-05,W6Y187,대천동,180850.0,36.0
7409,2019-06,W6Y187,대천동,196100.0,79.0
7410,2019-07,W6Y187,대천동,506250.0,224.0
7411,2019-08,W6Y187,대천동,556800.0,206.0
7412,2019-09,W6Y187,대천동,721350.0,222.0
7413,2019-10,W6Y187,대천동,473000.0,161.0
7414,2019-11,W6Y187,대천동,491850.0,182.0
7415,2019-12,W6Y187,대천동,399750.0,134.0
7416,2020-01,W6Y187,대천동,543300.0,179.0
7417,2020-02,W6Y187,대천동,592250.0,161.0
7418,2020-03,W6Y187,대천동,566350.0,157.0
7419,2020-04,W6Y187,대천동,424250.0,140.0
7420,2020-05,W6Y187,대천동,552400.0,161.0
7421,2020-06,W6Y187,대천동,468700.0,179.0
7422,2020-07,W6Y187,대천동,549200.0,207.0
7423,2020-08,W6Y187,대천동,639800.0,228.0
7424,2020-09,W6Y187,대천동,554950.0,171.0
7425,2020-10,W6Y187,대천동,684700.0,188.0
7426,2020-11,W6Y187,대천동,426200.0,174.0
7427,2020-12,W6Y187,대천동,526000.0,155.0
7428,2021-01,W6Y187,대천동,403200.0,158.0
7429,2021-02,W6Y187,대천동,511050.0,173.0
7430,2021-03,W6Y187,대천동,459700.0,137.0
7431,2021-04,W6Y187,대천동,,
7432,2021-05,W6Y187,대천동,428550.0,213.0
7433,2021-06,W6Y187,대천동,538250.0,221.0
7434,2018-01,W6Y188,대천동,314850.0,115.0
7435,2018-02,W6Y188,대천동,290350.0,108.0
7436,2018-03,W6Y188,대천동,386650.0,135.0
7437,2018-04,W6Y188,대천동,213000.0,86.0
7438,2018-05,W6Y188,대천동,300850.0,127.0
7439,2018-06,W6Y188,대천동,396850.0,187.0
7440,2018-07,W6Y188,대천동,448750.0,208.0
7441,2018-08,W6Y188,대천동,103500.0,54.0
7442,2018-09,W6Y188,대천동,,
7443,2018-10,W6Y188,대천동,,
7444,2018-11,W6Y188,대천동,,
7445,2018-12,W6Y188,대천동,,
7446,2019-01,W6Y188,대천동,,
7447,2019-02,W6Y188,대천동,,
7448,2019-03,W6Y188,대천동,,
7449,2019-04,W6Y188,대천동,,
7450,2019-05,W6Y188,대천동,,
7451,2019-06,W6Y188,대천동,162600.0,82.0
7452,2019-07,W6Y188,대천동,588750.0,267.0
7453,2019-08,W6Y188,대천동,665050.0,345.0
7454,2019-09,W6Y188,대천동,482300.0,243.0
7455,2019-10,W6Y188,대천동,506400.0,240.0
7456,2019-11,W6Y188,대천동,498450.0,243.0
7457,2019-12,W6Y188,대천동,452400.0,207.0
7458,2020-01,W6Y188,대천동,525300.0,221.0
7459,2020-02,W6Y188,대천동,480000.0,158.0
7460,2020-03,W6Y188,대천동,317200.0,161.0
7461,2020-04,W6Y188,대천동,372250.0,194.0
7462,2020-05,W6Y188,대천동,531550.0,298.0
7463,2020-06,W6Y188,대천동,605800.0,327.0
7464,2020-07,W6Y188,대천동,704000.0,395.0
7465,2020-08,W6Y188,대천동,766150.0,392.0
7466,2020-09,W6Y188,대천동,526200.0,287.0
7467,2020-10,W6Y188,대천동,634800.0,280.0
7468,2020-11,W6Y188,대천동,559900.0,240.0
7469,2020-12,W6Y188,대천동,606700.0,241.0
7470,2021-01,W6Y188,대천동,479350.0,205.0
7471,2021-02,W6Y188,대천동,601300.0,238.0
7472,2021-03,W6Y188,대천동,542000.0,232.0
7473,2021-04,W6Y188,대천동,,
7474,2021-05,W6Y188,대천동,818800.0,409.0
7475,2021-06,W6Y188,대천동,700600.0,337.0
7476,2018-01,W6Y189,대천동,1189500.0,294.0
7477,2018-02,W6Y189,대천동,923150.0,276.0
7478,2018-03,W6Y189,대천동,1198800.0,325.0
7479,2018-04,W6Y189,대천동,1007300.0,287.0
7480,2018-05,W6Y189,대천동,1202000.0,388.0
7481,2018-06,W6Y189,대천동,1083400.0,391.0
7482,2018-07,W6Y189,대천동,1406700.0,448.0
7483,2018-08,W6Y189,대천동,1444800.0,429.0
7484,2018-09,W6Y189,대천동,1220000.0,406.0
7485,2018-10,W6Y189,대천동,1013650.0,323.0
7486,2018-11,W6Y189,대천동,1068900.0,339.0
7487,2018-12,W6Y189,대천동,1093750.0,327.0
7488,2019-01,W6Y189,대천동,1034950.0,343.0
7489,2019-02,W6Y189,대천동,995450.0,310.0
7490,2019-03,W6Y189,대천동,1013850.0,319.0
7491,2019-04,W6Y189,대천동,1209350.0,400.0
7492,2019-05,W6Y189,대천동,1149900.0,411.0
7493,2019-06,W6Y189,대천동,697100.0,261.0
7494,2019-07,W6Y189,대천동,1524650.0,528.0
7495,2019-08,W6Y189,대천동,1377500.0,548.0
7496,2019-09,W6Y189,대천동,1337950.0,442.0
7497,2019-10,W6Y189,대천동,1216650.0,447.0
7498,2019-11,W6Y189,대천동,1266450.0,412.0
7499,2019-12,W6Y189,대천동,1349700.0,398.0
7500,2020-01,W6Y189,대천동,1496550.0,436.0
7501,2020-02,W6Y189,대천동,1229500.0,358.0
7502,2020-03,W6Y189,대천동,1680800.0,438.0
7503,2020-04,W6Y189,대천동,1690500.0,461.0
7504,2020-05,W6Y189,대천동,1280200.0,488.0
7505,2020-06,W6Y189,대천동,1180200.0,495.0
7506,2020-07,W6Y189,대천동,1347300.0,573.0
7507,2020-08,W6Y189,대천동,1502450.0,584.0
7508,2020-09,W6Y189,대천동,1253950.0,546.0
7509,2020-10,W6Y189,대천동,1428450.0,532.0
7510,2020-11,W6Y189,대천동,1193200.0,482.0
7511,2020-12,W6Y189,대천동,1419550.0,480.0
7512,2021-01,W6Y189,대천동,1414800.0,459.0
7513,2021-02,W6Y189,대천동,1417700.0,470.0
7514,2021-03,W6Y189,대천동,1370200.0,450.0
7515,2021-04,W6Y189,대천동,,
7516,2021-05,W6Y189,대천동,1011650.0,369.0
7517,2021-06,W6Y189,대천동,361200.0,116.0
7518,2018-01,W6Y190,대천동,90100.0,20.0
7519,2018-02,W6Y190,대천동,,
7520,2018-03,W6Y190,대천동,,
7521,2018-04,W6Y190,대천동,,
7522,2018-05,W6Y190,대천동,,
7523,2018-06,W6Y190,대천동,,
7524,2018-07,W6Y190,대천동,,
7525,2018-08,W6Y190,대천동,,
7526,2018-09,W6Y190,대천동,,
7527,2018-10,W6Y190,대천동,,
7528,2018-11,W6Y190,대천동,,
7529,2018-12,W6Y190,대천동,,
7530,2019-01,W6Y190,대천동,,
7531,2019-02,W6Y190,대천동,,
7532,2019-03,W6Y190,대천동,,
7533,2019-04,W6Y190,대천동,,
7534,2019-05,W6Y190,대천동,,
7535,2019-06,W6Y190,대천동,285100.0,94.0
7536,2019-07,W6Y190,대천동,811450.0,261.0
7537,2019-08,W6Y190,대천동,630100.0,263.0
7538,2019-09,W6Y190,대천동,465150.0,207.0
7539,2019-10,W6Y190,대천동,691900.0,241.0
7540,2019-11,W6Y190,대천동,591800.0,168.0
7541,2019-12,W6Y190,대천동,673200.0,203.0
7542,2020-01,W6Y190,대천동,598250.0,176.0
7543,2020-02,W6Y190,대천동,540850.0,188.0
7544,2020-03,W6Y190,대천동,500150.0,189.0
7545,2020-04,W6Y190,대천동,555850.0,227.0
7546,2020-05,W6Y190,대천동,599950.0,259.0
7547,2020-06,W6Y190,대천동,578500.0,267.0
7548,2020-07,W6Y190,대천동,558250.0,262.0
7549,2020-08,W6Y190,대천동,601600.0,276.0
7550,2020-09,W6Y190,대천동,541000.0,247.0
7551,2020-10,W6Y190,대천동,632500.0,253.0
7552,2020-11,W6Y190,대천동,610300.0,230.0
7553,2020-12,W6Y190,대천동,571900.0,168.0
7554,2021-01,W6Y190,대천동,530250.0,152.0
7555,2021-02,W6Y190,대천동,389150.0,139.0
7556,2021-03,W6Y190,대천동,294600.0,153.0
7557,2021-04,W6Y190,대천동,,
7558,2021-05,W6Y190,대천동,346400.0,155.0
7559,2021-06,W6Y190,대천동,,
7560,2018-01,W6Y191,대천동,206950.0,102.0
7561,2018-02,W6Y191,대천동,220150.0,106.0
7562,2018-03,W6Y191,대천동,249850.0,117.0
7563,2018-04,W6Y191,대천동,169400.0,81.0
7564,2018-05,W6Y191,대천동,325100.0,128.0
7565,2018-06,W6Y191,대천동,181400.0,100.0
7566,2018-07,W6Y191,대천동,199350.0,96.0
7567,2018-08,W6Y191,대천동,274900.0,103.0
7568,2018-09,W6Y191,대천동,282950.0,104.0
7569,2018-10,W6Y191,대천동,165550.0,83.0
7570,2018-11,W6Y191,대천동,199200.0,90.0
7571,2018-12,W6Y191,대천동,329900.0,121.0
7572,2019-01,W6Y191,대천동,313250.0,111.0
7573,2019-02,W6Y191,대천동,388700.0,109.0
7574,2019-03,W6Y191,대천동,336650.0,116.0
7575,2019-04,W6Y191,대천동,456750.0,127.0
7576,2019-05,W6Y191,대천동,441850.0,139.0
7577,2019-06,W6Y191,대천동,172300.0,79.0
7578,2019-07,W6Y191,대천동,470700.0,197.0
7579,2019-08,W6Y191,대천동,440300.0,204.0
7580,2019-09,W6Y191,대천동,426450.0,204.0
7581,2019-10,W6Y191,대천동,416100.0,204.0
7582,2019-11,W6Y191,대천동,620600.0,149.0
7583,2019-12,W6Y191,대천동,613150.0,164.0
7584,2020-01,W6Y191,대천동,608900.0,172.0
7585,2020-02,W6Y191,대천동,506300.0,167.0
7586,2020-03,W6Y191,대천동,492050.0,178.0
7587,2020-04,W6Y191,대천동,570200.0,174.0
7588,2020-05,W6Y191,대천동,744050.0,222.0
7589,2020-06,W6Y191,대천동,410950.0,187.0
7590,2020-07,W6Y191,대천동,429450.0,205.0
7591,2020-08,W6Y191,대천동,422300.0,200.0
7592,2020-09,W6Y191,대천동,614150.0,217.0
7593,2020-10,W6Y191,대천동,477700.0,220.0
7594,2020-11,W6Y191,대천동,635050.0,220.0
7595,2020-12,W6Y191,대천동,637600.0,224.0
7596,2021-01,W6Y191,대천동,642750.0,187.0
7597,2021-02,W6Y191,대천동,594050.0,163.0
7598,2021-03,W6Y191,대천동,679100.0,181.0
7599,2021-04,W6Y191,대천동,,
7600,2021-05,W6Y191,대천동,295200.0,141.0
7601,2021-06,W6Y191,대천동,,
7602,2018-01,W6Y192,대천동,80950.0,15.0
7603,2018-02,W6Y192,대천동,73050.0,17.0
7604,2018-03,W6Y192,대천동,55100.0,13.0
7605,2018-04,W6Y192,대천동,118050.0,25.0
7606,2018-05,W6Y192,대천동,59000.0,15.0
7607,2018-06,W6Y192,대천동,57000.0,20.0
7608,2018-07,W6Y192,대천동,63450.0,13.0
7609,2018-08,W6Y192,대천동,424900.0,207.0
7610,2018-09,W6Y192,대천동,878300.0,342.0
7611,2018-10,W6Y192,대천동,824100.0,341.0
7612,2018-11,W6Y192,대천동,702900.0,300.0
7613,2018-12,W6Y192,대천동,615000.0,261.0
7614,2019-01,W6Y192,대천동,753700.0,282.0
7615,2019-02,W6Y192,대천동,797100.0,307.0
7616,2019-03,W6Y192,대천동,658350.0,272.0
7617,2019-04,W6Y192,대천동,655850.0,255.0
7618,2019-05,W6Y192,대천동,432100.0,190.0
7619,2019-06,W6Y192,대천동,322550.0,151.0
7620,2019-07,W6Y192,대천동,871600.0,379.0
7621,2019-08,W6Y192,대천동,852550.0,338.0
7622,2019-09,W6Y192,대천동,857800.0,336.0
7623,2019-10,W6Y192,대천동,672550.0,317.0
7624,2019-11,W6Y192,대천동,741950.0,262.0
7625,2019-12,W6Y192,대천동,618050.0,227.0
7626,2020-01,W6Y192,대천동,763000.0,240.0
7627,2020-02,W6Y192,대천동,578150.0,186.0
7628,2020-03,W6Y192,대천동,695750.0,233.0
7629,2020-04,W6Y192,대천동,620350.0,221.0
7630,2020-05,W6Y192,대천동,717650.0,277.0
7631,2020-06,W6Y192,대천동,677600.0,293.0
7632,2020-07,W6Y192,대천동,741500.0,332.0
7633,2020-08,W6Y192,대천동,774050.0,351.0
7634,2020-09,W6Y192,대천동,656950.0,310.0
7635,2020-10,W6Y192,대천동,607700.0,262.0
7636,2020-11,W6Y192,대천동,143600.0,56.0
7637,2020-12,W6Y192,대천동,630700.0,231.0
7638,2021-01,W6Y192,대천동,503500.0,192.0
7639,2021-02,W6Y192,대천동,582100.0,196.0
7640,2021-03,W6Y192,대천동,515400.0,199.0
7641,2021-04,W6Y192,대천동,,
7642,2021-05,W6Y192,대천동,522700.0,199.0
7643,2021-06,W6Y192,대천동,,
7644,2018-01,W6Y194,대천동,846900.0,114.0
7645,2018-02,W6Y194,대천동,814350.0,124.0
7646,2018-03,W6Y194,대천동,760600.0,145.0
7647,2018-04,W6Y194,대천동,641300.0,126.0
7648,2018-05,W6Y194,대천동,790450.0,144.0
7649,2018-06,W6Y194,대천동,710700.0,132.0
7650,2018-07,W6Y194,대천동,834200.0,163.0
7651,2018-08,W6Y194,대천동,843300.0,160.0
7652,2018-09,W6Y194,대천동,694550.0,128.0
7653,2018-10,W6Y194,대천동,406450.0,71.0
7654,2018-11,W6Y194,대천동,597950.0,121.0
7655,2018-12,W6Y194,대천동,636250.0,119.0
7656,2019-01,W6Y194,대천동,711800.0,104.0
7657,2019-02,W6Y194,대천동,782550.0,126.0
7658,2019-03,W6Y194,대천동,757250.0,119.0
7659,2019-04,W6Y194,대천동,655600.0,116.0
7660,2019-05,W6Y194,대천동,718350.0,133.0
7661,2019-06,W6Y194,대천동,328800.0,73.0
7662,2019-07,W6Y194,대천동,870950.0,167.0
7663,2019-08,W6Y194,대천동,912250.0,182.0
7664,2019-09,W6Y194,대천동,819700.0,185.0
7665,2019-10,W6Y194,대천동,765450.0,159.0
7666,2019-11,W6Y194,대천동,741000.0,140.0
7667,2019-12,W6Y194,대천동,714050.0,119.0
7668,2020-01,W6Y194,대천동,760400.0,140.0
7669,2020-02,W6Y194,대천동,654950.0,129.0
7670,2020-03,W6Y194,대천동,651200.0,131.0
7671,2020-04,W6Y194,대천동,612250.0,145.0
7672,2020-05,W6Y194,대천동,671550.0,175.0
7673,2020-06,W6Y194,대천동,619700.0,182.0
7674,2020-07,W6Y194,대천동,334900.0,146.0
7675,2020-08,W6Y194,대천동,324550.0,140.0
7676,2020-09,W6Y194,대천동,292900.0,146.0
7677,2020-10,W6Y194,대천동,687200.0,186.0
7678,2020-11,W6Y194,대천동,758450.0,189.0
7679,2020-12,W6Y194,대천동,782950.0,152.0
7680,2021-01,W6Y194,대천동,899350.0,172.0
7681,2021-02,W6Y194,대천동,796300.0,182.0
7682,2021-03,W6Y194,대천동,738550.0,170.0
7683,2021-04,W6Y194,대천동,,
7684,2021-05,W6Y194,대천동,435850.0,140.0
7685,2021-06,W6Y194,대천동,,
7686,2018-01,W6Y195,대천동,709850.0,153.0
7687,2018-02,W6Y195,대천동,,
7688,2018-03,W6Y195,대천동,,
7689,2018-04,W6Y195,대천동,,
7690,2018-05,W6Y195,대천동,,
7691,2018-06,W6Y195,대천동,,
7692,2018-07,W6Y195,대천동,,
7693,2018-08,W6Y195,대천동,,
7694,2018-09,W6Y195,대천동,,
7695,2018-10,W6Y195,대천동,,
7696,2018-11,W6Y195,대천동,,
7697,2018-12,W6Y195,대천동,,
7698,2019-01,W6Y195,대천동,,
7699,2019-02,W6Y195,대천동,,
7700,2019-03,W6Y195,대천동,,
7701,2019-04,W6Y195,대천동,,
7702,2019-05,W6Y195,대천동,,
7703,2019-06,W6Y195,대천동,,
7704,2019-07,W6Y195,대천동,,
7705,2019-08,W6Y195,대천동,,
7706,2019-09,W6Y195,대천동,,
7707,2019-10,W6Y195,대천동,,
7708,2019-11,W6Y195,대천동,,
7709,2019-12,W6Y195,대천동,,
7710,2020-01,W6Y195,대천동,,
7711,2020-02,W6Y195,대천동,,
7712,2020-03,W6Y195,대천동,,
7713,2020-04,W6Y195,대천동,,
7714,2020-05,W6Y195,대천동,,
7715,2020-06,W6Y195,대천동,,
7716,2020-07,W6Y195,대천동,,
7717,2020-08,W6Y195,대천동,,
7718,2020-09,W6Y195,대천동,,
7719,2020-10,W6Y195,대천동,,
7720,2020-11,W6Y195,대천동,,
7721,2020-12,W6Y195,대천동,,
7722,2021-01,W6Y195,대천동,,
7723,2021-02,W6Y195,대천동,,
7724,2021-03,W6Y195,대천동,,
7725,2021-04,W6Y195,대천동,,
7726,2021-05,W6Y195,대천동,,
7727,2021-06,W6Y195,대천동,,
7728,2018-01,W6Y196,대천동,222800.0,57.0
7729,2018-02,W6Y196,대천동,252850.0,68.0
7730,2018-03,W6Y196,대천동,327850.0,95.0
7731,2018-04,W6Y196,대천동,298950.0,92.0
7732,2018-05,W6Y196,대천동,201950.0,80.0
7733,2018-06,W6Y196,대천동,291600.0,100.0
7734,2018-07,W6Y196,대천동,267200.0,112.0
7735,2018-08,W6Y196,대천동,210250.0,68.0
7736,2018-09,W6Y196,대천동,146350.0,64.0
7737,2018-10,W6Y196,대천동,153950.0,75.0
7738,2018-11,W6Y196,대천동,206250.0,97.0
7739,2018-12,W6Y196,대천동,119300.0,39.0
7740,2019-01,W6Y196,대천동,55950.0,21.0
7741,2019-02,W6Y196,대천동,162100.0,58.0
7742,2019-03,W6Y196,대천동,145000.0,61.0
7743,2019-04,W6Y196,대천동,103050.0,26.0
7744,2019-05,W6Y196,대천동,21000.0,24.0
7745,2019-06,W6Y196,대천동,80450.0,33.0
7746,2019-07,W6Y196,대천동,219150.0,102.0
7747,2019-08,W6Y196,대천동,246250.0,111.0
7748,2019-09,W6Y196,대천동,290350.0,103.0
7749,2019-10,W6Y196,대천동,155600.0,86.0
7750,2019-11,W6Y196,대천동,224300.0,77.0
7751,2019-12,W6Y196,대천동,191450.0,76.0
7752,2020-01,W6Y196,대천동,200250.0,76.0
7753,2020-02,W6Y196,대천동,191250.0,76.0
7754,2020-03,W6Y196,대천동,274100.0,98.0
7755,2020-04,W6Y196,대천동,245250.0,95.0
7756,2020-05,W6Y196,대천동,228850.0,109.0
7757,2020-06,W6Y196,대천동,211650.0,107.0
7758,2020-07,W6Y196,대천동,273600.0,127.0
7759,2020-08,W6Y196,대천동,262050.0,132.0
7760,2020-09,W6Y196,대천동,245050.0,119.0
7761,2020-10,W6Y196,대천동,274400.0,135.0
7762,2020-11,W6Y196,대천동,230650.0,121.0
7763,2020-12,W6Y196,대천동,282300.0,118.0
7764,2021-01,W6Y196,대천동,275250.0,113.0
7765,2021-02,W6Y196,대천동,313600.0,106.0
7766,2021-03,W6Y196,대천동,294600.0,132.0
7767,2021-04,W6Y196,대천동,,
7768,2021-05,W6Y196,대천동,316400.0,129.0
7769,2021-06,W6Y196,대천동,284600.0,144.0
7770,2018-01,W6Y197,대천동,,
7771,2018-02,W6Y197,대천동,,
7772,2018-03,W6Y197,대천동,,
7773,2018-04,W6Y197,대천동,,
7774,2018-05,W6Y197,대천동,,
7775,2018-06,W6Y197,대천동,,
7776,2018-07,W6Y197,대천동,,
7777,2018-08,W6Y197,대천동,,
7778,2018-09,W6Y197,대천동,,
7779,2018-10,W6Y197,대천동,,
7780,2018-11,W6Y197,대천동,,
7781,2018-12,W6Y197,대천동,,
7782,2019-01,W6Y197,대천동,,
7783,2019-02,W6Y197,대천동,,
7784,2019-03,W6Y197,대천동,,
7785,2019-04,W6Y197,대천동,,
7786,2019-05,W6Y197,대천동,,
7787,2019-06,W6Y197,대천동,,
7788,2019-07,W6Y197,대천동,,
7789,2019-08,W6Y197,대천동,,
7790,2019-09,W6Y197,대천동,,
7791,2019-10,W6Y197,대천동,,
7792,2019-11,W6Y197,대천동,,
7793,2019-12,W6Y197,대천동,,
7794,2020-01,W6Y197,대천동,,
7795,2020-02,W6Y197,대천동,,
7796,2020-03,W6Y197,대천동,,
7797,2020-04,W6Y197,대천동,,
7798,2020-05,W6Y197,대천동,,
7799,2020-06,W6Y197,대천동,,
7800,2020-07,W6Y197,대천동,,
7801,2020-08,W6Y197,대천동,,
7802,2020-09,W6Y197,대천동,,
7803,2020-10,W6Y197,대천동,,
7804,2020-11,W6Y197,대천동,,
7805,2020-12,W6Y197,대천동,,
7806,2021-01,W6Y197,대천동,,
7807,2021-02,W6Y197,대천동,,
7808,2021-03,W6Y197,대천동,,
7809,2021-04,W6Y197,대천동,,
7810,2021-05,W6Y197,대천동,,
7811,2021-06,W6Y197,대천동,,
7812,2018-01,W6Y201,동홍동,814900.0,422.0
7813,2018-02,W6Y201,동홍동,792950.0,387.0
7814,2018-03,W6Y201,동홍동,784000.0,396.0
7815,2018-04,W6Y201,동홍동,727450.0,384.0
7816,2018-05,W6Y201,동홍동,739250.0,443.0
7817,2018-06,W6Y201,동홍동,812300.0,493.0
7818,2018-07,W6Y201,동홍동,899300.0,572.0
7819,2018-08,W6Y201,동홍동,860100.0,570.0
7820,2018-09,W6Y201,동홍동,924150.0,521.0
7821,2018-10,W6Y201,동홍동,774750.0,470.0
7822,2018-11,W6Y201,동홍동,769550.0,417.0
7823,2018-12,W6Y201,동홍동,759400.0,402.0
7824,2019-01,W6Y201,동홍동,794100.0,396.0
7825,2019-02,W6Y201,동홍동,554200.0,281.0
7826,2019-03,W6Y201,동홍동,,
7827,2019-04,W6Y201,동홍동,,
7828,2019-05,W6Y201,동홍동,464800.0,285.0
7829,2019-06,W6Y201,동홍동,787950.0,490.0
7830,2019-07,W6Y201,동홍동,804200.0,550.0
7831,2019-08,W6Y201,동홍동,726150.0,530.0
7832,2019-09,W6Y201,동홍동,755050.0,505.0
7833,2019-10,W6Y201,동홍동,692400.0,445.0
7834,2019-11,W6Y201,동홍동,762050.0,454.0
7835,2019-12,W6Y201,동홍동,866200.0,478.0
7836,2020-01,W6Y201,동홍동,983300.0,510.0
7837,2020-02,W6Y201,동홍동,1001450.0,508.0
7838,2020-03,W6Y201,동홍동,980250.0,542.0
7839,2020-04,W6Y201,동홍동,809600.0,495.0
7840,2020-05,W6Y201,동홍동,860400.0,538.0
7841,2020-06,W6Y201,동홍동,762500.0,538.0
7842,2020-07,W6Y201,동홍동,939050.0,628.0
7843,2020-08,W6Y201,동홍동,964300.0,657.0
7844,2020-09,W6Y201,동홍동,966450.0,651.0
7845,2020-10,W6Y201,동홍동,951850.0,626.0
7846,2020-11,W6Y201,동홍동,897750.0,551.0
7847,2020-12,W6Y201,동홍동,1022400.0,567.0
7848,2021-01,W6Y201,동홍동,1027100.0,582.0
7849,2021-02,W6Y201,동홍동,1043550.0,521.0
7850,2021-03,W6Y201,동홍동,924000.0,547.0
7851,2021-04,W6Y201,동홍동,,
7852,2021-05,W6Y201,동홍동,879850.0,528.0
7853,2021-06,W6Y201,동홍동,880150.0,591.0
7854,2018-01,W6Y202,대륜동,5323550.0,2070.0
7855,2018-02,W6Y202,대륜동,3314950.0,1369.0
7856,2018-03,W6Y202,대륜동,2446850.0,1263.0
7857,2018-04,W6Y202,대륜동,2359500.0,1113.0
7858,2018-05,W6Y202,대륜동,1889250.0,1015.0
7859,2018-06,W6Y202,대륜동,1864550.0,974.0
7860,2018-07,W6Y202,대륜동,1997450.0,1081.0
7861,2018-08,W6Y202,대륜동,2376100.0,1240.0
7862,2018-09,W6Y202,대륜동,1506250.0,970.0
7863,2018-10,W6Y202,대륜동,1280450.0,912.0
7864,2018-11,W6Y202,대륜동,1702500.0,998.0
7865,2018-12,W6Y202,대륜동,1774650.0,1011.0
7866,2019-01,W6Y202,대륜동,1652800.0,851.0
7867,2019-02,W6Y202,대륜동,1746400.0,855.0
7868,2019-03,W6Y202,대륜동,2308950.0,1155.0
7869,2019-04,W6Y202,대륜동,1861700.0,1092.0
7870,2019-05,W6Y202,대륜동,1567200.0,940.0
7871,2019-06,W6Y202,대륜동,2195900.0,1264.0
7872,2019-07,W6Y202,대륜동,2334600.0,1342.0
7873,2019-08,W6Y202,대륜동,2539050.0,1392.0
7874,2019-09,W6Y202,대륜동,1361150.0,910.0
7875,2019-10,W6Y202,대륜동,1292700.0,911.0
7876,2019-11,W6Y202,대륜동,1415000.0,875.0
7877,2019-12,W6Y202,대륜동,1493700.0,846.0
7878,2020-01,W6Y202,대륜동,1860600.0,927.0
7879,2020-02,W6Y202,대륜동,1674350.0,845.0
7880,2020-03,W6Y202,대륜동,1868800.0,990.0
7881,2020-04,W6Y202,대륜동,1503450.0,920.0
7882,2020-05,W6Y202,대륜동,1517750.0,963.0
7883,2020-06,W6Y202,대륜동,1572450.0,1007.0
7884,2020-07,W6Y202,대륜동,656000.0,423.0
7885,2020-08,W6Y202,대륜동,,
7886,2020-09,W6Y202,대륜동,,
7887,2020-10,W6Y202,대륜동,,
7888,2020-11,W6Y202,대륜동,,
7889,2020-12,W6Y202,대륜동,,
7890,2021-01,W6Y202,대륜동,,
7891,2021-02,W6Y202,대륜동,,
7892,2021-03,W6Y202,대륜동,,
7893,2021-04,W6Y202,대륜동,,
7894,2021-05,W6Y202,대륜동,,
7895,2021-06,W6Y202,대륜동,,
7896,2018-01,W6Y203,영천동,1076200.0,192.0
7897,2018-02,W6Y203,영천동,1189600.0,198.0
7898,2018-03,W6Y203,영천동,2117650.0,441.0
7899,2018-04,W6Y203,영천동,2100450.0,427.0
7900,2018-05,W6Y203,영천동,1983750.0,434.0
7901,2018-06,W6Y203,영천동,2176700.0,500.0
7902,2018-07,W6Y203,영천동,2222450.0,600.0
7903,2018-08,W6Y203,영천동,1782900.0,422.0
7904,2018-09,W6Y203,영천동,1558000.0,436.0
7905,2018-10,W6Y203,영천동,1836400.0,404.0
7906,2018-11,W6Y203,영천동,1779950.0,336.0
7907,2018-12,W6Y203,영천동,1208350.0,272.0
7908,2019-01,W6Y203,영천동,1043500.0,312.0
7909,2019-02,W6Y203,영천동,895700.0,237.0
7910,2019-03,W6Y203,영천동,1982200.0,290.0
7911,2019-04,W6Y203,영천동,961250.0,123.0
7912,2019-05,W6Y203,영천동,7450.0,3.0
7913,2019-06,W6Y203,영천동,33450.0,10.0
7914,2019-07,W6Y203,영천동,,
7915,2019-08,W6Y203,영천동,,
7916,2019-09,W6Y203,영천동,,
7917,2019-10,W6Y203,영천동,,
7918,2019-11,W6Y203,영천동,,
7919,2019-12,W6Y203,영천동,,
7920,2020-01,W6Y203,영천동,,
7921,2020-02,W6Y203,영천동,,
7922,2020-03,W6Y203,영천동,,
7923,2020-04,W6Y203,영천동,,
7924,2020-05,W6Y203,영천동,,
7925,2020-06,W6Y203,영천동,,
7926,2020-07,W6Y203,영천동,697250.0,162.0
7927,2020-08,W6Y203,영천동,2286500.0,630.0
7928,2020-09,W6Y203,영천동,1837750.0,577.0
7929,2020-10,W6Y203,영천동,1969450.0,552.0
7930,2020-11,W6Y203,영천동,1920450.0,524.0
7931,2020-12,W6Y203,영천동,2325050.0,564.0
7932,2021-01,W6Y203,영천동,2912900.0,576.0
7933,2021-02,W6Y203,영천동,2470100.0,509.0
7934,2021-03,W6Y203,영천동,2334550.0,551.0
7935,2021-04,W6Y203,영천동,,
7936,2021-05,W6Y203,영천동,2337850.0,593.0
7937,2021-06,W6Y203,영천동,2268250.0,653.0
7938,2018-01,W6Y204,영천동,858250.0,272.0
7939,2018-02,W6Y204,영천동,824500.0,221.0
7940,2018-03,W6Y204,영천동,806600.0,241.0
7941,2018-04,W6Y204,영천동,841500.0,272.0
7942,2018-05,W6Y204,영천동,618400.0,193.0
7943,2018-06,W6Y204,영천동,934500.0,296.0
7944,2018-07,W6Y204,영천동,996300.0,372.0
7945,2018-08,W6Y204,영천동,1166650.0,404.0
7946,2018-09,W6Y204,영천동,753350.0,378.0
7947,2018-10,W6Y204,영천동,814850.0,345.0
7948,2018-11,W6Y204,영천동,862600.0,288.0
7949,2018-12,W6Y204,영천동,905700.0,260.0
7950,2019-01,W6Y204,영천동,1012850.0,286.0
7951,2019-02,W6Y204,영천동,835550.0,269.0
7952,2019-03,W6Y204,영천동,829550.0,291.0
7953,2019-04,W6Y204,영천동,586250.0,218.0
7954,2019-05,W6Y204,영천동,56250.0,20.0
7955,2019-06,W6Y204,영천동,117400.0,38.0
7956,2019-07,W6Y204,영천동,,
7957,2019-08,W6Y204,영천동,,
7958,2019-09,W6Y204,영천동,,
7959,2019-10,W6Y204,영천동,,
7960,2019-11,W6Y204,영천동,,
7961,2019-12,W6Y204,영천동,,
7962,2020-01,W6Y204,영천동,,
7963,2020-02,W6Y204,영천동,,
7964,2020-03,W6Y204,영천동,,
7965,2020-04,W6Y204,영천동,,
7966,2020-05,W6Y204,영천동,,
7967,2020-06,W6Y204,영천동,,
7968,2020-07,W6Y204,영천동,,
7969,2020-08,W6Y204,영천동,,
7970,2020-09,W6Y204,영천동,,
7971,2020-10,W6Y204,영천동,,
7972,2020-11,W6Y204,영천동,,
7973,2020-12,W6Y204,영천동,,
7974,2021-01,W6Y204,영천동,,
7975,2021-02,W6Y204,영천동,,
7976,2021-03,W6Y204,영천동,,
7977,2021-04,W6Y204,영천동,,
7978,2021-05,W6Y204,영천동,,
7979,2021-06,W6Y204,영천동,,
7980,2018-01,W6Y205,영천동,1120600.0,331.0
7981,2018-02,W6Y205,영천동,1377050.0,322.0
7982,2018-03,W6Y205,영천동,1233000.0,341.0
7983,2018-04,W6Y205,영천동,1132200.0,363.0
7984,2018-05,W6Y205,영천동,1073950.0,346.0
7985,2018-06,W6Y205,영천동,1160200.0,421.0
7986,2018-07,W6Y205,영천동,1459100.0,497.0
7987,2018-08,W6Y205,영천동,1624300.0,565.0
7988,2018-09,W6Y205,영천동,1174200.0,434.0
7989,2018-10,W6Y205,영천동,1024400.0,411.0
7990,2018-11,W6Y205,영천동,1143250.0,394.0
7991,2018-12,W6Y205,영천동,1150150.0,379.0
7992,2019-01,W6Y205,영천동,1174550.0,402.0
7993,2019-02,W6Y205,영천동,1362250.0,377.0
7994,2019-03,W6Y205,영천동,1168150.0,348.0
7995,2019-04,W6Y205,영천동,953700.0,335.0
7996,2019-05,W6Y205,영천동,318250.0,92.0
7997,2019-06,W6Y205,영천동,778250.0,251.0
7998,2019-07,W6Y205,영천동,,
7999,2019-08,W6Y205,영천동,,
8000,2019-09,W6Y205,영천동,339800.0,190.0
8001,2019-10,W6Y205,영천동,651250.0,391.0
8002,2019-11,W6Y205,영천동,708000.0,397.0
8003,2019-12,W6Y205,영천동,767700.0,358.0
8004,2020-01,W6Y205,영천동,756600.0,361.0
8005,2020-02,W6Y205,영천동,408100.0,151.0
8006,2020-03,W6Y205,영천동,,
8007,2020-04,W6Y205,영천동,,
8008,2020-05,W6Y205,영천동,,
8009,2020-06,W6Y205,영천동,,
8010,2020-07,W6Y205,영천동,354300.0,132.0
8011,2020-08,W6Y205,영천동,1311200.0,508.0
8012,2020-09,W6Y205,영천동,1306500.0,521.0
8013,2020-10,W6Y205,영천동,1161800.0,487.0
8014,2020-11,W6Y205,영천동,1136000.0,432.0
8015,2020-12,W6Y205,영천동,1242200.0,435.0
8016,2021-01,W6Y205,영천동,1118850.0,362.0
8017,2021-02,W6Y205,영천동,926100.0,281.0
8018,2021-03,W6Y205,영천동,1048200.0,317.0
8019,2021-04,W6Y205,영천동,,
8020,2021-05,W6Y205,영천동,922600.0,313.0
8021,2021-06,W6Y205,영천동,1264300.0,510.0
8022,2018-01,W6Y206,영천동,,
8023,2018-02,W6Y206,영천동,,
8024,2018-03,W6Y206,영천동,,
8025,2018-04,W6Y206,영천동,,
8026,2018-05,W6Y206,영천동,,
8027,2018-06,W6Y206,영천동,,
8028,2018-07,W6Y206,영천동,,
8029,2018-08,W6Y206,영천동,,
8030,2018-09,W6Y206,영천동,,
8031,2018-10,W6Y206,영천동,,
8032,2018-11,W6Y206,영천동,,
8033,2018-12,W6Y206,영천동,,
8034,2019-01,W6Y206,영천동,,
8035,2019-02,W6Y206,영천동,,
8036,2019-03,W6Y206,영천동,,
8037,2019-04,W6Y206,영천동,,
8038,2019-05,W6Y206,영천동,,
8039,2019-06,W6Y206,영천동,,
8040,2019-07,W6Y206,영천동,,
8041,2019-08,W6Y206,영천동,,
8042,2019-09,W6Y206,영천동,,
8043,2019-10,W6Y206,영천동,,
8044,2019-11,W6Y206,영천동,,
8045,2019-12,W6Y206,영천동,,
8046,2020-01,W6Y206,영천동,,
8047,2020-02,W6Y206,영천동,,
8048,2020-03,W6Y206,영천동,,
8049,2020-04,W6Y206,영천동,,
8050,2020-05,W6Y206,영천동,,
8051,2020-06,W6Y206,영천동,,
8052,2020-07,W6Y206,영천동,,
8053,2020-08,W6Y206,영천동,,
8054,2020-09,W6Y206,영천동,,
8055,2020-10,W6Y206,영천동,,
8056,2020-11,W6Y206,영천동,,
8057,2020-12,W6Y206,영천동,,
8058,2021-01,W6Y206,영천동,,
8059,2021-02,W6Y206,영천동,,
8060,2021-03,W6Y206,영천동,,
8061,2021-04,W6Y206,영천동,,
8062,2021-05,W6Y206,영천동,,
8063,2021-06,W6Y206,영천동,,
8064,2018-01,W6Y207,영천동,1065950.0,213.0
8065,2018-02,W6Y207,영천동,921400.0,192.0
8066,2018-03,W6Y207,영천동,1504200.0,236.0
8067,2018-04,W6Y207,영천동,1470700.0,245.0
8068,2018-05,W6Y207,영천동,987250.0,249.0
8069,2018-06,W6Y207,영천동,998450.0,258.0
8070,2018-07,W6Y207,영천동,1236650.0,310.0
8071,2018-08,W6Y207,영천동,1081050.0,300.0
8072,2018-09,W6Y207,영천동,821900.0,233.0
8073,2018-10,W6Y207,영천동,782550.0,230.0
8074,2018-11,W6Y207,영천동,736650.0,174.0
8075,2018-12,W6Y207,영천동,1009150.0,211.0
8076,2019-01,W6Y207,영천동,946750.0,188.0
8077,2019-02,W6Y207,영천동,680300.0,161.0
8078,2019-03,W6Y207,영천동,,
8079,2019-04,W6Y207,영천동,,
8080,2019-05,W6Y207,영천동,,
8081,2019-06,W6Y207,영천동,,
8082,2019-07,W6Y207,영천동,,
8083,2019-08,W6Y207,영천동,,
8084,2019-09,W6Y207,영천동,,
8085,2019-10,W6Y207,영천동,,
8086,2019-11,W6Y207,영천동,,
8087,2019-12,W6Y207,영천동,,
8088,2020-01,W6Y207,영천동,,
8089,2020-02,W6Y207,영천동,,
8090,2020-03,W6Y207,영천동,,
8091,2020-04,W6Y207,영천동,,
8092,2020-05,W6Y207,영천동,,
8093,2020-06,W6Y207,영천동,,
8094,2020-07,W6Y207,영천동,256250.0,36.0
8095,2020-08,W6Y207,영천동,902000.0,170.0
8096,2020-09,W6Y207,영천동,729250.0,160.0
8097,2020-10,W6Y207,영천동,810600.0,136.0
8098,2020-11,W6Y207,영천동,779400.0,127.0
8099,2020-12,W6Y207,영천동,954850.0,135.0
8100,2021-01,W6Y207,영천동,934950.0,132.0
8101,2021-02,W6Y207,영천동,1369150.0,152.0
8102,2021-03,W6Y207,영천동,1790400.0,185.0
8103,2021-04,W6Y207,영천동,,
8104,2021-05,W6Y207,영천동,1343000.0,231.0
8105,2021-06,W6Y207,영천동,948900.0,243.0
8106,2018-01,W6Y208,영천동,869750.0,245.0
8107,2018-02,W6Y208,영천동,856250.0,241.0
8108,2018-03,W6Y208,영천동,710800.0,237.0
8109,2018-04,W6Y208,영천동,798150.0,193.0
8110,2018-05,W6Y208,영천동,556050.0,209.0
8111,2018-06,W6Y208,영천동,701300.0,272.0
8112,2018-07,W6Y208,영천동,825150.0,354.0
8113,2018-08,W6Y208,영천동,1010850.0,367.0
8114,2018-09,W6Y208,영천동,1079650.0,338.0
8115,2018-10,W6Y208,영천동,1181050.0,315.0
8116,2018-11,W6Y208,영천동,1005150.0,260.0
8117,2018-12,W6Y208,영천동,1244500.0,259.0
8118,2019-01,W6Y208,영천동,514600.0,114.0
8119,2019-02,W6Y208,영천동,553400.0,242.0
8120,2019-03,W6Y208,영천동,1479150.0,666.0
8121,2019-04,W6Y208,영천동,593000.0,246.0
8122,2019-05,W6Y208,영천동,,
8123,2019-06,W6Y208,영천동,,
8124,2019-07,W6Y208,영천동,,
8125,2019-08,W6Y208,영천동,,
8126,2019-09,W6Y208,영천동,,
8127,2019-10,W6Y208,영천동,,
8128,2019-11,W6Y208,영천동,,
8129,2019-12,W6Y208,영천동,,
8130,2020-01,W6Y208,영천동,,
8131,2020-02,W6Y208,영천동,,
8132,2020-03,W6Y208,영천동,,
8133,2020-04,W6Y208,영천동,,
8134,2020-05,W6Y208,영천동,,
8135,2020-06,W6Y208,영천동,,
8136,2020-07,W6Y208,영천동,237400.0,94.0
8137,2020-08,W6Y208,영천동,949350.0,361.0
8138,2020-09,W6Y208,영천동,964650.0,350.0
8139,2020-10,W6Y208,영천동,1001850.0,334.0
8140,2020-11,W6Y208,영천동,1019500.0,275.0
8141,2020-12,W6Y208,영천동,1281950.0,260.0
8142,2021-01,W6Y208,영천동,1135300.0,286.0
8143,2021-02,W6Y208,영천동,976500.0,279.0
8144,2021-03,W6Y208,영천동,903300.0,284.0
8145,2021-04,W6Y208,영천동,,
8146,2021-05,W6Y208,영천동,841000.0,338.0
8147,2021-06,W6Y208,영천동,444650.0,187.0
8148,2018-01,W6Y209,영천동,1797450.0,502.0
8149,2018-02,W6Y209,영천동,1824200.0,440.0
8150,2018-03,W6Y209,영천동,2477700.0,618.0
8151,2018-04,W6Y209,영천동,1728050.0,502.0
8152,2018-05,W6Y209,영천동,1782550.0,598.0
8153,2018-06,W6Y209,영천동,1718200.0,687.0
8154,2018-07,W6Y209,영천동,2089200.0,756.0
8155,2018-08,W6Y209,영천동,1650600.0,604.0
8156,2018-09,W6Y209,영천동,1913650.0,583.0
8157,2018-10,W6Y209,영천동,1639300.0,540.0
8158,2018-11,W6Y209,영천동,1785300.0,641.0
8159,2018-12,W6Y209,영천동,2014200.0,594.0
8160,2019-01,W6Y209,영천동,526600.0,144.0
8161,2019-02,W6Y209,영천동,269250.0,44.0
8162,2019-03,W6Y209,영천동,135100.0,17.0
8163,2019-04,W6Y209,영천동,,
8164,2019-05,W6Y209,영천동,417200.0,151.0
8165,2019-06,W6Y209,영천동,618400.0,241.0
8166,2019-07,W6Y209,영천동,796750.0,231.0
8167,2019-08,W6Y209,영천동,487150.0,143.0
8168,2019-09,W6Y209,영천동,239100.0,89.0
8169,2019-10,W6Y209,영천동,190550.0,64.0
8170,2019-11,W6Y209,영천동,295200.0,108.0
8171,2019-12,W6Y209,영천동,233400.0,81.0
8172,2020-01,W6Y209,영천동,217100.0,51.0
8173,2020-02,W6Y209,영천동,149150.0,48.0
8174,2020-03,W6Y209,영천동,154200.0,59.0
8175,2020-04,W6Y209,영천동,126650.0,49.0
8176,2020-05,W6Y209,영천동,190150.0,72.0
8177,2020-06,W6Y209,영천동,265750.0,83.0
8178,2020-07,W6Y209,영천동,1576850.0,492.0
8179,2020-08,W6Y209,영천동,2667450.0,892.0
8180,2020-09,W6Y209,영천동,2512750.0,885.0
8181,2020-10,W6Y209,영천동,2667900.0,863.0
8182,2020-11,W6Y209,영천동,2576350.0,717.0
8183,2020-12,W6Y209,영천동,2615250.0,763.0
8184,2021-01,W6Y209,영천동,2594350.0,674.0
8185,2021-02,W6Y209,영천동,2114000.0,671.0
8186,2021-03,W6Y209,영천동,2388400.0,694.0
8187,2021-04,W6Y209,영천동,,
8188,2021-05,W6Y209,영천동,2553700.0,832.0
8189,2021-06,W6Y209,영천동,2517150.0,911.0
8190,2018-01,W6Y210,영천동,497050.0,143.0
8191,2018-02,W6Y210,영천동,767850.0,164.0
8192,2018-03,W6Y210,영천동,917100.0,208.0
8193,2018-04,W6Y210,영천동,638450.0,181.0
8194,2018-05,W6Y210,영천동,814200.0,222.0
8195,2018-06,W6Y210,영천동,849000.0,273.0
8196,2018-07,W6Y210,영천동,992350.0,274.0
8197,2018-08,W6Y210,영천동,1049800.0,283.0
8198,2018-09,W6Y210,영천동,780350.0,245.0
8199,2018-10,W6Y210,영천동,862200.0,256.0
8200,2018-11,W6Y210,영천동,881750.0,240.0
8201,2018-12,W6Y210,영천동,542000.0,159.0
8202,2019-01,W6Y210,영천동,656750.0,203.0
8203,2019-02,W6Y210,영천동,833000.0,229.0
8204,2019-03,W6Y210,영천동,782200.0,244.0
8205,2019-04,W6Y210,영천동,611450.0,330.0
8206,2019-05,W6Y210,영천동,1137100.0,683.0
8207,2019-06,W6Y210,영천동,268600.0,160.0
8208,2019-07,W6Y210,영천동,,
8209,2019-08,W6Y210,영천동,,
8210,2019-09,W6Y210,영천동,,
8211,2019-10,W6Y210,영천동,,
8212,2019-11,W6Y210,영천동,,
8213,2019-12,W6Y210,영천동,,
8214,2020-01,W6Y210,영천동,,
8215,2020-02,W6Y210,영천동,,
8216,2020-03,W6Y210,영천동,,
8217,2020-04,W6Y210,영천동,,
8218,2020-05,W6Y210,영천동,,
8219,2020-06,W6Y210,영천동,,
8220,2020-07,W6Y210,영천동,354300.0,149.0
8221,2020-08,W6Y210,영천동,1365350.0,522.0
8222,2020-09,W6Y210,영천동,1073400.0,507.0
8223,2020-10,W6Y210,영천동,1068150.0,484.0
8224,2020-11,W6Y210,영천동,1196050.0,448.0
8225,2020-12,W6Y210,영천동,1211700.0,444.0
8226,2021-01,W6Y210,영천동,1355050.0,436.0
8227,2021-02,W6Y210,영천동,1269750.0,402.0
8228,2021-03,W6Y210,영천동,1137800.0,409.0
8229,2021-04,W6Y210,영천동,,
8230,2021-05,W6Y210,영천동,1268650.0,476.0
8231,2021-06,W6Y210,영천동,1612100.0,540.0
8232,2018-01,W6Y211,영천동,177100.0,64.0
8233,2018-02,W6Y211,영천동,517500.0,117.0
8234,2018-03,W6Y211,영천동,959450.0,190.0
8235,2018-04,W6Y211,영천동,450000.0,132.0
8236,2018-05,W6Y211,영천동,416550.0,156.0
8237,2018-06,W6Y211,영천동,409750.0,172.0
8238,2018-07,W6Y211,영천동,428000.0,180.0
8239,2018-08,W6Y211,영천동,412850.0,184.0
8240,2018-09,W6Y211,영천동,311800.0,163.0
8241,2018-10,W6Y211,영천동,306750.0,139.0
8242,2018-11,W6Y211,영천동,323500.0,141.0
8243,2018-12,W6Y211,영천동,351950.0,134.0
8244,2019-01,W6Y211,영천동,78400.0,25.0
8245,2019-02,W6Y211,영천동,,
8246,2019-03,W6Y211,영천동,,
8247,2019-04,W6Y211,영천동,,
8248,2019-05,W6Y211,영천동,1077800.0,278.0
8249,2019-06,W6Y211,영천동,1614950.0,403.0
8250,2019-07,W6Y211,영천동,2042250.0,508.0
8251,2019-08,W6Y211,영천동,2228150.0,607.0
8252,2019-09,W6Y211,영천동,1669350.0,451.0
8253,2019-10,W6Y211,영천동,1300250.0,389.0
8254,2019-11,W6Y211,영천동,1488450.0,372.0
8255,2019-12,W6Y211,영천동,1636050.0,407.0
8256,2020-01,W6Y211,영천동,1851250.0,477.0
8257,2020-02,W6Y211,영천동,1356050.0,412.0
8258,2020-03,W6Y211,영천동,1777200.0,515.0
8259,2020-04,W6Y211,영천동,1664400.0,492.0
8260,2020-05,W6Y211,영천동,1731300.0,537.0
8261,2020-06,W6Y211,영천동,1941800.0,622.0
8262,2020-07,W6Y211,영천동,2621650.0,798.0
8263,2020-08,W6Y211,영천동,3090300.0,858.0
8264,2020-09,W6Y211,영천동,2531600.0,798.0
8265,2020-10,W6Y211,영천동,2414950.0,873.0
8266,2020-11,W6Y211,영천동,2499500.0,759.0
8267,2020-12,W6Y211,영천동,2029950.0,575.0
8268,2021-01,W6Y211,영천동,2561000.0,705.0
8269,2021-02,W6Y211,영천동,2329950.0,661.0
8270,2021-03,W6Y211,영천동,2902050.0,782.0
8271,2021-04,W6Y211,영천동,,
8272,2021-05,W6Y211,영천동,2543050.0,850.0
8273,2021-06,W6Y211,영천동,2458900.0,868.0
8274,2018-01,W6Y212,영천동,915700.0,187.0
8275,2018-02,W6Y212,영천동,818350.0,155.0
8276,2018-03,W6Y212,영천동,1037900.0,220.0
8277,2018-04,W6Y212,영천동,916200.0,211.0
8278,2018-05,W6Y212,영천동,1007600.0,261.0
8279,2018-06,W6Y212,영천동,1129450.0,311.0
8280,2018-07,W6Y212,영천동,1288150.0,334.0
8281,2018-08,W6Y212,영천동,1477100.0,357.0
8282,2018-09,W6Y212,영천동,1274100.0,313.0
8283,2018-10,W6Y212,영천동,1299650.0,310.0
8284,2018-11,W6Y212,영천동,1078200.0,223.0
8285,2018-12,W6Y212,영천동,904000.0,182.0
8286,2019-01,W6Y212,영천동,103200.0,14.0
8287,2019-02,W6Y212,영천동,,
8288,2019-03,W6Y212,영천동,,
8289,2019-04,W6Y212,영천동,,
8290,2019-05,W6Y212,영천동,1626900.0,414.0
8291,2019-06,W6Y212,영천동,2532950.0,723.0
8292,2019-07,W6Y212,영천동,2805200.0,764.0
8293,2019-08,W6Y212,영천동,2376800.0,787.0
8294,2019-09,W6Y212,영천동,2280150.0,653.0
8295,2019-10,W6Y212,영천동,2190450.0,654.0
8296,2019-11,W6Y212,영천동,2042500.0,620.0
8297,2019-12,W6Y212,영천동,2177600.0,564.0
8298,2020-01,W6Y212,영천동,1608300.0,477.0
8299,2020-02,W6Y212,영천동,1714850.0,499.0
8300,2020-03,W6Y212,영천동,1805350.0,603.0
8301,2020-04,W6Y212,영천동,1502250.0,552.0
8302,2020-05,W6Y212,영천동,1757450.0,633.0
8303,2020-06,W6Y212,영천동,1871000.0,686.0
8304,2020-07,W6Y212,영천동,3038300.0,863.0
8305,2020-08,W6Y212,영천동,6143100.0,1384.0
8306,2020-09,W6Y212,영천동,4148500.0,1117.0
8307,2020-10,W6Y212,영천동,4002100.0,1056.0
8308,2020-11,W6Y212,영천동,4002700.0,1069.0
8309,2020-12,W6Y212,영천동,5194600.0,1201.0
8310,2021-01,W6Y212,영천동,4078600.0,928.0
8311,2021-02,W6Y212,영천동,3927500.0,930.0
8312,2021-03,W6Y212,영천동,4250650.0,1075.0
8313,2021-04,W6Y212,영천동,,
8314,2021-05,W6Y212,영천동,3622550.0,903.0
8315,2021-06,W6Y212,영천동,3190550.0,853.0
8316,2018-01,W6Y213,영천동,396200.0,99.0
8317,2018-02,W6Y213,영천동,548850.0,108.0
8318,2018-03,W6Y213,영천동,650250.0,121.0
8319,2018-04,W6Y213,영천동,1306300.0,125.0
8320,2018-05,W6Y213,영천동,706550.0,130.0
8321,2018-06,W6Y213,영천동,516900.0,118.0
8322,2018-07,W6Y213,영천동,354400.0,83.0
8323,2018-08,W6Y213,영천동,249600.0,85.0
8324,2018-09,W6Y213,영천동,337000.0,81.0
8325,2018-10,W6Y213,영천동,515000.0,124.0
8326,2018-11,W6Y213,영천동,580500.0,101.0
8327,2018-12,W6Y213,영천동,1339800.0,119.0
8328,2019-01,W6Y213,영천동,1175100.0,119.0
8329,2019-02,W6Y213,영천동,815750.0,111.0
8330,2019-03,W6Y213,영천동,1798350.0,170.0
8331,2019-04,W6Y213,영천동,1128650.0,113.0
8332,2019-05,W6Y213,영천동,,
8333,2019-06,W6Y213,영천동,,
8334,2019-07,W6Y213,영천동,,
8335,2019-08,W6Y213,영천동,,
8336,2019-09,W6Y213,영천동,,
8337,2019-10,W6Y213,영천동,,
8338,2019-11,W6Y213,영천동,,
8339,2019-12,W6Y213,영천동,,
8340,2020-01,W6Y213,영천동,,
8341,2020-02,W6Y213,영천동,,
8342,2020-03,W6Y213,영천동,,
8343,2020-04,W6Y213,영천동,,
8344,2020-05,W6Y213,영천동,,
8345,2020-06,W6Y213,영천동,,
8346,2020-07,W6Y213,영천동,298800.0,85.0
8347,2020-08,W6Y213,영천동,1302400.0,320.0
8348,2020-09,W6Y213,영천동,1096150.0,230.0
8349,2020-10,W6Y213,영천동,1296550.0,250.0
8350,2020-11,W6Y213,영천동,1520250.0,277.0
8351,2020-12,W6Y213,영천동,1399600.0,250.0
8352,2021-01,W6Y213,영천동,1005650.0,199.0
8353,2021-02,W6Y213,영천동,1301850.0,214.0
8354,2021-03,W6Y213,영천동,1610950.0,239.0
8355,2021-04,W6Y213,영천동,,
8356,2021-05,W6Y213,영천동,1270400.0,342.0
8357,2021-06,W6Y213,영천동,1221250.0,296.0
8358,2018-01,W6Y214,영천동,4800750.0,499.0
8359,2018-02,W6Y214,영천동,3325050.0,362.0
8360,2018-03,W6Y214,영천동,3732050.0,394.0
8361,2018-04,W6Y214,영천동,3670100.0,374.0
8362,2018-05,W6Y214,영천동,3520250.0,389.0
8363,2018-06,W6Y214,영천동,4201700.0,421.0
8364,2018-07,W6Y214,영천동,5587850.0,544.0
8365,2018-08,W6Y214,영천동,5495900.0,515.0
8366,2018-09,W6Y214,영천동,5354100.0,512.0
8367,2018-10,W6Y214,영천동,4897050.0,472.0
8368,2018-11,W6Y214,영천동,3923550.0,431.0
8369,2018-12,W6Y214,영천동,4371800.0,459.0
8370,2019-01,W6Y214,영천동,837750.0,96.0
8371,2019-02,W6Y214,영천동,,
8372,2019-03,W6Y214,영천동,,
8373,2019-04,W6Y214,영천동,,
8374,2019-05,W6Y214,영천동,6677350.0,1003.0
8375,2019-06,W6Y214,영천동,9972700.0,1576.0
8376,2019-07,W6Y214,영천동,10776950.0,1829.0
8377,2019-08,W6Y214,영천동,10587850.0,1878.0
8378,2019-09,W6Y214,영천동,9124650.0,1577.0
8379,2019-10,W6Y214,영천동,9798900.0,1613.0
8380,2019-11,W6Y214,영천동,10189500.0,1532.0
8381,2019-12,W6Y214,영천동,9896050.0,1383.0
8382,2020-01,W6Y214,영천동,10097200.0,1408.0
8383,2020-02,W6Y214,영천동,7058050.0,1219.0
8384,2020-03,W6Y214,영천동,7175750.0,1291.0
8385,2020-04,W6Y214,영천동,7226750.0,1317.0
8386,2020-05,W6Y214,영천동,9683350.0,1672.0
8387,2020-06,W6Y214,영천동,10002550.0,1765.0
8388,2020-07,W6Y214,영천동,10311850.0,1786.0
8389,2020-08,W6Y214,영천동,13639500.0,2014.0
8390,2020-09,W6Y214,영천동,8916550.0,1387.0
8391,2020-10,W6Y214,영천동,8750500.0,1116.0
8392,2020-11,W6Y214,영천동,8550950.0,1091.0
8393,2020-12,W6Y214,영천동,7832500.0,1015.0
8394,2021-01,W6Y214,영천동,7592200.0,1006.0
8395,2021-02,W6Y214,영천동,7874700.0,1046.0
8396,2021-03,W6Y214,영천동,8850850.0,1268.0
8397,2021-04,W6Y214,영천동,,
8398,2021-05,W6Y214,영천동,6211500.0,893.0
8399,2021-06,W6Y214,영천동,4243350.0,428.0
8400,2018-01,W6Y215,영천동,983400.0,221.0
8401,2018-02,W6Y215,영천동,938200.0,261.0
8402,2018-03,W6Y215,영천동,1059450.0,270.0
8403,2018-04,W6Y215,영천동,1194050.0,287.0
8404,2018-05,W6Y215,영천동,956350.0,283.0
8405,2018-06,W6Y215,영천동,1087500.0,350.0
8406,2018-07,W6Y215,영천동,1408600.0,418.0
8407,2018-08,W6Y215,영천동,1074950.0,391.0
8408,2018-09,W6Y215,영천동,1216150.0,362.0
8409,2018-10,W6Y215,영천동,1173250.0,365.0
8410,2018-11,W6Y215,영천동,1240650.0,356.0
8411,2018-12,W6Y215,영천동,1319250.0,339.0
8412,2019-01,W6Y215,영천동,1235100.0,302.0
8413,2019-02,W6Y215,영천동,1420600.0,367.0
8414,2019-03,W6Y215,영천동,1694050.0,451.0
8415,2019-04,W6Y215,영천동,921450.0,239.0
8416,2019-05,W6Y215,영천동,,
8417,2019-06,W6Y215,영천동,,
8418,2019-07,W6Y215,영천동,,
8419,2019-08,W6Y215,영천동,,
8420,2019-09,W6Y215,영천동,,
8421,2019-10,W6Y215,영천동,,
8422,2019-11,W6Y215,영천동,,
8423,2019-12,W6Y215,영천동,,
8424,2020-01,W6Y215,영천동,,
8425,2020-02,W6Y215,영천동,,
8426,2020-03,W6Y215,영천동,,
8427,2020-04,W6Y215,영천동,,
8428,2020-05,W6Y215,영천동,,
8429,2020-06,W6Y215,영천동,,
8430,2020-07,W6Y215,영천동,577050.0,175.0
8431,2020-08,W6Y215,영천동,2250500.0,678.0
8432,2020-09,W6Y215,영천동,1998150.0,617.0
8433,2020-10,W6Y215,영천동,2241950.0,616.0
8434,2020-11,W6Y215,영천동,2066250.0,535.0
8435,2020-12,W6Y215,영천동,2387950.0,589.0
8436,2021-01,W6Y215,영천동,2947050.0,609.0
8437,2021-02,W6Y215,영천동,2327100.0,562.0
8438,2021-03,W6Y215,영천동,2540300.0,590.0
8439,2021-04,W6Y215,영천동,,
8440,2021-05,W6Y215,영천동,145500.0,32.0
8441,2021-06,W6Y215,영천동,87100.0,28.0
8442,2018-01,W6Y216,영천동,2019650.0,873.0
8443,2018-02,W6Y216,영천동,1793950.0,851.0
8444,2018-03,W6Y216,영천동,1920050.0,925.0
8445,2018-04,W6Y216,영천동,969350.0,526.0
8446,2018-05,W6Y216,영천동,,
8447,2018-06,W6Y216,영천동,101700.0,5.0
8448,2018-07,W6Y216,영천동,10100.0,5.0
8449,2018-08,W6Y216,영천동,7600.0,4.0
8450,2018-09,W6Y216,영천동,15950.0,7.0
8451,2018-10,W6Y216,영천동,27400.0,14.0
8452,2018-11,W6Y216,영천동,15250.0,9.0
8453,2018-12,W6Y216,영천동,5300.0,11.0
8454,2019-01,W6Y216,영천동,94500.0,39.0
8455,2019-02,W6Y216,영천동,138100.0,52.0
8456,2019-03,W6Y216,영천동,69400.0,33.0
8457,2019-04,W6Y216,영천동,360400.0,63.0
8458,2019-05,W6Y216,영천동,357900.0,97.0
8459,2019-06,W6Y216,영천동,54000.0,19.0
8460,2019-07,W6Y216,영천동,,
8461,2019-08,W6Y216,영천동,,
8462,2019-09,W6Y216,영천동,,
8463,2019-10,W6Y216,영천동,,
8464,2019-11,W6Y216,영천동,,
8465,2019-12,W6Y216,영천동,,
8466,2020-01,W6Y216,영천동,,
8467,2020-02,W6Y216,영천동,,
8468,2020-03,W6Y216,영천동,,
8469,2020-04,W6Y216,영천동,,
8470,2020-05,W6Y216,영천동,,
8471,2020-06,W6Y216,영천동,,
8472,2020-07,W6Y216,영천동,507000.0,147.0
8473,2020-08,W6Y216,영천동,1815200.0,614.0
8474,2020-09,W6Y216,영천동,1447650.0,482.0
8475,2020-10,W6Y216,영천동,1668850.0,534.0
8476,2020-11,W6Y216,영천동,1952350.0,544.0
8477,2020-12,W6Y216,영천동,2182800.0,523.0
8478,2021-01,W6Y216,영천동,2202100.0,568.0
8479,2021-02,W6Y216,영천동,1830750.0,466.0
8480,2021-03,W6Y216,영천동,1935100.0,488.0
8481,2021-04,W6Y216,영천동,,
8482,2021-05,W6Y216,영천동,1973750.0,566.0
8483,2021-06,W6Y216,영천동,1750700.0,553.0
8484,2018-01,W6Y217,영천동,1385250.0,134.0
8485,2018-02,W6Y217,영천동,1143800.0,103.0
8486,2018-03,W6Y217,영천동,1429800.0,191.0
8487,2018-04,W6Y217,영천동,1025350.0,136.0
8488,2018-05,W6Y217,영천동,778950.0,103.0
8489,2018-06,W6Y217,영천동,1064450.0,122.0
8490,2018-07,W6Y217,영천동,1235050.0,144.0
8491,2018-08,W6Y217,영천동,761300.0,96.0
8492,2018-09,W6Y217,영천동,1285750.0,133.0
8493,2018-10,W6Y217,영천동,1008450.0,138.0
8494,2018-11,W6Y217,영천동,1239300.0,130.0
8495,2018-12,W6Y217,영천동,964450.0,91.0
8496,2019-01,W6Y217,영천동,935200.0,82.0
8497,2019-02,W6Y217,영천동,,
8498,2019-03,W6Y217,영천동,176750.0,80.0
8499,2019-04,W6Y217,영천동,216500.0,122.0
8500,2019-05,W6Y217,영천동,241400.0,110.0
8501,2019-06,W6Y217,영천동,23000.0,16.0
8502,2019-07,W6Y217,영천동,,
8503,2019-08,W6Y217,영천동,,
8504,2019-09,W6Y217,영천동,,
8505,2019-10,W6Y217,영천동,,
8506,2019-11,W6Y217,영천동,,
8507,2019-12,W6Y217,영천동,,
8508,2020-01,W6Y217,영천동,,
8509,2020-02,W6Y217,영천동,,
8510,2020-03,W6Y217,영천동,,
8511,2020-04,W6Y217,영천동,,
8512,2020-05,W6Y217,영천동,,
8513,2020-06,W6Y217,영천동,,
8514,2020-07,W6Y217,영천동,836750.0,67.0
8515,2020-08,W6Y217,영천동,3377350.0,292.0
8516,2020-09,W6Y217,영천동,3789600.0,324.0
8517,2020-10,W6Y217,영천동,3673100.0,320.0
8518,2020-11,W6Y217,영천동,3810200.0,323.0
8519,2020-12,W6Y217,영천동,4002800.0,306.0
8520,2021-01,W6Y217,영천동,3573600.0,276.0
8521,2021-02,W6Y217,영천동,2507850.0,220.0
8522,2021-03,W6Y217,영천동,2901100.0,210.0
8523,2021-04,W6Y217,영천동,,
8524,2021-05,W6Y217,영천동,2818000.0,214.0
8525,2021-06,W6Y217,영천동,2413500.0,198.0
8526,2018-01,W6Y218,대륜동,,
8527,2018-02,W6Y218,대륜동,,
8528,2018-03,W6Y218,대륜동,,
8529,2018-04,W6Y218,대륜동,409800.0,143.0
8530,2018-05,W6Y218,대륜동,1134650.0,295.0
8531,2018-06,W6Y218,대륜동,941000.0,245.0
8532,2018-07,W6Y218,대륜동,823850.0,297.0
8533,2018-08,W6Y218,대륜동,534750.0,233.0
8534,2018-09,W6Y218,대륜동,326400.0,158.0
8535,2018-10,W6Y218,대륜동,437250.0,202.0
8536,2018-11,W6Y218,대륜동,703250.0,278.0
8537,2018-12,W6Y218,대륜동,873450.0,283.0
8538,2019-01,W6Y218,대륜동,930850.0,293.0
8539,2019-02,W6Y218,대륜동,690400.0,199.0
8540,2019-03,W6Y218,대륜동,683700.0,223.0
8541,2019-04,W6Y218,대륜동,713300.0,197.0
8542,2019-05,W6Y218,대륜동,278650.0,84.0
8543,2019-06,W6Y218,대륜동,,
8544,2019-07,W6Y218,대륜동,,
8545,2019-08,W6Y218,대륜동,,
8546,2019-09,W6Y218,대륜동,,
8547,2019-10,W6Y218,대륜동,,
8548,2019-11,W6Y218,대륜동,,
8549,2019-12,W6Y218,대륜동,,
8550,2020-01,W6Y218,대륜동,,
8551,2020-02,W6Y218,대륜동,,
8552,2020-03,W6Y218,대륜동,,
8553,2020-04,W6Y218,대륜동,,
8554,2020-05,W6Y218,대륜동,,
8555,2020-06,W6Y218,대륜동,,
8556,2020-07,W6Y218,대륜동,,
8557,2020-08,W6Y218,대륜동,,
8558,2020-09,W6Y218,대륜동,,
8559,2020-10,W6Y218,대륜동,,
8560,2020-11,W6Y218,대륜동,,
8561,2020-12,W6Y218,대륜동,,
8562,2021-01,W6Y218,대륜동,,
8563,2021-02,W6Y218,대륜동,,
8564,2021-03,W6Y218,대륜동,,
8565,2021-04,W6Y218,대륜동,,
8566,2021-05,W6Y218,대륜동,,
8567,2021-06,W6Y218,대륜동,,
8568,2018-01,W6Y220,중문동,1390300.0,362.0
8569,2018-02,W6Y220,중문동,1535950.0,358.0
8570,2018-03,W6Y220,중문동,1784650.0,410.0
8571,2018-04,W6Y220,중문동,1832350.0,421.0
8572,2018-05,W6Y220,중문동,1381200.0,301.0
8573,2018-06,W6Y220,중문동,1345050.0,339.0
8574,2018-07,W6Y220,중문동,1170000.0,330.0
8575,2018-08,W6Y220,중문동,1113000.0,323.0
8576,2018-09,W6Y220,중문동,894100.0,314.0
8577,2018-10,W6Y220,중문동,568600.0,190.0
8578,2018-11,W6Y220,중문동,750600.0,203.0
8579,2018-12,W6Y220,중문동,803250.0,209.0
8580,2019-01,W6Y220,중문동,596450.0,152.0
8581,2019-02,W6Y220,중문동,601700.0,146.0
8582,2019-03,W6Y220,중문동,335500.0,106.0
8583,2019-04,W6Y220,중문동,525650.0,174.0
8584,2019-05,W6Y220,중문동,632850.0,198.0
8585,2019-06,W6Y220,중문동,2150449.0,547.0
8586,2019-07,W6Y220,중문동,2231149.0,658.0
8587,2019-08,W6Y220,중문동,2072249.0,657.0
8588,2019-09,W6Y220,중문동,1824999.0,619.0
8589,2019-10,W6Y220,중문동,1799900.0,605.0
8590,2019-11,W6Y220,중문동,1692400.0,510.0
8591,2019-12,W6Y220,중문동,1783998.0,480.0
8592,2020-01,W6Y220,중문동,1989249.0,505.0
8593,2020-02,W6Y220,중문동,1746050.0,478.0
8594,2020-03,W6Y220,중문동,1771049.0,527.0
8595,2020-04,W6Y220,중문동,1569849.0,516.0
8596,2020-05,W6Y220,중문동,1714200.0,605.0
8597,2020-06,W6Y220,중문동,1734148.0,658.0
8598,2020-07,W6Y220,중문동,2028349.0,694.0
8599,2020-08,W6Y220,중문동,2238400.0,717.0
8600,2020-09,W6Y220,중문동,1914600.0,721.0
8601,2020-10,W6Y220,중문동,1815850.0,651.0
8602,2020-11,W6Y220,중문동,1802450.0,563.0
8603,2020-12,W6Y220,중문동,1581400.0,524.0
8604,2021-01,W6Y220,중문동,1755650.0,537.0
8605,2021-02,W6Y220,중문동,1857400.0,502.0
8606,2021-03,W6Y220,중문동,1766950.0,538.0
8607,2021-04,W6Y220,중문동,,
8608,2021-05,W6Y220,중문동,1854200.0,620.0
8609,2021-06,W6Y220,중문동,1855500.0,681.0
8610,2018-01,W6Y221,중문동,194850.0,24.0
8611,2018-02,W6Y221,중문동,61200.0,12.0
8612,2018-03,W6Y221,중문동,94150.0,27.0
8613,2018-04,W6Y221,중문동,211950.0,27.0
8614,2018-05,W6Y221,중문동,139100.0,26.0
8615,2018-06,W6Y221,중문동,93900.0,27.0
8616,2018-07,W6Y221,중문동,,
8617,2018-08,W6Y221,중문동,,
8618,2018-09,W6Y221,중문동,,
8619,2018-10,W6Y221,중문동,,
8620,2018-11,W6Y221,중문동,,
8621,2018-12,W6Y221,중문동,,
8622,2019-01,W6Y221,중문동,,
8623,2019-02,W6Y221,중문동,,
8624,2019-03,W6Y221,중문동,,
8625,2019-04,W6Y221,중문동,,
8626,2019-05,W6Y221,중문동,71150.0,24.0
8627,2019-06,W6Y221,중문동,1305250.0,407.0
8628,2019-07,W6Y221,중문동,1273000.0,464.0
8629,2019-08,W6Y221,중문동,1407500.0,458.0
8630,2019-09,W6Y221,중문동,1288199.0,441.0
8631,2019-10,W6Y221,중문동,1003050.0,380.0
8632,2019-11,W6Y221,중문동,839200.0,319.0
8633,2019-12,W6Y221,중문동,834699.0,300.0
8634,2020-01,W6Y221,중문동,945300.0,334.0
8635,2020-02,W6Y221,중문동,848100.0,328.0
8636,2020-03,W6Y221,중문동,806600.0,376.0
8637,2020-04,W6Y221,중문동,734600.0,376.0
8638,2020-05,W6Y221,중문동,848350.0,435.0
8639,2020-06,W6Y221,중문동,935550.0,451.0
8640,2020-07,W6Y221,중문동,925600.0,472.0
8641,2020-08,W6Y221,중문동,1033800.0,459.0
8642,2020-09,W6Y221,중문동,674950.0,383.0
8643,2020-10,W6Y221,중문동,874300.0,463.0
8644,2020-11,W6Y221,중문동,720850.0,381.0
8645,2020-12,W6Y221,중문동,747950.0,367.0
8646,2021-01,W6Y221,중문동,812300.0,379.0
8647,2021-02,W6Y221,중문동,836550.0,400.0
8648,2021-03,W6Y221,중문동,980800.0,430.0
8649,2021-04,W6Y221,중문동,,
8650,2021-05,W6Y221,중문동,981650.0,475.0
8651,2021-06,W6Y221,중문동,855950.0,404.0
8652,2018-01,W6Y222,중문동,1708550.0,732.0
8653,2018-02,W6Y222,중문동,1623600.0,686.0
8654,2018-03,W6Y222,중문동,1919100.0,797.0
8655,2018-04,W6Y222,중문동,1817650.0,806.0
8656,2018-05,W6Y222,중문동,1886700.0,967.0
8657,2018-06,W6Y222,중문동,2499700.0,1248.0
8658,2018-07,W6Y222,중문동,3569650.0,1460.0
8659,2018-08,W6Y222,중문동,3070850.0,1297.0
8660,2018-09,W6Y222,중문동,2594950.0,1215.0
8661,2018-10,W6Y222,중문동,2467450.0,1043.0
8662,2018-11,W6Y222,중문동,2256750.0,961.0
8663,2018-12,W6Y222,중문동,2687250.0,971.0
8664,2019-01,W6Y222,중문동,2700900.0,954.0
8665,2019-02,W6Y222,중문동,2727300.0,958.0
8666,2019-03,W6Y222,중문동,2491150.0,920.0
8667,2019-04,W6Y222,중문동,2425300.0,913.0
8668,2019-05,W6Y222,중문동,2515300.0,994.0
8669,2019-06,W6Y222,중문동,2670499.0,1248.0
8670,2019-07,W6Y222,중문동,2804149.0,1395.0
8671,2019-08,W6Y222,중문동,3049550.0,1480.0
8672,2019-09,W6Y222,중문동,2581999.0,1247.0
8673,2019-10,W6Y222,중문동,2160650.0,1208.0
8674,2019-11,W6Y222,중문동,2320949.0,1213.0
8675,2019-12,W6Y222,중문동,2415750.0,1120.0
8676,2020-01,W6Y222,중문동,2876749.0,1233.0
8677,2020-02,W6Y222,중문동,2614749.0,1151.0
8678,2020-03,W6Y222,중문동,2738400.0,1352.0
8679,2020-04,W6Y222,중문동,2165649.0,1138.0
8680,2020-05,W6Y222,중문동,2625299.0,1360.0
8681,2020-06,W6Y222,중문동,2833449.0,1400.0
8682,2020-07,W6Y222,중문동,3020600.0,1408.0
8683,2020-08,W6Y222,중문동,3429750.0,1505.0
8684,2020-09,W6Y222,중문동,2870700.0,1424.0
8685,2020-10,W6Y222,중문동,2585150.0,1268.0
8686,2020-11,W6Y222,중문동,2259500.0,935.0
8687,2020-12,W6Y222,중문동,2607600.0,1005.0
8688,2021-01,W6Y222,중문동,2947750.0,1069.0
8689,2021-02,W6Y222,중문동,2931450.0,1119.0
8690,2021-03,W6Y222,중문동,3211350.0,1241.0
8691,2021-04,W6Y222,중문동,,
8692,2021-05,W6Y222,중문동,3556250.0,1450.0
8693,2021-06,W6Y222,중문동,3148250.0,1402.0
8694,2018-01,W6Y223,중문동,1221200.0,336.0
8695,2018-02,W6Y223,중문동,1040650.0,329.0
8696,2018-03,W6Y223,중문동,1362800.0,357.0
8697,2018-04,W6Y223,중문동,973100.0,326.0
8698,2018-05,W6Y223,중문동,1307850.0,441.0
8699,2018-06,W6Y223,중문동,1153250.0,397.0
8700,2018-07,W6Y223,중문동,1206100.0,468.0
8701,2018-08,W6Y223,중문동,1351300.0,471.0
8702,2018-09,W6Y223,중문동,1186700.0,459.0
8703,2018-10,W6Y223,중문동,1143850.0,423.0
8704,2018-11,W6Y223,중문동,1249950.0,383.0
8705,2018-12,W6Y223,중문동,1251450.0,394.0
8706,2019-01,W6Y223,중문동,1048000.0,340.0
8707,2019-02,W6Y223,중문동,829850.0,252.0
8708,2019-03,W6Y223,중문동,617750.0,231.0
8709,2019-04,W6Y223,중문동,627900.0,251.0
8710,2019-05,W6Y223,중문동,1168300.0,464.0
8711,2019-06,W6Y223,중문동,1645050.0,738.0
8712,2019-07,W6Y223,중문동,1590800.0,769.0
8713,2019-08,W6Y223,중문동,1700200.0,751.0
8714,2019-09,W6Y223,중문동,1403750.0,698.0
8715,2019-10,W6Y223,중문동,1504499.0,665.0
8716,2019-11,W6Y223,중문동,1525750.0,641.0
8717,2019-12,W6Y223,중문동,1575000.0,597.0
8718,2020-01,W6Y223,중문동,1558650.0,615.0
8719,2020-02,W6Y223,중문동,1398550.0,572.0
8720,2020-03,W6Y223,중문동,1651800.0,659.0
8721,2020-04,W6Y223,중문동,1266800.0,603.0
8722,2020-05,W6Y223,중문동,1417600.0,689.0
8723,2020-06,W6Y223,중문동,1300750.0,675.0
8724,2020-07,W6Y223,중문동,1363949.0,779.0
8725,2020-08,W6Y223,중문동,1641750.0,809.0
8726,2020-09,W6Y223,중문동,1840450.0,765.0
8727,2020-10,W6Y223,중문동,1364600.0,674.0
8728,2020-11,W6Y223,중문동,2003850.0,664.0
8729,2020-12,W6Y223,중문동,1806250.0,584.0
8730,2021-01,W6Y223,중문동,1418900.0,480.0
8731,2021-02,W6Y223,중문동,,
8732,2021-03,W6Y223,중문동,,
8733,2021-04,W6Y223,중문동,,
8734,2021-05,W6Y223,중문동,,
8735,2021-06,W6Y223,중문동,3600.0,4.0
8736,2018-01,W6Y224,중문동,3840150.0,1044.0
8737,2018-02,W6Y224,중문동,3150750.0,852.0
8738,2018-03,W6Y224,중문동,4330250.0,1166.0
8739,2018-04,W6Y224,중문동,4053650.0,1133.0
8740,2018-05,W6Y224,중문동,3675150.0,1154.0
8741,2018-06,W6Y224,중문동,4113100.0,1245.0
8742,2018-07,W6Y224,중문동,4562200.0,1495.0
8743,2018-08,W6Y224,중문동,3346750.0,1151.0
8744,2018-09,W6Y224,중문동,2410100.0,830.0
8745,2018-10,W6Y224,중문동,2567200.0,797.0
8746,2018-11,W6Y224,중문동,2140350.0,576.0
8747,2018-12,W6Y224,중문동,206850.0,44.0
8748,2019-01,W6Y224,중문동,708900.0,202.0
8749,2019-02,W6Y224,중문동,1033400.0,302.0
8750,2019-03,W6Y224,중문동,855850.0,253.0
8751,2019-04,W6Y224,중문동,1170600.0,297.0
8752,2019-05,W6Y224,중문동,332849.0,107.0
8753,2019-06,W6Y224,중문동,6664945.0,1712.0
8754,2019-07,W6Y224,중문동,6691197.0,1817.0
8755,2019-08,W6Y224,중문동,7091349.0,1949.0
8756,2019-09,W6Y224,중문동,6605999.0,1829.0
8757,2019-10,W6Y224,중문동,5923449.0,1614.0
8758,2019-11,W6Y224,중문동,5767299.0,1500.0
8759,2019-12,W6Y224,중문동,5754798.0,1478.0
8760,2020-01,W6Y224,중문동,6073099.0,1536.0
8761,2020-02,W6Y224,중문동,5121149.0,1425.0
8762,2020-03,W6Y224,중문동,5161848.0,1541.0
8763,2020-04,W6Y224,중문동,5591446.0,1562.0
8764,2020-05,W6Y224,중문동,6188648.0,1759.0
8765,2020-06,W6Y224,중문동,6133899.0,1775.0
8766,2020-07,W6Y224,중문동,3910300.0,1344.0
8767,2020-08,W6Y224,중문동,6274400.0,2261.0
8768,2020-09,W6Y224,중문동,4323450.0,1683.0
8769,2020-10,W6Y224,중문동,5527450.0,2000.0
8770,2020-11,W6Y224,중문동,5325350.0,1770.0
8771,2020-12,W6Y224,중문동,5191300.0,1740.0
8772,2021-01,W6Y224,중문동,5080550.0,1735.0
8773,2021-02,W6Y224,중문동,6854650.0,2061.0
8774,2021-03,W6Y224,중문동,6505100.0,2128.0
8775,2021-04,W6Y224,중문동,,
8776,2021-05,W6Y224,중문동,7479900.0,2590.0
8777,2021-06,W6Y224,중문동,7136450.0,2671.0
8778,2018-01,W6Y225,중문동,,
8779,2018-02,W6Y225,중문동,,
8780,2018-03,W6Y225,중문동,,
8781,2018-04,W6Y225,중문동,,
8782,2018-05,W6Y225,중문동,,
8783,2018-06,W6Y225,중문동,,
8784,2018-07,W6Y225,중문동,,
8785,2018-08,W6Y225,중문동,,
8786,2018-09,W6Y225,중문동,,
8787,2018-10,W6Y225,중문동,,
8788,2018-11,W6Y225,중문동,,
8789,2018-12,W6Y225,중문동,,
8790,2019-01,W6Y225,중문동,,
8791,2019-02,W6Y225,중문동,,
8792,2019-03,W6Y225,중문동,,
8793,2019-04,W6Y225,중문동,,
8794,2019-05,W6Y225,중문동,,
8795,2019-06,W6Y225,중문동,,
8796,2019-07,W6Y225,중문동,,
8797,2019-08,W6Y225,중문동,,
8798,2019-09,W6Y225,중문동,,
8799,2019-10,W6Y225,중문동,,
8800,2019-11,W6Y225,중문동,,
8801,2019-12,W6Y225,중문동,,
8802,2020-01,W6Y225,중문동,,
8803,2020-02,W6Y225,중문동,,
8804,2020-03,W6Y225,중문동,,
8805,2020-04,W6Y225,중문동,,
8806,2020-05,W6Y225,중문동,,
8807,2020-06,W6Y225,중문동,,
8808,2020-07,W6Y225,중문동,,
8809,2020-08,W6Y225,중문동,,
8810,2020-09,W6Y225,중문동,,
8811,2020-10,W6Y225,중문동,,
8812,2020-11,W6Y225,중문동,,
8813,2020-12,W6Y225,중문동,,
8814,2021-01,W6Y225,중문동,,
8815,2021-02,W6Y225,중문동,,
8816,2021-03,W6Y225,중문동,,
8817,2021-04,W6Y225,중문동,,
8818,2021-05,W6Y225,중문동,,
8819,2021-06,W6Y225,중문동,,
8820,2018-01,W6Y226,중문동,6897650.0,1478.0
8821,2018-02,W6Y226,중문동,4498650.0,955.0
8822,2018-03,W6Y226,중문동,4130200.0,848.0
8823,2018-04,W6Y226,중문동,3400500.0,649.0
8824,2018-05,W6Y226,중문동,2656400.0,445.0
8825,2018-06,W6Y226,중문동,2702700.0,555.0
8826,2018-07,W6Y226,중문동,3392800.0,697.0
8827,2018-08,W6Y226,중문동,3336150.0,693.0
8828,2018-09,W6Y226,중문동,2907900.0,722.0
8829,2018-10,W6Y226,중문동,3264300.0,657.0
8830,2018-11,W6Y226,중문동,2957250.0,622.0
8831,2018-12,W6Y226,중문동,3004950.0,573.0
8832,2019-01,W6Y226,중문동,2080150.0,372.0
8833,2019-02,W6Y226,중문동,771700.0,129.0
8834,2019-03,W6Y226,중문동,,
8835,2019-04,W6Y226,중문동,,
8836,2019-05,W6Y226,중문동,4457650.0,965.0
8837,2019-06,W6Y226,중문동,10801745.0,2431.0
8838,2019-07,W6Y226,중문동,12412895.0,2811.0
8839,2019-08,W6Y226,중문동,13836312.0,3040.0
8840,2019-09,W6Y226,중문동,11111542.0,2619.0
8841,2019-10,W6Y226,중문동,11679693.0,2485.0
8842,2019-11,W6Y226,중문동,11708645.0,2317.0
8843,2019-12,W6Y226,중문동,11892747.0,2341.0
8844,2020-01,W6Y226,중문동,12790697.0,2352.0
8845,2020-02,W6Y226,중문동,11583449.0,2169.0
8846,2020-03,W6Y226,중문동,12061792.0,2431.0
8847,2020-04,W6Y226,중문동,11584847.0,2413.0
8848,2020-05,W6Y226,중문동,12629196.0,2737.0
8849,2020-06,W6Y226,중문동,10982795.0,2704.0
8850,2020-07,W6Y226,중문동,9761498.0,2644.0
8851,2020-08,W6Y226,중문동,9115400.0,2540.0
8852,2020-09,W6Y226,중문동,8429200.0,2365.0
8853,2020-10,W6Y226,중문동,8831400.0,2362.0
8854,2020-11,W6Y226,중문동,8700750.0,2124.0
8855,2020-12,W6Y226,중문동,7688000.0,2076.0
8856,2021-01,W6Y226,중문동,7316000.0,1957.0
8857,2021-02,W6Y226,중문동,7668500.0,1917.0
8858,2021-03,W6Y226,중문동,9698700.0,2258.0
8859,2021-04,W6Y226,중문동,,
8860,2021-05,W6Y226,중문동,9665250.0,2445.0
8861,2021-06,W6Y226,중문동,7948300.0,2489.0
8862,2018-01,W6Y227,중문동,705900.0,165.0
8863,2018-02,W6Y227,중문동,1728850.0,346.0
8864,2018-03,W6Y227,중문동,1874950.0,376.0
8865,2018-04,W6Y227,중문동,1374400.0,327.0
8866,2018-05,W6Y227,중문동,1657200.0,390.0
8867,2018-06,W6Y227,중문동,1601400.0,439.0
8868,2018-07,W6Y227,중문동,1902050.0,539.0
8869,2018-08,W6Y227,중문동,1979750.0,547.0
8870,2018-09,W6Y227,중문동,1724400.0,506.0
8871,2018-10,W6Y227,중문동,1507650.0,444.0
8872,2018-11,W6Y227,중문동,1364350.0,380.0
8873,2018-12,W6Y227,중문동,251750.0,57.0
8874,2019-01,W6Y227,중문동,,
8875,2019-02,W6Y227,중문동,55800.0,10.0
8876,2019-03,W6Y227,중문동,771550.0,191.0
8877,2019-04,W6Y227,중문동,316350.0,56.0
8878,2019-05,W6Y227,중문동,,
8879,2019-06,W6Y227,중문동,5180350.0,1283.0
8880,2019-07,W6Y227,중문동,5674000.0,1480.0
8881,2019-08,W6Y227,중문동,6334091.0,1548.0
8882,2019-09,W6Y227,중문동,5168997.0,1389.0
8883,2019-10,W6Y227,중문동,5716948.0,1513.0
8884,2019-11,W6Y227,중문동,5706899.0,1478.0
8885,2019-12,W6Y227,중문동,5835196.0,1392.0
8886,2020-01,W6Y227,중문동,6626099.0,1443.0
8887,2020-02,W6Y227,중문동,4727649.0,1253.0
8888,2020-03,W6Y227,중문동,4844946.0,1397.0
8889,2020-04,W6Y227,중문동,5467148.0,1499.0
8890,2020-05,W6Y227,중문동,5852696.0,1648.0
8891,2020-06,W6Y227,중문동,5550395.0,1566.0
8892,2020-07,W6Y227,중문동,6050799.0,1765.0
8893,2020-08,W6Y227,중문동,7024850.0,1919.0
8894,2020-09,W6Y227,중문동,5430150.0,1768.0
8895,2020-10,W6Y227,중문동,5623150.0,1663.0
8896,2020-11,W6Y227,중문동,3434350.0,950.0
8897,2020-12,W6Y227,중문동,,
8898,2021-01,W6Y227,중문동,,
8899,2021-02,W6Y227,중문동,,
8900,2021-03,W6Y227,중문동,,
8901,2021-04,W6Y227,중문동,,
8902,2021-05,W6Y227,중문동,,
8903,2021-06,W6Y227,중문동,,
8904,2018-01,W6Y228,중문동,3029550.0,719.0
8905,2018-02,W6Y228,중문동,2367950.0,603.0
8906,2018-03,W6Y228,중문동,2769600.0,731.0
8907,2018-04,W6Y228,중문동,2598650.0,746.0
8908,2018-05,W6Y228,중문동,3155300.0,961.0
8909,2018-06,W6Y228,중문동,2728400.0,896.0
8910,2018-07,W6Y228,중문동,3448450.0,1084.0
8911,2018-08,W6Y228,중문동,3154900.0,1013.0
8912,2018-09,W6Y228,중문동,2028950.0,714.0
8913,2018-10,W6Y228,중문동,1832050.0,662.0
8914,2018-11,W6Y228,중문동,1822800.0,569.0
8915,2018-12,W6Y228,중문동,1956400.0,558.0
8916,2019-01,W6Y228,중문동,2295700.0,686.0
8917,2019-02,W6Y228,중문동,2570700.0,805.0
8918,2019-03,W6Y228,중문동,2607850.0,813.0
8919,2019-04,W6Y228,중문동,2771850.0,874.0
8920,2019-05,W6Y228,중문동,2784400.0,926.0
8921,2019-06,W6Y228,중문동,3080750.0,1083.0
8922,2019-07,W6Y228,중문동,3308998.0,1187.0
8923,2019-08,W6Y228,중문동,3709998.0,1249.0
8924,2019-09,W6Y228,중문동,3027799.0,1097.0
8925,2019-10,W6Y228,중문동,2838600.0,1029.0
8926,2019-11,W6Y228,중문동,2977700.0,971.0
8927,2019-12,W6Y228,중문동,3118098.0,890.0
8928,2020-01,W6Y228,중문동,3172299.0,943.0
8929,2020-02,W6Y228,중문동,3057546.0,938.0
8930,2020-03,W6Y228,중문동,3064550.0,973.0
8931,2020-04,W6Y228,중문동,2427448.0,906.0
8932,2020-05,W6Y228,중문동,2999097.0,1111.0
8933,2020-06,W6Y228,중문동,3395650.0,1231.0
8934,2020-07,W6Y228,중문동,3474298.0,1292.0
8935,2020-08,W6Y228,중문동,3541200.0,1359.0
8936,2020-09,W6Y228,중문동,3113150.0,1243.0
8937,2020-10,W6Y228,중문동,2865450.0,1154.0
8938,2020-11,W6Y228,중문동,2555850.0,1047.0
8939,2020-12,W6Y228,중문동,2974550.0,1052.0
8940,2021-01,W6Y228,중문동,2757201.0,1014.0
8941,2021-02,W6Y228,중문동,2881000.0,960.0
8942,2021-03,W6Y228,중문동,3087850.0,1081.0
8943,2021-04,W6Y228,중문동,,
8944,2021-05,W6Y228,중문동,3353350.0,1278.0
8945,2021-06,W6Y228,중문동,3011200.0,1169.0
8946,2018-01,W6Y229,중문동,2219850.0,666.0
8947,2018-02,W6Y229,중문동,1813250.0,583.0
8948,2018-03,W6Y229,중문동,2099250.0,639.0
8949,2018-04,W6Y229,중문동,1998950.0,605.0
8950,2018-05,W6Y229,중문동,1967750.0,709.0
8951,2018-06,W6Y229,중문동,2739900.0,813.0
8952,2018-07,W6Y229,중문동,2654950.0,821.0
8953,2018-08,W6Y229,중문동,2784250.0,840.0
8954,2018-09,W6Y229,중문동,2207150.0,750.0
8955,2018-10,W6Y229,중문동,2419600.0,709.0
8956,2018-11,W6Y229,중문동,2584650.0,726.0
8957,2018-12,W6Y229,중문동,2571850.0,713.0
8958,2019-01,W6Y229,중문동,2352750.0,646.0
8959,2019-02,W6Y229,중문동,2061350.0,553.0
8960,2019-03,W6Y229,중문동,2125600.0,600.0
8961,2019-04,W6Y229,중문동,2071400.0,631.0
8962,2019-05,W6Y229,중문동,2160700.0,687.0
8963,2019-06,W6Y229,중문동,2415199.0,692.0
8964,2019-07,W6Y229,중문동,2533300.0,836.0
8965,2019-08,W6Y229,중문동,2154200.0,808.0
8966,2019-09,W6Y229,중문동,1847250.0,788.0
8967,2019-10,W6Y229,중문동,1858100.0,778.0
8968,2019-11,W6Y229,중문동,1848950.0,732.0
8969,2019-12,W6Y229,중문동,1810450.0,643.0
8970,2020-01,W6Y229,중문동,1768900.0,661.0
8971,2020-02,W6Y229,중문동,1481999.0,607.0
8972,2020-03,W6Y229,중문동,1437550.0,583.0
8973,2020-04,W6Y229,중문동,1615750.0,612.0
8974,2020-05,W6Y229,중문동,1570850.0,638.0
8975,2020-06,W6Y229,중문동,1477600.0,648.0
8976,2020-07,W6Y229,중문동,1967800.0,807.0
8977,2020-08,W6Y229,중문동,2121100.0,817.0
8978,2020-09,W6Y229,중문동,1611800.0,673.0
8979,2020-10,W6Y229,중문동,1768300.0,643.0
8980,2020-11,W6Y229,중문동,1769500.0,539.0
8981,2020-12,W6Y229,중문동,1690500.0,516.0
8982,2021-01,W6Y229,중문동,1601250.0,559.0
8983,2021-02,W6Y229,중문동,1585350.0,582.0
8984,2021-03,W6Y229,중문동,1793250.0,623.0
8985,2021-04,W6Y229,중문동,,
8986,2021-05,W6Y229,중문동,2706850.0,685.0
8987,2021-06,W6Y229,중문동,2714250.0,683.0
8988,2018-01,W6Y230,중문동,1705550.0,558.0
8989,2018-02,W6Y230,중문동,1273800.0,472.0
8990,2018-03,W6Y230,중문동,1245750.0,479.0
8991,2018-04,W6Y230,중문동,1305000.0,542.0
8992,2018-05,W6Y230,중문동,1609850.0,625.0
8993,2018-06,W6Y230,중문동,1354650.0,690.0
8994,2018-07,W6Y230,중문동,1837450.0,831.0
8995,2018-08,W6Y230,중문동,1564900.0,689.0
8996,2018-09,W6Y230,중문동,1571700.0,660.0
8997,2018-10,W6Y230,중문동,1473500.0,674.0
8998,2018-11,W6Y230,중문동,1472550.0,679.0
8999,2018-12,W6Y230,중문동,1636300.0,656.0
9000,2019-01,W6Y230,중문동,1506850.0,621.0
9001,2019-02,W6Y230,중문동,1383700.0,566.0
9002,2019-03,W6Y230,중문동,1243550.0,546.0
9003,2019-04,W6Y230,중문동,1319850.0,613.0
9004,2019-05,W6Y230,중문동,1468750.0,650.0
9005,2019-06,W6Y230,중문동,1783900.0,706.0
9006,2019-07,W6Y230,중문동,1750250.0,713.0
9007,2019-08,W6Y230,중문동,1682800.0,776.0
9008,2019-09,W6Y230,중문동,1422549.0,640.0
9009,2019-10,W6Y230,중문동,1299500.0,680.0
9010,2019-11,W6Y230,중문동,1205500.0,561.0
9011,2019-12,W6Y230,중문동,1631099.0,612.0
9012,2020-01,W6Y230,중문동,1641700.0,585.0
9013,2020-02,W6Y230,중문동,1438650.0,532.0
9014,2020-03,W6Y230,중문동,1658450.0,628.0
9015,2020-04,W6Y230,중문동,1439799.0,603.0
9016,2020-05,W6Y230,중문동,1586949.0,676.0
9017,2020-06,W6Y230,중문동,1574849.0,682.0
9018,2020-07,W6Y230,중문동,1378350.0,654.0
9019,2020-08,W6Y230,중문동,2373449.0,936.0
9020,2020-09,W6Y230,중문동,2528949.0,916.0
9021,2020-10,W6Y230,중문동,2719050.0,912.0
9022,2020-11,W6Y230,중문동,2207650.0,752.0
9023,2020-12,W6Y230,중문동,1891950.0,755.0
9024,2021-01,W6Y230,중문동,1914500.0,738.0
9025,2021-02,W6Y230,중문동,1780050.0,693.0
9026,2021-03,W6Y230,중문동,2105900.0,776.0
9027,2021-04,W6Y230,중문동,,
9028,2021-05,W6Y230,중문동,2529700.0,895.0
9029,2021-06,W6Y230,중문동,2603250.0,961.0
9030,2018-01,W6Y231,중문동,1831550.0,503.0
9031,2018-02,W6Y231,중문동,1717150.0,484.0
9032,2018-03,W6Y231,중문동,2166050.0,603.0
9033,2018-04,W6Y231,중문동,2091500.0,569.0
9034,2018-05,W6Y231,중문동,2014500.0,588.0
9035,2018-06,W6Y231,중문동,2158950.0,641.0
9036,2018-07,W6Y231,중문동,2075100.0,734.0
9037,2018-08,W6Y231,중문동,2095350.0,717.0
9038,2018-09,W6Y231,중문동,1895550.0,673.0
9039,2018-10,W6Y231,중문동,1852950.0,619.0
9040,2018-11,W6Y231,중문동,1801850.0,584.0
9041,2018-12,W6Y231,중문동,2053100.0,599.0
9042,2019-01,W6Y231,중문동,1962500.0,599.0
9043,2019-02,W6Y231,중문동,1993050.0,593.0
9044,2019-03,W6Y231,중문동,1972450.0,526.0
9045,2019-04,W6Y231,중문동,1540200.0,497.0
9046,2019-05,W6Y231,중문동,1702100.0,594.0
9047,2019-06,W6Y231,중문동,2069900.0,712.0
9048,2019-07,W6Y231,중문동,2337049.0,832.0
9049,2019-08,W6Y231,중문동,3198548.0,914.0
9050,2019-09,W6Y231,중문동,2661750.0,908.0
9051,2019-10,W6Y231,중문동,2399749.0,840.0
9052,2019-11,W6Y231,중문동,2781099.0,810.0
9053,2019-12,W6Y231,중문동,2975599.0,782.0
9054,2020-01,W6Y231,중문동,3213599.0,886.0
9055,2020-02,W6Y231,중문동,2720450.0,792.0
9056,2020-03,W6Y231,중문동,2656350.0,843.0
9057,2020-04,W6Y231,중문동,2493699.0,813.0
9058,2020-05,W6Y231,중문동,3006697.0,975.0
9059,2020-06,W6Y231,중문동,3011349.0,934.0
9060,2020-07,W6Y231,중문동,3535898.0,1056.0
9061,2020-08,W6Y231,중문동,3248800.0,1009.0
9062,2020-09,W6Y231,중문동,2977950.0,971.0
9063,2020-10,W6Y231,중문동,3317700.0,992.0
9064,2020-11,W6Y231,중문동,2904100.0,867.0
9065,2020-12,W6Y231,중문동,3131200.0,896.0
9066,2021-01,W6Y231,중문동,2921100.0,826.0
9067,2021-02,W6Y231,중문동,2798000.0,798.0
9068,2021-03,W6Y231,중문동,2878150.0,806.0
9069,2021-04,W6Y231,중문동,,
9070,2021-05,W6Y231,중문동,2865400.0,861.0
9071,2021-06,W6Y231,중문동,3355550.0,979.0
9072,2018-01,W6Y232,중문동,447750.0,130.0
9073,2018-02,W6Y232,중문동,515650.0,179.0
9074,2018-03,W6Y232,중문동,622300.0,188.0
9075,2018-04,W6Y232,중문동,519650.0,181.0
9076,2018-05,W6Y232,중문동,592250.0,228.0
9077,2018-06,W6Y232,중문동,400300.0,164.0
9078,2018-07,W6Y232,중문동,801700.0,349.0
9079,2018-08,W6Y232,중문동,889850.0,318.0
9080,2018-09,W6Y232,중문동,564300.0,243.0
9081,2018-10,W6Y232,중문동,610950.0,225.0
9082,2018-11,W6Y232,중문동,660350.0,245.0
9083,2018-12,W6Y232,중문동,670350.0,215.0
9084,2019-01,W6Y232,중문동,714300.0,211.0
9085,2019-02,W6Y232,중문동,718500.0,225.0
9086,2019-03,W6Y232,중문동,655150.0,224.0
9087,2019-04,W6Y232,중문동,674800.0,223.0
9088,2019-05,W6Y232,중문동,551500.0,246.0
9089,2019-06,W6Y232,중문동,485250.0,227.0
9090,2019-07,W6Y232,중문동,899800.0,291.0
9091,2019-08,W6Y232,중문동,822150.0,283.0
9092,2019-09,W6Y232,중문동,700450.0,303.0
9093,2019-10,W6Y232,중문동,584900.0,233.0
9094,2019-11,W6Y232,중문동,571950.0,182.0
9095,2019-12,W6Y232,중문동,264400.0,71.0
9096,2020-01,W6Y232,중문동,151450.0,54.0
9097,2020-02,W6Y232,중문동,199400.0,66.0
9098,2020-03,W6Y232,중문동,288650.0,107.0
9099,2020-04,W6Y232,중문동,525800.0,133.0
9100,2020-05,W6Y232,중문동,478400.0,154.0
9101,2020-06,W6Y232,중문동,343450.0,157.0
9102,2020-07,W6Y232,중문동,323800.0,131.0
9103,2020-08,W6Y232,중문동,406250.0,147.0
9104,2020-09,W6Y232,중문동,186850.0,57.0
9105,2020-10,W6Y232,중문동,40750.0,10.0
9106,2020-11,W6Y232,중문동,,
9107,2020-12,W6Y232,중문동,,
9108,2021-01,W6Y232,중문동,,
9109,2021-02,W6Y232,중문동,,
9110,2021-03,W6Y232,중문동,,
9111,2021-04,W6Y232,중문동,,
9112,2021-05,W6Y232,중문동,,
9113,2021-06,W6Y232,중문동,22100.0,13.0
9114,2018-01,W6Y233,중문동,897700.0,324.0
9115,2018-02,W6Y233,중문동,1038600.0,322.0
9116,2018-03,W6Y233,중문동,923150.0,336.0
9117,2018-04,W6Y233,중문동,928350.0,352.0
9118,2018-05,W6Y233,중문동,968450.0,393.0
9119,2018-06,W6Y233,중문동,1137100.0,414.0
9120,2018-07,W6Y233,중문동,1302750.0,440.0
9121,2018-08,W6Y233,중문동,1496600.0,507.0
9122,2018-09,W6Y233,중문동,1367150.0,505.0
9123,2018-10,W6Y233,중문동,1142200.0,378.0
9124,2018-11,W6Y233,중문동,1236350.0,398.0
9125,2018-12,W6Y233,중문동,1218650.0,390.0
9126,2019-01,W6Y233,중문동,1076950.0,354.0
9127,2019-02,W6Y233,중문동,1005550.0,349.0
9128,2019-03,W6Y233,중문동,949650.0,330.0
9129,2019-04,W6Y233,중문동,1127000.0,399.0
9130,2019-05,W6Y233,중문동,1137150.0,459.0
9131,2019-06,W6Y233,중문동,1134349.0,474.0
9132,2019-07,W6Y233,중문동,1323300.0,522.0
9133,2019-08,W6Y233,중문동,1350800.0,570.0
9134,2019-09,W6Y233,중문동,1242950.0,495.0
9135,2019-10,W6Y233,중문동,933400.0,439.0
9136,2019-11,W6Y233,중문동,959900.0,395.0
9137,2019-12,W6Y233,중문동,885950.0,318.0
9138,2020-01,W6Y233,중문동,1040850.0,363.0
9139,2020-02,W6Y233,중문동,905249.0,339.0
9140,2020-03,W6Y233,중문동,973650.0,402.0
9141,2020-04,W6Y233,중문동,957400.0,439.0
9142,2020-05,W6Y233,중문동,1111049.0,539.0
9143,2020-06,W6Y233,중문동,1214900.0,551.0
9144,2020-07,W6Y233,중문동,1460650.0,648.0
9145,2020-08,W6Y233,중문동,1919200.0,785.0
9146,2020-09,W6Y233,중문동,1257600.0,613.0
9147,2020-10,W6Y233,중문동,1236250.0,507.0
9148,2020-11,W6Y233,중문동,1580300.0,581.0
9149,2020-12,W6Y233,중문동,1576500.0,585.0
9150,2021-01,W6Y233,중문동,1378650.0,513.0
9151,2021-02,W6Y233,중문동,1358150.0,536.0
9152,2021-03,W6Y233,중문동,1679700.0,673.0
9153,2021-04,W6Y233,중문동,,
9154,2021-05,W6Y233,중문동,1677550.0,776.0
9155,2021-06,W6Y233,중문동,1529300.0,682.0
9156,2018-01,W6Y234,중문동,48700.0,14.0
9157,2018-02,W6Y234,중문동,93350.0,22.0
9158,2018-03,W6Y234,중문동,76450.0,18.0
9159,2018-04,W6Y234,중문동,452200.0,157.0
9160,2018-05,W6Y234,중문동,702650.0,264.0
9161,2018-06,W6Y234,중문동,654100.0,252.0
9162,2018-07,W6Y234,중문동,847850.0,256.0
9163,2018-08,W6Y234,중문동,962050.0,285.0
9164,2018-09,W6Y234,중문동,648050.0,245.0
9165,2018-10,W6Y234,중문동,570200.0,227.0
9166,2018-11,W6Y234,중문동,866550.0,219.0
9167,2018-12,W6Y234,중문동,968750.0,177.0
9168,2019-01,W6Y234,중문동,1011150.0,141.0
9169,2019-02,W6Y234,중문동,1135750.0,176.0
9170,2019-03,W6Y234,중문동,1520400.0,203.0
9171,2019-04,W6Y234,중문동,1640350.0,191.0
9172,2019-05,W6Y234,중문동,1593750.0,199.0
9173,2019-06,W6Y234,중문동,1526100.0,206.0
9174,2019-07,W6Y234,중문동,1734750.0,246.0
9175,2019-08,W6Y234,중문동,2045050.0,326.0
9176,2019-09,W6Y234,중문동,1711550.0,335.0
9177,2019-10,W6Y234,중문동,1794500.0,342.0
9178,2019-11,W6Y234,중문동,1939949.0,301.0
9179,2019-12,W6Y234,중문동,1687498.0,303.0
9180,2020-01,W6Y234,중문동,1944150.0,291.0
9181,2020-02,W6Y234,중문동,1521051.0,254.0
9182,2020-03,W6Y234,중문동,1383350.0,253.0
9183,2020-04,W6Y234,중문동,1241948.0,251.0
9184,2020-05,W6Y234,중문동,1503850.0,295.0
9185,2020-06,W6Y234,중문동,1262900.0,248.0
9186,2020-07,W6Y234,중문동,1030850.0,197.0
9187,2020-08,W6Y234,중문동,1787300.0,349.0
9188,2020-09,W6Y234,중문동,1399000.0,312.0
9189,2020-10,W6Y234,중문동,1285350.0,288.0
9190,2020-11,W6Y234,중문동,1291850.0,265.0
9191,2020-12,W6Y234,중문동,1301550.0,255.0
9192,2021-01,W6Y234,중문동,1260550.0,250.0
9193,2021-02,W6Y234,중문동,1518850.0,275.0
9194,2021-03,W6Y234,중문동,1684050.0,306.0
9195,2021-04,W6Y234,중문동,,
9196,2021-05,W6Y234,중문동,1362950.0,267.0
9197,2021-06,W6Y234,중문동,1139400.0,276.0
9198,2018-01,W6Y235,중문동,580700.0,121.0
9199,2018-02,W6Y235,중문동,682950.0,126.0
9200,2018-03,W6Y235,중문동,752050.0,126.0
9201,2018-04,W6Y235,중문동,425400.0,88.0
9202,2018-05,W6Y235,중문동,497650.0,103.0
9203,2018-06,W6Y235,중문동,526600.0,135.0
9204,2018-07,W6Y235,중문동,550600.0,165.0
9205,2018-08,W6Y235,중문동,683000.0,169.0
9206,2018-09,W6Y235,중문동,731050.0,175.0
9207,2018-10,W6Y235,중문동,453550.0,128.0
9208,2018-11,W6Y235,중문동,566800.0,121.0
9209,2018-12,W6Y235,중문동,,
9210,2019-01,W6Y235,중문동,1556450.0,539.0
9211,2019-02,W6Y235,중문동,2734200.0,793.0
9212,2019-03,W6Y235,중문동,2920350.0,729.0
9213,2019-04,W6Y235,중문동,2905800.0,768.0
9214,2019-05,W6Y235,중문동,3928500.0,994.0
9215,2019-06,W6Y235,중문동,1548949.0,345.0
9216,2019-07,W6Y235,중문동,1038549.0,247.0
9217,2019-08,W6Y235,중문동,1278200.0,256.0
9218,2019-09,W6Y235,중문동,1202650.0,274.0
9219,2019-10,W6Y235,중문동,1343048.0,241.0
9220,2019-11,W6Y235,중문동,1317350.0,192.0
9221,2019-12,W6Y235,중문동,1327999.0,190.0
9222,2020-01,W6Y235,중문동,1112249.0,207.0
9223,2020-02,W6Y235,중문동,1171397.0,165.0
9224,2020-03,W6Y235,중문동,1234850.0,203.0
9225,2020-04,W6Y235,중문동,953649.0,199.0
9226,2020-05,W6Y235,중문동,843400.0,239.0
9227,2020-06,W6Y235,중문동,848050.0,226.0
9228,2020-07,W6Y235,중문동,704450.0,177.0
9229,2020-08,W6Y235,중문동,855550.0,215.0
9230,2020-09,W6Y235,중문동,1040700.0,241.0
9231,2020-10,W6Y235,중문동,1015800.0,204.0
9232,2020-11,W6Y235,중문동,1167850.0,230.0
9233,2020-12,W6Y235,중문동,972850.0,193.0
9234,2021-01,W6Y235,중문동,940550.0,188.0
9235,2021-02,W6Y235,중문동,1120150.0,186.0
9236,2021-03,W6Y235,중문동,1087500.0,195.0
9237,2021-04,W6Y235,중문동,,
9238,2021-05,W6Y235,중문동,1372000.0,232.0
9239,2021-06,W6Y235,중문동,1264050.0,263.0
9240,2018-01,W6Y236,중문동,,
9241,2018-02,W6Y236,중문동,,
9242,2018-03,W6Y236,중문동,,
9243,2018-04,W6Y236,중문동,,
9244,2018-05,W6Y236,중문동,,
9245,2018-06,W6Y236,중문동,,
9246,2018-07,W6Y236,중문동,,
9247,2018-08,W6Y236,중문동,,
9248,2018-09,W6Y236,중문동,,
9249,2018-10,W6Y236,중문동,,
9250,2018-11,W6Y236,중문동,,
9251,2018-12,W6Y236,중문동,,
9252,2019-01,W6Y236,중문동,,
9253,2019-02,W6Y236,중문동,,
9254,2019-03,W6Y236,중문동,,
9255,2019-04,W6Y236,중문동,,
9256,2019-05,W6Y236,중문동,,
9257,2019-06,W6Y236,중문동,,
9258,2019-07,W6Y236,중문동,,
9259,2019-08,W6Y236,중문동,,
9260,2019-09,W6Y236,중문동,,
9261,2019-10,W6Y236,중문동,,
9262,2019-11,W6Y236,중문동,,
9263,2019-12,W6Y236,중문동,,
9264,2020-01,W6Y236,중문동,,
9265,2020-02,W6Y236,중문동,,
9266,2020-03,W6Y236,중문동,,
9267,2020-04,W6Y236,중문동,,
9268,2020-05,W6Y236,중문동,,
9269,2020-06,W6Y236,중문동,,
9270,2020-07,W6Y236,중문동,,
9271,2020-08,W6Y236,중문동,,
9272,2020-09,W6Y236,중문동,,
9273,2020-10,W6Y236,중문동,,
9274,2020-11,W6Y236,중문동,,
9275,2020-12,W6Y236,중문동,,
9276,2021-01,W6Y236,중문동,,
9277,2021-02,W6Y236,중문동,,
9278,2021-03,W6Y236,중문동,,
9279,2021-04,W6Y236,중문동,,
9280,2021-05,W6Y236,중문동,,
9281,2021-06,W6Y236,중문동,,
9282,2018-01,W6Y237,중문동,2470800.0,827.0
9283,2018-02,W6Y237,중문동,2502550.0,749.0
9284,2018-03,W6Y237,중문동,2233700.0,770.0
9285,2018-04,W6Y237,중문동,2230250.0,739.0
9286,2018-05,W6Y237,중문동,1859550.0,771.0
9287,2018-06,W6Y237,중문동,725750.0,205.0
9288,2018-07,W6Y237,중문동,964300.0,317.0
9289,2018-08,W6Y237,중문동,883600.0,291.0
9290,2018-09,W6Y237,중문동,671200.0,130.0
9291,2018-10,W6Y237,중문동,635600.0,120.0
9292,2018-11,W6Y237,중문동,835100.0,133.0
9293,2018-12,W6Y237,중문동,587000.0,91.0
9294,2019-01,W6Y237,중문동,1506500.0,248.0
9295,2019-02,W6Y237,중문동,805000.0,194.0
9296,2019-03,W6Y237,중문동,206050.0,54.0
9297,2019-04,W6Y237,중문동,227700.0,58.0
9298,2019-05,W6Y237,중문동,534750.0,125.0
9299,2019-06,W6Y237,중문동,297750.0,32.0
9300,2019-07,W6Y237,중문동,,
9301,2019-08,W6Y237,중문동,,
9302,2019-09,W6Y237,중문동,,
9303,2019-10,W6Y237,중문동,,
9304,2019-11,W6Y237,중문동,,
9305,2019-12,W6Y237,중문동,,
9306,2020-01,W6Y237,중문동,,
9307,2020-02,W6Y237,중문동,,
9308,2020-03,W6Y237,중문동,,
9309,2020-04,W6Y237,중문동,,
9310,2020-05,W6Y237,중문동,,
9311,2020-06,W6Y237,중문동,,
9312,2020-07,W6Y237,중문동,,
9313,2020-08,W6Y237,중문동,,
9314,2020-09,W6Y237,중문동,,
9315,2020-10,W6Y237,중문동,,
9316,2020-11,W6Y237,중문동,,
9317,2020-12,W6Y237,중문동,,
9318,2021-01,W6Y237,중문동,,
9319,2021-02,W6Y237,중문동,,
9320,2021-03,W6Y237,중문동,,
9321,2021-04,W6Y237,중문동,,
9322,2021-05,W6Y237,중문동,,
9323,2021-06,W6Y237,중문동,,
9324,2018-01,W6Y238,표선면,,
9325,2018-02,W6Y238,표선면,,
9326,2018-03,W6Y238,표선면,,
9327,2018-04,W6Y238,표선면,,
9328,2018-05,W6Y238,표선면,,
9329,2018-06,W6Y238,표선면,,
9330,2018-07,W6Y238,표선면,,
9331,2018-08,W6Y238,표선면,,
9332,2018-09,W6Y238,표선면,,
9333,2018-10,W6Y238,표선면,,
9334,2018-11,W6Y238,표선면,,
9335,2018-12,W6Y238,표선면,,
9336,2019-01,W6Y238,표선면,,
9337,2019-02,W6Y238,표선면,,
9338,2019-03,W6Y238,표선면,,
9339,2019-04,W6Y238,표선면,,
9340,2019-05,W6Y238,표선면,,
9341,2019-06,W6Y238,표선면,26850.0,19.0
9342,2019-07,W6Y238,표선면,42800.0,25.0
9343,2019-08,W6Y238,표선면,26150.0,29.0
9344,2019-09,W6Y238,표선면,36150.0,31.0
9345,2019-10,W6Y238,표선면,30100.0,24.0
9346,2019-11,W6Y238,표선면,16250.0,17.0
9347,2019-12,W6Y238,표선면,33700.0,23.0
9348,2020-01,W6Y238,표선면,19650.0,13.0
9349,2020-02,W6Y238,표선면,21550.0,18.0
9350,2020-03,W6Y238,표선면,21250.0,22.0
9351,2020-04,W6Y238,표선면,32250.0,24.0
9352,2020-05,W6Y238,표선면,33950.0,25.0
9353,2020-06,W6Y238,표선면,39850.0,26.0
9354,2020-07,W6Y238,표선면,38550.0,35.0
9355,2020-08,W6Y238,표선면,41650.0,33.0
9356,2020-09,W6Y238,표선면,32850.0,29.0
9357,2020-10,W6Y238,표선면,20750.0,20.0
9358,2020-11,W6Y238,표선면,28250.0,18.0
9359,2020-12,W6Y238,표선면,25700.0,18.0
9360,2021-01,W6Y238,표선면,32600.0,18.0
9361,2021-02,W6Y238,표선면,37750.0,20.0
9362,2021-03,W6Y238,표선면,43850.0,19.0
9363,2021-04,W6Y238,표선면,,
9364,2021-05,W6Y238,표선면,44100.0,27.0
9365,2021-06,W6Y238,표선면,50250.0,30.0
9366,2018-01,W6Y239,중문동,195100.0,109.0
9367,2018-02,W6Y239,중문동,166400.0,116.0
9368,2018-03,W6Y239,중문동,188750.0,135.0
9369,2018-04,W6Y239,중문동,156500.0,146.0
9370,2018-05,W6Y239,중문동,204100.0,167.0
9371,2018-06,W6Y239,중문동,168100.0,167.0
9372,2018-07,W6Y239,중문동,249550.0,198.0
9373,2018-08,W6Y239,중문동,201450.0,160.0
9374,2018-09,W6Y239,중문동,226200.0,168.0
9375,2018-10,W6Y239,중문동,202350.0,165.0
9376,2018-11,W6Y239,중문동,167600.0,148.0
9377,2018-12,W6Y239,중문동,172200.0,119.0
9378,2019-01,W6Y239,중문동,166500.0,108.0
9379,2019-02,W6Y239,중문동,159000.0,122.0
9380,2019-03,W6Y239,중문동,162050.0,115.0
9381,2019-04,W6Y239,중문동,128700.0,120.0
9382,2019-05,W6Y239,중문동,179900.0,131.0
9383,2019-06,W6Y239,중문동,615350.0,221.0
9384,2019-07,W6Y239,중문동,449000.0,228.0
9385,2019-08,W6Y239,중문동,676500.0,269.0
9386,2019-09,W6Y239,중문동,939100.0,267.0
9387,2019-10,W6Y239,중문동,577800.0,271.0
9388,2019-11,W6Y239,중문동,579350.0,238.0
9389,2019-12,W6Y239,중문동,915500.0,236.0
9390,2020-01,W6Y239,중문동,879999.0,231.0
9391,2020-02,W6Y239,중문동,406300.0,175.0
9392,2020-03,W6Y239,중문동,454600.0,206.0
9393,2020-04,W6Y239,중문동,487300.0,171.0
9394,2020-05,W6Y239,중문동,419900.0,222.0
9395,2020-06,W6Y239,중문동,490250.0,245.0
9396,2020-07,W6Y239,중문동,331350.0,228.0
9397,2020-08,W6Y239,중문동,188400.0,147.0
9398,2020-09,W6Y239,중문동,168100.0,160.0
9399,2020-10,W6Y239,중문동,167700.0,150.0
9400,2020-11,W6Y239,중문동,163450.0,144.0
9401,2020-12,W6Y239,중문동,154500.0,130.0
9402,2021-01,W6Y239,중문동,169300.0,128.0
9403,2021-02,W6Y239,중문동,168500.0,128.0
9404,2021-03,W6Y239,중문동,142050.0,127.0
9405,2021-04,W6Y239,중문동,,
9406,2021-05,W6Y239,중문동,152950.0,134.0
9407,2021-06,W6Y239,중문동,169150.0,143.0
9408,2018-01,W6Y240,중문동,145950.0,62.0
9409,2018-02,W6Y240,중문동,109800.0,55.0
9410,2018-03,W6Y240,중문동,86700.0,49.0
9411,2018-04,W6Y240,중문동,119050.0,58.0
9412,2018-05,W6Y240,중문동,114100.0,82.0
9413,2018-06,W6Y240,중문동,125500.0,73.0
9414,2018-07,W6Y240,중문동,151450.0,94.0
9415,2018-08,W6Y240,중문동,174350.0,126.0
9416,2018-09,W6Y240,중문동,127250.0,89.0
9417,2018-10,W6Y240,중문동,160050.0,108.0
9418,2018-11,W6Y240,중문동,138300.0,96.0
9419,2018-12,W6Y240,중문동,165050.0,92.0
9420,2019-01,W6Y240,중문동,188350.0,114.0
9421,2019-02,W6Y240,중문동,222750.0,125.0
9422,2019-03,W6Y240,중문동,148950.0,105.0
9423,2019-04,W6Y240,중문동,181800.0,106.0
9424,2019-05,W6Y240,중문동,232900.0,150.0
9425,2019-06,W6Y240,중문동,184450.0,131.0
9426,2019-07,W6Y240,중문동,217450.0,149.0
9427,2019-08,W6Y240,중문동,296750.0,195.0
9428,2019-09,W6Y240,중문동,199800.0,161.0
9429,2019-10,W6Y240,중문동,147000.0,128.0
9430,2019-11,W6Y240,중문동,198550.0,110.0
9431,2019-12,W6Y240,중문동,196800.0,125.0
9432,2020-01,W6Y240,중문동,191550.0,116.0
9433,2020-02,W6Y240,중문동,192100.0,127.0
9434,2020-03,W6Y240,중문동,199700.0,112.0
9435,2020-04,W6Y240,중문동,202100.0,138.0
9436,2020-05,W6Y240,중문동,215800.0,148.0
9437,2020-06,W6Y240,중문동,342450.0,179.0
9438,2020-07,W6Y240,중문동,367050.0,212.0
9439,2020-08,W6Y240,중문동,283500.0,179.0
9440,2020-09,W6Y240,중문동,178000.0,124.0
9441,2020-10,W6Y240,중문동,18750.0,15.0
9442,2020-11,W6Y240,중문동,,
9443,2020-12,W6Y240,중문동,,
9444,2021-01,W6Y240,중문동,,
9445,2021-02,W6Y240,중문동,,
9446,2021-03,W6Y240,중문동,,
9447,2021-04,W6Y240,중문동,,
9448,2021-05,W6Y240,중문동,,
9449,2021-06,W6Y240,중문동,143450.0,85.0
9450,2018-01,W6Y241,예래동,760100.0,234.0
9451,2018-02,W6Y241,예래동,870350.0,248.0
9452,2018-03,W6Y241,예래동,816700.0,234.0
9453,2018-04,W6Y241,예래동,705650.0,240.0
9454,2018-05,W6Y241,예래동,828050.0,260.0
9455,2018-06,W6Y241,예래동,882250.0,365.0
9456,2018-07,W6Y241,예래동,889400.0,385.0
9457,2018-08,W6Y241,예래동,882800.0,362.0
9458,2018-09,W6Y241,예래동,714700.0,310.0
9459,2018-10,W6Y241,예래동,664850.0,288.0
9460,2018-11,W6Y241,예래동,722950.0,246.0
9461,2018-12,W6Y241,예래동,741050.0,236.0
9462,2019-01,W6Y241,예래동,744700.0,256.0
9463,2019-02,W6Y241,예래동,709700.0,227.0
9464,2019-03,W6Y241,예래동,739400.0,231.0
9465,2019-04,W6Y241,예래동,691750.0,221.0
9466,2019-05,W6Y241,예래동,628900.0,221.0
9467,2019-06,W6Y241,예래동,819850.0,281.0
9468,2019-07,W6Y241,예래동,907700.0,339.0
9469,2019-08,W6Y241,예래동,1063799.0,375.0
9470,2019-09,W6Y241,예래동,906350.0,342.0
9471,2019-10,W6Y241,예래동,669149.0,283.0
9472,2019-11,W6Y241,예래동,652650.0,249.0
9473,2019-12,W6Y241,예래동,715450.0,241.0
9474,2020-01,W6Y241,예래동,819299.0,261.0
9475,2020-02,W6Y241,예래동,734450.0,248.0
9476,2020-03,W6Y241,예래동,735549.0,290.0
9477,2020-04,W6Y241,예래동,661350.0,270.0
9478,2020-05,W6Y241,예래동,700350.0,298.0
9479,2020-06,W6Y241,예래동,763399.0,335.0
9480,2020-07,W6Y241,예래동,919200.0,402.0
9481,2020-08,W6Y241,예래동,938400.0,440.0
9482,2020-09,W6Y241,예래동,712800.0,342.0
9483,2020-10,W6Y241,예래동,739250.0,306.0
9484,2020-11,W6Y241,예래동,800600.0,296.0
9485,2020-12,W6Y241,예래동,790250.0,290.0
9486,2021-01,W6Y241,예래동,879900.0,278.0
9487,2021-02,W6Y241,예래동,891150.0,279.0
9488,2021-03,W6Y241,예래동,982550.0,277.0
9489,2021-04,W6Y241,예래동,,
9490,2021-05,W6Y241,예래동,1412400.0,412.0
9491,2021-06,W6Y241,예래동,1088600.0,377.0
9492,2018-01,W6Y242,예래동,620050.0,161.0
9493,2018-02,W6Y242,예래동,585250.0,178.0
9494,2018-03,W6Y242,예래동,787950.0,251.0
9495,2018-04,W6Y242,예래동,722400.0,221.0
9496,2018-05,W6Y242,예래동,737400.0,227.0
9497,2018-06,W6Y242,예래동,762650.0,223.0
9498,2018-07,W6Y242,예래동,876950.0,239.0
9499,2018-08,W6Y242,예래동,793200.0,272.0
9500,2018-09,W6Y242,예래동,577000.0,246.0
9501,2018-10,W6Y242,예래동,426100.0,190.0
9502,2018-11,W6Y242,예래동,496950.0,153.0
9503,2018-12,W6Y242,예래동,353100.0,111.0
9504,2019-01,W6Y242,예래동,313950.0,73.0
9505,2019-02,W6Y242,예래동,390600.0,110.0
9506,2019-03,W6Y242,예래동,504850.0,101.0
9507,2019-04,W6Y242,예래동,491200.0,145.0
9508,2019-05,W6Y242,예래동,509950.0,128.0
9509,2019-06,W6Y242,예래동,773800.0,316.0
9510,2019-07,W6Y242,예래동,894100.0,344.0
9511,2019-08,W6Y242,예래동,792050.0,346.0
9512,2019-09,W6Y242,예래동,779600.0,328.0
9513,2019-10,W6Y242,예래동,806250.0,276.0
9514,2019-11,W6Y242,예래동,862450.0,309.0
9515,2019-12,W6Y242,예래동,1130400.0,263.0
9516,2020-01,W6Y242,예래동,1260250.0,293.0
9517,2020-02,W6Y242,예래동,948550.0,252.0
9518,2020-03,W6Y242,예래동,859250.0,240.0
9519,2020-04,W6Y242,예래동,837899.0,251.0
9520,2020-05,W6Y242,예래동,1663399.0,404.0
9521,2020-06,W6Y242,예래동,1641400.0,341.0
9522,2020-07,W6Y242,예래동,2122700.0,407.0
9523,2020-08,W6Y242,예래동,1980150.0,435.0
9524,2020-09,W6Y242,예래동,1473900.0,401.0
9525,2020-10,W6Y242,예래동,1358850.0,386.0
9526,2020-11,W6Y242,예래동,1737550.0,369.0
9527,2020-12,W6Y242,예래동,1268750.0,320.0
9528,2021-01,W6Y242,예래동,950050.0,298.0
9529,2021-02,W6Y242,예래동,1227150.0,304.0
9530,2021-03,W6Y242,예래동,1526800.0,353.0
9531,2021-04,W6Y242,예래동,,
9532,2021-05,W6Y242,예래동,1614150.0,382.0
9533,2021-06,W6Y242,예래동,1481100.0,380.0
9534,2018-01,W6Y243,예래동,588750.0,197.0
9535,2018-02,W6Y243,예래동,447800.0,172.0
9536,2018-03,W6Y243,예래동,504050.0,214.0
9537,2018-04,W6Y243,예래동,573400.0,248.0
9538,2018-05,W6Y243,예래동,643050.0,273.0
9539,2018-06,W6Y243,예래동,643150.0,276.0
9540,2018-07,W6Y243,예래동,136750.0,46.0
9541,2018-08,W6Y243,예래동,278300.0,141.0
9542,2018-09,W6Y243,예래동,177700.0,87.0
9543,2018-10,W6Y243,예래동,225400.0,116.0
9544,2018-11,W6Y243,예래동,294900.0,123.0
9545,2018-12,W6Y243,예래동,434750.0,148.0
9546,2019-01,W6Y243,예래동,317600.0,136.0
9547,2019-02,W6Y243,예래동,380800.0,158.0
9548,2019-03,W6Y243,예래동,415050.0,137.0
9549,2019-04,W6Y243,예래동,297700.0,139.0
9550,2019-05,W6Y243,예래동,366100.0,103.0
9551,2019-06,W6Y243,예래동,913099.0,344.0
9552,2019-07,W6Y243,예래동,1300950.0,412.0
9553,2019-08,W6Y243,예래동,1351599.0,433.0
9554,2019-09,W6Y243,예래동,1072800.0,389.0
9555,2019-10,W6Y243,예래동,810150.0,287.0
9556,2019-11,W6Y243,예래동,643600.0,266.0
9557,2019-12,W6Y243,예래동,764950.0,251.0
9558,2020-01,W6Y243,예래동,762600.0,256.0
9559,2020-02,W6Y243,예래동,765449.0,234.0
9560,2020-03,W6Y243,예래동,639850.0,239.0
9561,2020-04,W6Y243,예래동,778500.0,315.0
9562,2020-05,W6Y243,예래동,1027250.0,404.0
9563,2020-06,W6Y243,예래동,1025449.0,451.0
9564,2020-07,W6Y243,예래동,1186799.0,469.0
9565,2020-08,W6Y243,예래동,1216850.0,470.0
9566,2020-09,W6Y243,예래동,859650.0,400.0
9567,2020-10,W6Y243,예래동,957950.0,368.0
9568,2020-11,W6Y243,예래동,874800.0,310.0
9569,2020-12,W6Y243,예래동,889150.0,330.0
9570,2021-01,W6Y243,예래동,909400.0,336.0
9571,2021-02,W6Y243,예래동,1009400.0,344.0
9572,2021-03,W6Y243,예래동,1181300.0,353.0
9573,2021-04,W6Y243,예래동,,
9574,2021-05,W6Y243,예래동,1110250.0,442.0
9575,2021-06,W6Y243,예래동,1129950.0,444.0
9576,2018-01,W6Y244,예래동,2540500.0,362.0
9577,2018-02,W6Y244,예래동,1918650.0,300.0
9578,2018-03,W6Y244,예래동,2535400.0,385.0
9579,2018-04,W6Y244,예래동,2591500.0,408.0
9580,2018-05,W6Y244,예래동,2199850.0,405.0
9581,2018-06,W6Y244,예래동,1648000.0,381.0
9582,2018-07,W6Y244,예래동,2103600.0,459.0
9583,2018-08,W6Y244,예래동,2087250.0,477.0
9584,2018-09,W6Y244,예래동,2006300.0,627.0
9585,2018-10,W6Y244,예래동,2117600.0,614.0
9586,2018-11,W6Y244,예래동,1783850.0,496.0
9587,2018-12,W6Y244,예래동,1926150.0,447.0
9588,2019-01,W6Y244,예래동,1878650.0,510.0
9589,2019-02,W6Y244,예래동,1681750.0,425.0
9590,2019-03,W6Y244,예래동,1979450.0,523.0
9591,2019-04,W6Y244,예래동,2119850.0,545.0
9592,2019-05,W6Y244,예래동,2054349.0,598.0
9593,2019-06,W6Y244,예래동,1609250.0,465.0
9594,2019-07,W6Y244,예래동,1635900.0,517.0
9595,2019-08,W6Y244,예래동,1732050.0,536.0
9596,2019-09,W6Y244,예래동,1632750.0,492.0
9597,2019-10,W6Y244,예래동,1534249.0,474.0
9598,2019-11,W6Y244,예래동,1371499.0,409.0
9599,2019-12,W6Y244,예래동,1525400.0,378.0
9600,2020-01,W6Y244,예래동,1992100.0,440.0
9601,2020-02,W6Y244,예래동,1593800.0,398.0
9602,2020-03,W6Y244,예래동,1657900.0,418.0
9603,2020-04,W6Y244,예래동,1607499.0,434.0
9604,2020-05,W6Y244,예래동,1911148.0,523.0
9605,2020-06,W6Y244,예래동,1599548.0,529.0
9606,2020-07,W6Y244,예래동,2036997.0,622.0
9607,2020-08,W6Y244,예래동,2259800.0,708.0
9608,2020-09,W6Y244,예래동,1665950.0,585.0
9609,2020-10,W6Y244,예래동,1832850.0,599.0
9610,2020-11,W6Y244,예래동,1891100.0,507.0
9611,2020-12,W6Y244,예래동,1449300.0,472.0
9612,2021-01,W6Y244,예래동,1309200.0,397.0
9613,2021-02,W6Y244,예래동,1379600.0,403.0
9614,2021-03,W6Y244,예래동,1593700.0,459.0
9615,2021-04,W6Y244,예래동,,
9616,2021-05,W6Y244,예래동,1726550.0,542.0
9617,2021-06,W6Y244,예래동,1724050.0,563.0
9618,2018-01,W6Y245,예래동,752650.0,148.0
9619,2018-02,W6Y245,예래동,601000.0,141.0
9620,2018-03,W6Y245,예래동,1034400.0,185.0
9621,2018-04,W6Y245,예래동,1088650.0,189.0
9622,2018-05,W6Y245,예래동,1070100.0,216.0
9623,2018-06,W6Y245,예래동,1017600.0,237.0
9624,2018-07,W6Y245,예래동,1313700.0,290.0
9625,2018-08,W6Y245,예래동,1254950.0,255.0
9626,2018-09,W6Y245,예래동,1125850.0,222.0
9627,2018-10,W6Y245,예래동,813050.0,184.0
9628,2018-11,W6Y245,예래동,1005200.0,192.0
9629,2018-12,W6Y245,예래동,927900.0,166.0
9630,2019-01,W6Y245,예래동,748950.0,132.0
9631,2019-02,W6Y245,예래동,896250.0,170.0
9632,2019-03,W6Y245,예래동,654650.0,144.0
9633,2019-04,W6Y245,예래동,472100.0,143.0
9634,2019-05,W6Y245,예래동,877900.0,190.0
9635,2019-06,W6Y245,예래동,1471050.0,321.0
9636,2019-07,W6Y245,예래동,1655000.0,364.0
9637,2019-08,W6Y245,예래동,1778150.0,365.0
9638,2019-09,W6Y245,예래동,1107650.0,275.0
9639,2019-10,W6Y245,예래동,1020600.0,250.0
9640,2019-11,W6Y245,예래동,856250.0,210.0
9641,2019-12,W6Y245,예래동,860899.0,215.0
9642,2020-01,W6Y245,예래동,851449.0,208.0
9643,2020-02,W6Y245,예래동,810750.0,208.0
9644,2020-03,W6Y245,예래동,998800.0,255.0
9645,2020-04,W6Y245,예래동,867250.0,218.0
9646,2020-05,W6Y245,예래동,1018700.0,278.0
9647,2020-06,W6Y245,예래동,1167350.0,271.0
9648,2020-07,W6Y245,예래동,1451549.0,292.0
9649,2020-08,W6Y245,예래동,1733500.0,349.0
9650,2020-09,W6Y245,예래동,1445250.0,301.0
9651,2020-10,W6Y245,예래동,1449300.0,307.0
9652,2020-11,W6Y245,예래동,1335550.0,291.0
9653,2020-12,W6Y245,예래동,1233100.0,248.0
9654,2021-01,W6Y245,예래동,1341400.0,240.0
9655,2021-02,W6Y245,예래동,1469950.0,281.0
9656,2021-03,W6Y245,예래동,1686850.0,293.0
9657,2021-04,W6Y245,예래동,,
9658,2021-05,W6Y245,예래동,1400100.0,263.0
9659,2021-06,W6Y245,예래동,1142450.0,260.0
9660,2018-01,W6Y247,예래동,94400.0,36.0
9661,2018-02,W6Y247,예래동,68750.0,31.0
9662,2018-03,W6Y247,예래동,87950.0,38.0
9663,2018-04,W6Y247,예래동,76800.0,35.0
9664,2018-05,W6Y247,예래동,105500.0,52.0
9665,2018-06,W6Y247,예래동,74950.0,48.0
9666,2018-07,W6Y247,예래동,102400.0,54.0
9667,2018-08,W6Y247,예래동,145650.0,63.0
9668,2018-09,W6Y247,예래동,75100.0,43.0
9669,2018-10,W6Y247,예래동,86900.0,50.0
9670,2018-11,W6Y247,예래동,106350.0,54.0
9671,2018-12,W6Y247,예래동,88900.0,45.0
9672,2019-01,W6Y247,예래동,116600.0,50.0
9673,2019-02,W6Y247,예래동,108100.0,49.0
9674,2019-03,W6Y247,예래동,92200.0,41.0
9675,2019-04,W6Y247,예래동,67400.0,37.0
9676,2019-05,W6Y247,예래동,87350.0,42.0
9677,2019-06,W6Y247,예래동,87550.0,49.0
9678,2019-07,W6Y247,예래동,125650.0,59.0
9679,2019-08,W6Y247,예래동,163150.0,60.0
9680,2019-09,W6Y247,예래동,97900.0,50.0
9681,2019-10,W6Y247,예래동,149000.0,47.0
9682,2019-11,W6Y247,예래동,94950.0,39.0
9683,2019-12,W6Y247,예래동,76350.0,32.0
9684,2020-01,W6Y247,예래동,87000.0,29.0
9685,2020-02,W6Y247,예래동,91450.0,35.0
9686,2020-03,W6Y247,예래동,93800.0,40.0
9687,2020-04,W6Y247,예래동,135500.0,59.0
9688,2020-05,W6Y247,예래동,195200.0,64.0
9689,2020-06,W6Y247,예래동,151700.0,62.0
9690,2020-07,W6Y247,예래동,101850.0,52.0
9691,2020-08,W6Y247,예래동,146500.0,67.0
9692,2020-09,W6Y247,예래동,132050.0,59.0
9693,2020-10,W6Y247,예래동,122550.0,49.0
9694,2020-11,W6Y247,예래동,85700.0,39.0
9695,2020-12,W6Y247,예래동,92750.0,37.0
9696,2021-01,W6Y247,예래동,133450.0,44.0
9697,2021-02,W6Y247,예래동,126500.0,40.0
9698,2021-03,W6Y247,예래동,107150.0,44.0
9699,2021-04,W6Y247,예래동,,
9700,2021-05,W6Y247,예래동,128300.0,49.0
9701,2021-06,W6Y247,예래동,112900.0,49.0
9702,2018-01,W6Y248,예래동,316100.0,58.0
9703,2018-02,W6Y248,예래동,72450.0,29.0
9704,2018-03,W6Y248,예래동,267900.0,44.0
9705,2018-04,W6Y248,예래동,264100.0,65.0
9706,2018-05,W6Y248,예래동,279100.0,59.0
9707,2018-06,W6Y248,예래동,323900.0,83.0
9708,2018-07,W6Y248,예래동,562650.0,104.0
9709,2018-08,W6Y248,예래동,317150.0,114.0
9710,2018-09,W6Y248,예래동,133600.0,63.0
9711,2018-10,W6Y248,예래동,181050.0,85.0
9712,2018-11,W6Y248,예래동,96350.0,36.0
9713,2018-12,W6Y248,예래동,475800.0,78.0
9714,2019-01,W6Y248,예래동,535100.0,96.0
9715,2019-02,W6Y248,예래동,177600.0,61.0
9716,2019-03,W6Y248,예래동,219550.0,53.0
9717,2019-04,W6Y248,예래동,310850.0,79.0
9718,2019-05,W6Y248,예래동,385500.0,88.0
9719,2019-06,W6Y248,예래동,349950.0,96.0
9720,2019-07,W6Y248,예래동,447550.0,140.0
9721,2019-08,W6Y248,예래동,439450.0,151.0
9722,2019-09,W6Y248,예래동,278350.0,100.0
9723,2019-10,W6Y248,예래동,268900.0,120.0
9724,2019-11,W6Y248,예래동,218850.0,74.0
9725,2019-12,W6Y248,예래동,265250.0,84.0
9726,2020-01,W6Y248,예래동,324449.0,73.0
9727,2020-02,W6Y248,예래동,211700.0,77.0
9728,2020-03,W6Y248,예래동,241600.0,88.0
9729,2020-04,W6Y248,예래동,207450.0,105.0
9730,2020-05,W6Y248,예래동,250400.0,109.0
9731,2020-06,W6Y248,예래동,415000.0,148.0
9732,2020-07,W6Y248,예래동,148100.0,74.0
9733,2020-08,W6Y248,예래동,309750.0,140.0
9734,2020-09,W6Y248,예래동,285850.0,107.0
9735,2020-10,W6Y248,예래동,288650.0,128.0
9736,2020-11,W6Y248,예래동,275350.0,92.0
9737,2020-12,W6Y248,예래동,317150.0,89.0
9738,2021-01,W6Y248,예래동,269550.0,77.0
9739,2021-02,W6Y248,예래동,209650.0,83.0
9740,2021-03,W6Y248,예래동,274350.0,94.0
9741,2021-04,W6Y248,예래동,,
9742,2021-05,W6Y248,예래동,679200.0,132.0
9743,2021-06,W6Y248,예래동,503600.0,155.0
9744,2018-01,W6Y249,예래동,1827850.0,474.0
9745,2018-02,W6Y249,예래동,1760600.0,391.0
9746,2018-03,W6Y249,예래동,2653850.0,570.0
9747,2018-04,W6Y249,예래동,2576450.0,548.0
9748,2018-05,W6Y249,예래동,3038450.0,658.0
9749,2018-06,W6Y249,예래동,3164300.0,659.0
9750,2018-07,W6Y249,예래동,4067250.0,816.0
9751,2018-08,W6Y249,예래동,3870200.0,721.0
9752,2018-09,W6Y249,예래동,2105650.0,448.0
9753,2018-10,W6Y249,예래동,2085050.0,423.0
9754,2018-11,W6Y249,예래동,2322550.0,400.0
9755,2018-12,W6Y249,예래동,1920400.0,341.0
9756,2019-01,W6Y249,예래동,2741750.0,529.0
9757,2019-02,W6Y249,예래동,2434000.0,491.0
9758,2019-03,W6Y249,예래동,1940450.0,362.0
9759,2019-04,W6Y249,예래동,1927650.0,387.0
9760,2019-05,W6Y249,예래동,2353450.0,500.0
9761,2019-06,W6Y249,예래동,4968149.0,1017.0
9762,2019-07,W6Y249,예래동,4793448.0,1001.0
9763,2019-08,W6Y249,예래동,5169045.0,1021.0
9764,2019-09,W6Y249,예래동,4086348.0,897.0
9765,2019-10,W6Y249,예래동,4089598.0,852.0
9766,2019-11,W6Y249,예래동,3621847.0,734.0
9767,2019-12,W6Y249,예래동,3930550.0,698.0
9768,2020-01,W6Y249,예래동,4621147.0,699.0
9769,2020-02,W6Y249,예래동,3228498.0,605.0
9770,2020-03,W6Y249,예래동,3676298.0,690.0
9771,2020-04,W6Y249,예래동,3542049.0,727.0
9772,2020-05,W6Y249,예래동,4150699.0,867.0
9773,2020-06,W6Y249,예래동,4918049.0,910.0
9774,2020-07,W6Y249,예래동,4804298.0,991.0
9775,2020-08,W6Y249,예래동,3579300.0,649.0
9776,2020-09,W6Y249,예래동,,
9777,2020-10,W6Y249,예래동,79700.0,29.0
9778,2020-11,W6Y249,예래동,256050.0,104.0
9779,2020-12,W6Y249,예래동,350300.0,122.0
9780,2021-01,W6Y249,예래동,518300.0,162.0
9781,2021-02,W6Y249,예래동,668000.0,194.0
9782,2021-03,W6Y249,예래동,1100850.0,333.0
9783,2021-04,W6Y249,예래동,,
9784,2021-05,W6Y249,예래동,1250900.0,510.0
9785,2021-06,W6Y249,예래동,1664800.0,607.0
9786,2018-01,W6Y250,예래동,476700.0,120.0
9787,2018-02,W6Y250,예래동,478650.0,112.0
9788,2018-03,W6Y250,예래동,549450.0,130.0
9789,2018-04,W6Y250,예래동,598750.0,148.0
9790,2018-05,W6Y250,예래동,590500.0,155.0
9791,2018-06,W6Y250,예래동,552150.0,151.0
9792,2018-07,W6Y250,예래동,577150.0,173.0
9793,2018-08,W6Y250,예래동,510750.0,156.0
9794,2018-09,W6Y250,예래동,517200.0,161.0
9795,2018-10,W6Y250,예래동,365600.0,137.0
9796,2018-11,W6Y250,예래동,339650.0,116.0
9797,2018-12,W6Y250,예래동,373250.0,103.0
9798,2019-01,W6Y250,예래동,447450.0,122.0
9799,2019-02,W6Y250,예래동,469000.0,118.0
9800,2019-03,W6Y250,예래동,416050.0,112.0
9801,2019-04,W6Y250,예래동,401600.0,118.0
9802,2019-05,W6Y250,예래동,430300.0,130.0
9803,2019-06,W6Y250,예래동,572000.0,164.0
9804,2019-07,W6Y250,예래동,511850.0,178.0
9805,2019-08,W6Y250,예래동,505750.0,180.0
9806,2019-09,W6Y250,예래동,533100.0,157.0
9807,2019-10,W6Y250,예래동,442450.0,154.0
9808,2019-11,W6Y250,예래동,437900.0,141.0
9809,2019-12,W6Y250,예래동,484100.0,129.0
9810,2020-01,W6Y250,예래동,504000.0,153.0
9811,2020-02,W6Y250,예래동,469850.0,142.0
9812,2020-03,W6Y250,예래동,535500.0,168.0
9813,2020-04,W6Y250,예래동,542800.0,163.0
9814,2020-05,W6Y250,예래동,504900.0,194.0
9815,2020-06,W6Y250,예래동,632049.0,238.0
9816,2020-07,W6Y250,예래동,765050.0,289.0
9817,2020-08,W6Y250,예래동,835700.0,312.0
9818,2020-09,W6Y250,예래동,665300.0,288.0
9819,2020-10,W6Y250,예래동,622700.0,274.0
9820,2020-11,W6Y250,예래동,593150.0,244.0
9821,2020-12,W6Y250,예래동,590500.0,238.0
9822,2021-01,W6Y250,예래동,591200.0,238.0
9823,2021-02,W6Y250,예래동,636000.0,237.0
9824,2021-03,W6Y250,예래동,597000.0,221.0
9825,2021-04,W6Y250,예래동,,
9826,2021-05,W6Y250,예래동,665700.0,309.0
9827,2021-06,W6Y250,예래동,660100.0,289.0
9828,2018-01,W6Y251,예래동,1011800.0,210.0
9829,2018-02,W6Y251,예래동,777450.0,195.0
9830,2018-03,W6Y251,예래동,958000.0,236.0
9831,2018-04,W6Y251,예래동,1176550.0,296.0
9832,2018-05,W6Y251,예래동,1116600.0,309.0
9833,2018-06,W6Y251,예래동,1332700.0,315.0
9834,2018-07,W6Y251,예래동,1037950.0,380.0
9835,2018-08,W6Y251,예래동,884350.0,400.0
9836,2018-09,W6Y251,예래동,874750.0,388.0
9837,2018-10,W6Y251,예래동,738200.0,275.0
9838,2018-11,W6Y251,예래동,167000.0,63.0
9839,2018-12,W6Y251,예래동,229500.0,97.0
9840,2019-01,W6Y251,예래동,197100.0,62.0
9841,2019-02,W6Y251,예래동,98400.0,43.0
9842,2019-03,W6Y251,예래동,132050.0,50.0
9843,2019-04,W6Y251,예래동,169200.0,77.0
9844,2019-05,W6Y251,예래동,113650.0,58.0
9845,2019-06,W6Y251,예래동,1147550.0,397.0
9846,2019-07,W6Y251,예래동,1765750.0,445.0
9847,2019-08,W6Y251,예래동,1625800.0,500.0
9848,2019-09,W6Y251,예래동,1079450.0,368.0
9849,2019-10,W6Y251,예래동,885250.0,341.0
9850,2019-11,W6Y251,예래동,996300.0,332.0
9851,2019-12,W6Y251,예래동,1037699.0,320.0
9852,2020-01,W6Y251,예래동,1212000.0,339.0
9853,2020-02,W6Y251,예래동,822300.0,253.0
9854,2020-03,W6Y251,예래동,933748.0,301.0
9855,2020-04,W6Y251,예래동,864149.0,323.0
9856,2020-05,W6Y251,예래동,1041400.0,410.0
9857,2020-06,W6Y251,예래동,1040750.0,403.0
9858,2020-07,W6Y251,예래동,1293549.0,488.0
9859,2020-08,W6Y251,예래동,1481600.0,487.0
9860,2020-09,W6Y251,예래동,1081900.0,413.0
9861,2020-10,W6Y251,예래동,1209800.0,407.0
9862,2020-11,W6Y251,예래동,1299600.0,404.0
9863,2020-12,W6Y251,예래동,1361500.0,360.0
9864,2021-01,W6Y251,예래동,1142700.0,360.0
9865,2021-02,W6Y251,예래동,1315250.0,361.0
9866,2021-03,W6Y251,예래동,1380400.0,371.0
9867,2021-04,W6Y251,예래동,,
9868,2021-05,W6Y251,예래동,1383650.0,454.0
9869,2021-06,W6Y251,예래동,1290150.0,504.0
9870,2018-01,W6Y252,예래동,605950.0,205.0
9871,2018-02,W6Y252,예래동,592350.0,185.0
9872,2018-03,W6Y252,예래동,731200.0,219.0
9873,2018-04,W6Y252,예래동,661900.0,276.0
9874,2018-05,W6Y252,예래동,755150.0,309.0
9875,2018-06,W6Y252,예래동,761700.0,320.0
9876,2018-07,W6Y252,예래동,717500.0,334.0
9877,2018-08,W6Y252,예래동,926700.0,366.0
9878,2018-09,W6Y252,예래동,554600.0,241.0
9879,2018-10,W6Y252,예래동,583950.0,289.0
9880,2018-11,W6Y252,예래동,815650.0,286.0
9881,2018-12,W6Y252,예래동,1155800.0,322.0
9882,2019-01,W6Y252,예래동,988750.0,282.0
9883,2019-02,W6Y252,예래동,992750.0,255.0
9884,2019-03,W6Y252,예래동,731650.0,197.0
9885,2019-04,W6Y252,예래동,860100.0,256.0
9886,2019-05,W6Y252,예래동,903850.0,268.0
9887,2019-06,W6Y252,예래동,757550.0,293.0
9888,2019-07,W6Y252,예래동,715350.0,272.0
9889,2019-08,W6Y252,예래동,1034499.0,350.0
9890,2019-09,W6Y252,예래동,842150.0,289.0
9891,2019-10,W6Y252,예래동,1223095.0,323.0
9892,2019-11,W6Y252,예래동,1004300.0,292.0
9893,2019-12,W6Y252,예래동,1082799.0,272.0
9894,2020-01,W6Y252,예래동,1022949.0,268.0
9895,2020-02,W6Y252,예래동,943700.0,237.0
9896,2020-03,W6Y252,예래동,1077450.0,307.0
9897,2020-04,W6Y252,예래동,977149.0,309.0
9898,2020-05,W6Y252,예래동,1025150.0,346.0
9899,2020-06,W6Y252,예래동,1042100.0,353.0
9900,2020-07,W6Y252,예래동,1109100.0,373.0
9901,2020-08,W6Y252,예래동,1325500.0,415.0
9902,2020-09,W6Y252,예래동,969850.0,335.0
9903,2020-10,W6Y252,예래동,1011300.0,351.0
9904,2020-11,W6Y252,예래동,1015800.0,295.0
9905,2020-12,W6Y252,예래동,1065650.0,321.0
9906,2021-01,W6Y252,예래동,924400.0,308.0
9907,2021-02,W6Y252,예래동,934200.0,267.0
9908,2021-03,W6Y252,예래동,1014600.0,302.0
9909,2021-04,W6Y252,예래동,,
9910,2021-05,W6Y252,예래동,995950.0,389.0
9911,2021-06,W6Y252,예래동,704650.0,258.0
9912,2018-01,W6Y253,예래동,464150.0,132.0
9913,2018-02,W6Y253,예래동,547750.0,149.0
9914,2018-03,W6Y253,예래동,642100.0,195.0
9915,2018-04,W6Y253,예래동,570100.0,183.0
9916,2018-05,W6Y253,예래동,562750.0,199.0
9917,2018-06,W6Y253,예래동,562200.0,204.0
9918,2018-07,W6Y253,예래동,839000.0,270.0
9919,2018-08,W6Y253,예래동,773650.0,278.0
9920,2018-09,W6Y253,예래동,610700.0,242.0
9921,2018-10,W6Y253,예래동,353050.0,167.0
9922,2018-11,W6Y253,예래동,390600.0,159.0
9923,2018-12,W6Y253,예래동,570800.0,227.0
9924,2019-01,W6Y253,예래동,476650.0,171.0
9925,2019-02,W6Y253,예래동,574800.0,181.0
9926,2019-03,W6Y253,예래동,681400.0,207.0
9927,2019-04,W6Y253,예래동,489700.0,182.0
9928,2019-05,W6Y253,예래동,607100.0,233.0
9929,2019-06,W6Y253,예래동,632500.0,246.0
9930,2019-07,W6Y253,예래동,765398.0,279.0
9931,2019-08,W6Y253,예래동,794850.0,282.0
9932,2019-09,W6Y253,예래동,668650.0,262.0
9933,2019-10,W6Y253,예래동,610800.0,271.0
9934,2019-11,W6Y253,예래동,822100.0,270.0
9935,2019-12,W6Y253,예래동,709550.0,254.0
9936,2020-01,W6Y253,예래동,875400.0,234.0
9937,2020-02,W6Y253,예래동,630700.0,224.0
9938,2020-03,W6Y253,예래동,749600.0,268.0
9939,2020-04,W6Y253,예래동,569200.0,243.0
9940,2020-05,W6Y253,예래동,723900.0,319.0
9941,2020-06,W6Y253,예래동,698749.0,287.0
9942,2020-07,W6Y253,예래동,819600.0,328.0
9943,2020-08,W6Y253,예래동,1009400.0,356.0
9944,2020-09,W6Y253,예래동,706300.0,316.0
9945,2020-10,W6Y253,예래동,740300.0,298.0
9946,2020-11,W6Y253,예래동,782250.0,243.0
9947,2020-12,W6Y253,예래동,810750.0,267.0
9948,2021-01,W6Y253,예래동,794350.0,238.0
9949,2021-02,W6Y253,예래동,753700.0,246.0
9950,2021-03,W6Y253,예래동,765500.0,245.0
9951,2021-04,W6Y253,예래동,,
9952,2021-05,W6Y253,예래동,681750.0,256.0
9953,2021-06,W6Y253,예래동,718800.0,268.0
9954,2018-01,W6Y254,예래동,,
9955,2018-02,W6Y254,예래동,,
9956,2018-03,W6Y254,예래동,,
9957,2018-04,W6Y254,예래동,,
9958,2018-05,W6Y254,예래동,,
9959,2018-06,W6Y254,예래동,,
9960,2018-07,W6Y254,예래동,449600.0,155.0
9961,2018-08,W6Y254,예래동,849200.0,393.0
9962,2018-09,W6Y254,예래동,598550.0,336.0
9963,2018-10,W6Y254,예래동,610350.0,345.0
9964,2018-11,W6Y254,예래동,578950.0,338.0
9965,2018-12,W6Y254,예래동,876150.0,362.0
9966,2019-01,W6Y254,예래동,671750.0,372.0
9967,2019-02,W6Y254,예래동,358850.0,184.0
9968,2019-03,W6Y254,예래동,,
9969,2019-04,W6Y254,예래동,,
9970,2019-05,W6Y254,예래동,364250.0,217.0
9971,2019-06,W6Y254,예래동,1078750.0,510.0
9972,2019-07,W6Y254,예래동,701600.0,438.0
9973,2019-08,W6Y254,예래동,695350.0,407.0
9974,2019-09,W6Y254,예래동,426500.0,267.0
9975,2019-10,W6Y254,예래동,479600.0,338.0
9976,2019-11,W6Y254,예래동,494850.0,305.0
9977,2019-12,W6Y254,예래동,490600.0,248.0
9978,2020-01,W6Y254,예래동,554650.0,284.0
9979,2020-02,W6Y254,예래동,555750.0,279.0
9980,2020-03,W6Y254,예래동,500700.0,283.0
9981,2020-04,W6Y254,예래동,226050.0,140.0
9982,2020-05,W6Y254,예래동,308350.0,188.0
9983,2020-06,W6Y254,예래동,257850.0,150.0
9984,2020-07,W6Y254,예래동,245600.0,159.0
9985,2020-08,W6Y254,예래동,359850.0,208.0
9986,2020-09,W6Y254,예래동,224450.0,162.0
9987,2020-10,W6Y254,예래동,191000.0,94.0
9988,2020-11,W6Y254,예래동,427800.0,208.0
9989,2020-12,W6Y254,예래동,651750.0,213.0
9990,2021-01,W6Y254,예래동,818350.0,197.0
9991,2021-02,W6Y254,예래동,743300.0,194.0
9992,2021-03,W6Y254,예래동,574750.0,200.0
9993,2021-04,W6Y254,예래동,,
9994,2021-05,W6Y254,예래동,555600.0,253.0
9995,2021-06,W6Y254,예래동,268950.0,109.0
9996,2018-01,W6Y257,안덕면,1087900.0,243.0
9997,2018-02,W6Y257,안덕면,1149700.0,239.0
9998,2018-03,W6Y257,안덕면,1049800.0,185.0
9999,2018-04,W6Y257,안덕면,1227850.0,203.0
10000,2018-05,W6Y257,안덕면,1288000.0,217.0
10001,2018-06,W6Y257,안덕면,1225950.0,208.0
10002,2018-07,W6Y257,안덕면,1230500.0,239.0
10003,2018-08,W6Y257,안덕면,1055650.0,189.0
10004,2018-09,W6Y257,안덕면,753200.0,139.0
10005,2018-10,W6Y257,안덕면,1407700.0,328.0
10006,2018-11,W6Y257,안덕면,1992900.0,566.0
10007,2018-12,W6Y257,안덕면,1995500.0,583.0
10008,2019-01,W6Y257,안덕면,1565650.0,496.0
10009,2019-02,W6Y257,안덕면,1381650.0,419.0
10010,2019-03,W6Y257,안덕면,985000.0,382.0
10011,2019-04,W6Y257,안덕면,514200.0,88.0
10012,2019-05,W6Y257,안덕면,455400.0,57.0
10013,2019-06,W6Y257,안덕면,2160499.0,543.0
10014,2019-07,W6Y257,안덕면,1278349.0,176.0
10015,2019-08,W6Y257,안덕면,1320900.0,186.0
10016,2019-09,W6Y257,안덕면,1000000.0,182.0
10017,2019-10,W6Y257,안덕면,1168850.0,165.0
10018,2019-11,W6Y257,안덕면,1002650.0,151.0
10019,2019-12,W6Y257,안덕면,1142750.0,133.0
10020,2020-01,W6Y257,안덕면,1151499.0,152.0
10021,2020-02,W6Y257,안덕면,841949.0,122.0
10022,2020-03,W6Y257,안덕면,901300.0,125.0
10023,2020-04,W6Y257,안덕면,1088249.0,129.0
10024,2020-05,W6Y257,안덕면,1620349.0,201.0
10025,2020-06,W6Y257,안덕면,2210500.0,233.0
10026,2020-07,W6Y257,안덕면,2685049.0,243.0
10027,2020-08,W6Y257,안덕면,2088900.0,188.0
10028,2020-09,W6Y257,안덕면,1410550.0,129.0
10029,2020-10,W6Y257,안덕면,767700.0,125.0
10030,2020-11,W6Y257,안덕면,374350.0,106.0
10031,2020-12,W6Y257,안덕면,320000.0,102.0
10032,2021-01,W6Y257,안덕면,244400.0,74.0
10033,2021-02,W6Y257,안덕면,338400.0,88.0
10034,2021-03,W6Y257,안덕면,264200.0,71.0
10035,2021-04,W6Y257,안덕면,,
10036,2021-05,W6Y257,안덕면,429250.0,112.0
10037,2021-06,W6Y257,안덕면,485400.0,137.0
10038,2018-01,W6Y258,효돈동,,
10039,2018-02,W6Y258,효돈동,,
10040,2018-03,W6Y258,효돈동,,
10041,2018-04,W6Y258,효돈동,,
10042,2018-05,W6Y258,효돈동,,
10043,2018-06,W6Y258,효돈동,,
10044,2018-07,W6Y258,효돈동,,
10045,2018-08,W6Y258,효돈동,,
10046,2018-09,W6Y258,효돈동,,
10047,2018-10,W6Y258,효돈동,,
10048,2018-11,W6Y258,효돈동,,
10049,2018-12,W6Y258,효돈동,,
10050,2019-01,W6Y258,효돈동,,
10051,2019-02,W6Y258,효돈동,,
10052,2019-03,W6Y258,효돈동,,
10053,2019-04,W6Y258,효돈동,,
10054,2019-05,W6Y258,효돈동,,
10055,2019-06,W6Y258,효돈동,,
10056,2019-07,W6Y258,효돈동,,
10057,2019-08,W6Y258,효돈동,,
10058,2019-09,W6Y258,효돈동,,
10059,2019-10,W6Y258,효돈동,,
10060,2019-11,W6Y258,효돈동,,
10061,2019-12,W6Y258,효돈동,,
10062,2020-01,W6Y258,효돈동,,
10063,2020-02,W6Y258,효돈동,,
10064,2020-03,W6Y258,효돈동,,
10065,2020-04,W6Y258,효돈동,,
10066,2020-05,W6Y258,효돈동,,
10067,2020-06,W6Y258,효돈동,,
10068,2020-07,W6Y258,효돈동,,
10069,2020-08,W6Y258,효돈동,,
10070,2020-09,W6Y258,효돈동,,
10071,2020-10,W6Y258,효돈동,,
10072,2020-11,W6Y258,효돈동,,
10073,2020-12,W6Y258,효돈동,,
10074,2021-01,W6Y258,효돈동,,
10075,2021-02,W6Y258,효돈동,,
10076,2021-03,W6Y258,효돈동,,
10077,2021-04,W6Y258,효돈동,,
10078,2021-05,W6Y258,효돈동,,
10079,2021-06,W6Y258,효돈동,,
10080,2018-01,W6Y259,효돈동,470600.0,98.0
10081,2018-02,W6Y259,효돈동,265000.0,88.0
10082,2018-03,W6Y259,효돈동,295200.0,87.0
10083,2018-04,W6Y259,효돈동,,
10084,2018-05,W6Y259,효돈동,,
10085,2018-06,W6Y259,효돈동,,
10086,2018-07,W6Y259,효돈동,,
10087,2018-08,W6Y259,효돈동,,
10088,2018-09,W6Y259,효돈동,629400.0,205.0
10089,2018-10,W6Y259,효돈동,844300.0,230.0
10090,2018-11,W6Y259,효돈동,668500.0,191.0
10091,2018-12,W6Y259,효돈동,740500.0,221.0
10092,2019-01,W6Y259,효돈동,794350.0,231.0
10093,2019-02,W6Y259,효돈동,1061700.0,259.0
10094,2019-03,W6Y259,효돈동,1008850.0,288.0
10095,2019-04,W6Y259,효돈동,1094300.0,339.0
10096,2019-05,W6Y259,효돈동,1237750.0,395.0
10097,2019-06,W6Y259,효돈동,176200.0,51.0
10098,2019-07,W6Y259,효돈동,,
10099,2019-08,W6Y259,효돈동,,
10100,2019-09,W6Y259,효돈동,,
10101,2019-10,W6Y259,효돈동,,
10102,2019-11,W6Y259,효돈동,,
10103,2019-12,W6Y259,효돈동,,
10104,2020-01,W6Y259,효돈동,,
10105,2020-02,W6Y259,효돈동,,
10106,2020-03,W6Y259,효돈동,,
10107,2020-04,W6Y259,효돈동,,
10108,2020-05,W6Y259,효돈동,,
10109,2020-06,W6Y259,효돈동,,
10110,2020-07,W6Y259,효돈동,,
10111,2020-08,W6Y259,효돈동,,
10112,2020-09,W6Y259,효돈동,,
10113,2020-10,W6Y259,효돈동,,
10114,2020-11,W6Y259,효돈동,,
10115,2020-12,W6Y259,효돈동,,
10116,2021-01,W6Y259,효돈동,,
10117,2021-02,W6Y259,효돈동,,
10118,2021-03,W6Y259,효돈동,,
10119,2021-04,W6Y259,효돈동,,
10120,2021-05,W6Y259,효돈동,,
10121,2021-06,W6Y259,효돈동,,
10122,2018-01,W6Y260,효돈동,1028600.0,189.0
10123,2018-02,W6Y260,효돈동,910200.0,170.0
10124,2018-03,W6Y260,효돈동,1066550.0,216.0
10125,2018-04,W6Y260,효돈동,857650.0,148.0
10126,2018-05,W6Y260,효돈동,1247150.0,215.0
10127,2018-06,W6Y260,효돈동,974650.0,222.0
10128,2018-07,W6Y260,효돈동,751500.0,211.0
10129,2018-08,W6Y260,효돈동,705750.0,248.0
10130,2018-09,W6Y260,효돈동,660000.0,244.0
10131,2018-10,W6Y260,효돈동,461650.0,198.0
10132,2018-11,W6Y260,효돈동,532250.0,193.0
10133,2018-12,W6Y260,효돈동,433250.0,161.0
10134,2019-01,W6Y260,효돈동,454000.0,177.0
10135,2019-02,W6Y260,효돈동,320250.0,103.0
10136,2019-03,W6Y260,효돈동,408750.0,181.0
10137,2019-04,W6Y260,효돈동,461850.0,192.0
10138,2019-05,W6Y260,효돈동,445400.0,173.0
10139,2019-06,W6Y260,효돈동,,
10140,2019-07,W6Y260,효돈동,,
10141,2019-08,W6Y260,효돈동,,
10142,2019-09,W6Y260,효돈동,,
10143,2019-10,W6Y260,효돈동,,
10144,2019-11,W6Y260,효돈동,,
10145,2019-12,W6Y260,효돈동,,
10146,2020-01,W6Y260,효돈동,,
10147,2020-02,W6Y260,효돈동,,
10148,2020-03,W6Y260,효돈동,,
10149,2020-04,W6Y260,효돈동,,
10150,2020-05,W6Y260,효돈동,,
10151,2020-06,W6Y260,효돈동,,
10152,2020-07,W6Y260,효돈동,769000.0,303.0
10153,2020-08,W6Y260,효돈동,3955100.0,1490.0
10154,2020-09,W6Y260,효돈동,3343750.0,1271.0
10155,2020-10,W6Y260,효돈동,2791250.0,1167.0
10156,2020-11,W6Y260,효돈동,3043850.0,1052.0
10157,2020-12,W6Y260,효돈동,3511000.0,1092.0
10158,2021-01,W6Y260,효돈동,3710250.0,1104.0
10159,2021-02,W6Y260,효돈동,3481250.0,1079.0
10160,2021-03,W6Y260,효돈동,3368950.0,1157.0
10161,2021-04,W6Y260,효돈동,,
10162,2021-05,W6Y260,효돈동,3244250.0,1308.0
10163,2021-06,W6Y260,효돈동,3809300.0,1343.0
10164,2018-01,W6Y261,효돈동,1005750.0,281.0
10165,2018-02,W6Y261,효돈동,1022650.0,288.0
10166,2018-03,W6Y261,효돈동,938200.0,233.0
10167,2018-04,W6Y261,효돈동,,
10168,2018-05,W6Y261,효돈동,,
10169,2018-06,W6Y261,효돈동,179300.0,95.0
10170,2018-07,W6Y261,효돈동,953300.0,562.0
10171,2018-08,W6Y261,효돈동,885150.0,473.0
10172,2018-09,W6Y261,효돈동,818650.0,481.0
10173,2018-10,W6Y261,효돈동,748800.0,453.0
10174,2018-11,W6Y261,효돈동,982150.0,445.0
10175,2018-12,W6Y261,효돈동,954950.0,454.0
10176,2019-01,W6Y261,효돈동,931450.0,427.0
10177,2019-02,W6Y261,효돈동,1012350.0,429.0
10178,2019-03,W6Y261,효돈동,997150.0,476.0
10179,2019-04,W6Y261,효돈동,968000.0,475.0
10180,2019-05,W6Y261,효돈동,936350.0,490.0
10181,2019-06,W6Y261,효돈동,501400.0,277.0
10182,2019-07,W6Y261,효돈동,,
10183,2019-08,W6Y261,효돈동,,
10184,2019-09,W6Y261,효돈동,,
10185,2019-10,W6Y261,효돈동,,
10186,2019-11,W6Y261,효돈동,,
10187,2019-12,W6Y261,효돈동,,
10188,2020-01,W6Y261,효돈동,,
10189,2020-02,W6Y261,효돈동,,
10190,2020-03,W6Y261,효돈동,,
10191,2020-04,W6Y261,효돈동,,
10192,2020-05,W6Y261,효돈동,,
10193,2020-06,W6Y261,효돈동,,
10194,2020-07,W6Y261,효돈동,380100.0,126.0
10195,2020-08,W6Y261,효돈동,1479300.0,547.0
10196,2020-09,W6Y261,효돈동,1428750.0,508.0
10197,2020-10,W6Y261,효돈동,1568850.0,510.0
10198,2020-11,W6Y261,효돈동,1482900.0,417.0
10199,2020-12,W6Y261,효돈동,1585150.0,446.0
10200,2021-01,W6Y261,효돈동,1578500.0,460.0
10201,2021-02,W6Y261,효돈동,1797200.0,475.0
10202,2021-03,W6Y261,효돈동,1476100.0,451.0
10203,2021-04,W6Y261,효돈동,,
10204,2021-05,W6Y261,효돈동,1604150.0,582.0
10205,2021-06,W6Y261,효돈동,1703400.0,606.0
10206,2018-01,W6Y262,효돈동,33050.0,26.0
10207,2018-02,W6Y262,효돈동,15000.0,15.0
10208,2018-03,W6Y262,효돈동,35000.0,29.0
10209,2018-04,W6Y262,효돈동,46200.0,33.0
10210,2018-05,W6Y262,효돈동,42550.0,29.0
10211,2018-06,W6Y262,효돈동,31200.0,35.0
10212,2018-07,W6Y262,효돈동,77200.0,72.0
10213,2018-08,W6Y262,효돈동,53050.0,47.0
10214,2018-09,W6Y262,효돈동,21100.0,20.0
10215,2018-10,W6Y262,효돈동,,
10216,2018-11,W6Y262,효돈동,23400.0,7.0
10217,2018-12,W6Y262,효돈동,38100.0,11.0
10218,2019-01,W6Y262,효돈동,55750.0,8.0
10219,2019-02,W6Y262,효돈동,29250.0,13.0
10220,2019-03,W6Y262,효돈동,64150.0,12.0
10221,2019-04,W6Y262,효돈동,20500.0,9.0
10222,2019-05,W6Y262,효돈동,27400.0,9.0
10223,2019-06,W6Y262,효돈동,107350.0,38.0
10224,2019-07,W6Y262,효돈동,,
10225,2019-08,W6Y262,효돈동,,
10226,2019-09,W6Y262,효돈동,,
10227,2019-10,W6Y262,효돈동,,
10228,2019-11,W6Y262,효돈동,,
10229,2019-12,W6Y262,효돈동,,
10230,2020-01,W6Y262,효돈동,,
10231,2020-02,W6Y262,효돈동,,
10232,2020-03,W6Y262,효돈동,,
10233,2020-04,W6Y262,효돈동,,
10234,2020-05,W6Y262,효돈동,,
10235,2020-06,W6Y262,효돈동,,
10236,2020-07,W6Y262,효돈동,,
10237,2020-08,W6Y262,효돈동,,
10238,2020-09,W6Y262,효돈동,,
10239,2020-10,W6Y262,효돈동,,
10240,2020-11,W6Y262,효돈동,,
10241,2020-12,W6Y262,효돈동,,
10242,2021-01,W6Y262,효돈동,,
10243,2021-02,W6Y262,효돈동,,
10244,2021-03,W6Y262,효돈동,,
10245,2021-04,W6Y262,효돈동,,
10246,2021-05,W6Y262,효돈동,,
10247,2021-06,W6Y262,효돈동,,
10248,2018-01,W6Y263,효돈동,530900.0,91.0
10249,2018-02,W6Y263,효돈동,546850.0,113.0
10250,2018-03,W6Y263,효돈동,614200.0,114.0
10251,2018-04,W6Y263,효돈동,695350.0,141.0
10252,2018-05,W6Y263,효돈동,637600.0,133.0
10253,2018-06,W6Y263,효돈동,510250.0,133.0
10254,2018-07,W6Y263,효돈동,709300.0,170.0
10255,2018-08,W6Y263,효돈동,831200.0,189.0
10256,2018-09,W6Y263,효돈동,603650.0,141.0
10257,2018-10,W6Y263,효돈동,636150.0,152.0
10258,2018-11,W6Y263,효돈동,857900.0,139.0
10259,2018-12,W6Y263,효돈동,676050.0,131.0
10260,2019-01,W6Y263,효돈동,629400.0,118.0
10261,2019-02,W6Y263,효돈동,498650.0,110.0
10262,2019-03,W6Y263,효돈동,378350.0,106.0
10263,2019-04,W6Y263,효돈동,162100.0,76.0
10264,2019-05,W6Y263,효돈동,208850.0,32.0
10265,2019-06,W6Y263,효돈동,,
10266,2019-07,W6Y263,효돈동,,
10267,2019-08,W6Y263,효돈동,,
10268,2019-09,W6Y263,효돈동,400.0,1.0
10269,2019-10,W6Y263,효돈동,10150.0,7.0
10270,2019-11,W6Y263,효돈동,22400.0,8.0
10271,2019-12,W6Y263,효돈동,18550.0,4.0
10272,2020-01,W6Y263,효돈동,50500.0,8.0
10273,2020-02,W6Y263,효돈동,33850.0,3.0
10274,2020-03,W6Y263,효돈동,27650.0,18.0
10275,2020-04,W6Y263,효돈동,16000.0,6.0
10276,2020-05,W6Y263,효돈동,20750.0,9.0
10277,2020-06,W6Y263,효돈동,24200.0,6.0
10278,2020-07,W6Y263,효돈동,43850.0,16.0
10279,2020-08,W6Y263,효돈동,63750.0,26.0
10280,2020-09,W6Y263,효돈동,26600.0,19.0
10281,2020-10,W6Y263,효돈동,43500.0,32.0
10282,2020-11,W6Y263,효돈동,43900.0,31.0
10283,2020-12,W6Y263,효돈동,43900.0,33.0
10284,2021-01,W6Y263,효돈동,19350.0,12.0
10285,2021-02,W6Y263,효돈동,59150.0,34.0
10286,2021-03,W6Y263,효돈동,60400.0,37.0
10287,2021-04,W6Y263,효돈동,,
10288,2021-05,W6Y263,효돈동,35800.0,36.0
10289,2021-06,W6Y263,효돈동,65400.0,48.0
10290,2018-01,W6Y264,효돈동,1057850.0,348.0
10291,2018-02,W6Y264,효돈동,743650.0,218.0
10292,2018-03,W6Y264,효돈동,,
10293,2018-04,W6Y264,효돈동,,
10294,2018-05,W6Y264,효돈동,,
10295,2018-06,W6Y264,효돈동,,
10296,2018-07,W6Y264,효돈동,,
10297,2018-08,W6Y264,효돈동,,
10298,2018-09,W6Y264,효돈동,,
10299,2018-10,W6Y264,효돈동,,
10300,2018-11,W6Y264,효돈동,,
10301,2018-12,W6Y264,효돈동,,
10302,2019-01,W6Y264,효돈동,,
10303,2019-02,W6Y264,효돈동,,
10304,2019-03,W6Y264,효돈동,,
10305,2019-04,W6Y264,효돈동,,
10306,2019-05,W6Y264,효돈동,,
10307,2019-06,W6Y264,효돈동,,
10308,2019-07,W6Y264,효돈동,,
10309,2019-08,W6Y264,효돈동,,
10310,2019-09,W6Y264,효돈동,,
10311,2019-10,W6Y264,효돈동,,
10312,2019-11,W6Y264,효돈동,,
10313,2019-12,W6Y264,효돈동,,
10314,2020-01,W6Y264,효돈동,,
10315,2020-02,W6Y264,효돈동,,
10316,2020-03,W6Y264,효돈동,,
10317,2020-04,W6Y264,효돈동,,
10318,2020-05,W6Y264,효돈동,,
10319,2020-06,W6Y264,효돈동,,
10320,2020-07,W6Y264,효돈동,499950.0,236.0
10321,2020-08,W6Y264,효돈동,2178900.0,995.0
10322,2020-09,W6Y264,효돈동,1731700.0,815.0
10323,2020-10,W6Y264,효돈동,1622250.0,810.0
10324,2020-11,W6Y264,효돈동,1511900.0,689.0
10325,2020-12,W6Y264,효돈동,1685500.0,694.0
10326,2021-01,W6Y264,효돈동,1717900.0,665.0
10327,2021-02,W6Y264,효돈동,1698750.0,633.0
10328,2021-03,W6Y264,효돈동,1772400.0,680.0
10329,2021-04,W6Y264,효돈동,,
10330,2021-05,W6Y264,효돈동,1730800.0,859.0
10331,2021-06,W6Y264,효돈동,1793850.0,905.0
10332,2018-01,W6Y265,효돈동,,
10333,2018-02,W6Y265,효돈동,,
10334,2018-03,W6Y265,효돈동,,
10335,2018-04,W6Y265,효돈동,,
10336,2018-05,W6Y265,효돈동,,
10337,2018-06,W6Y265,효돈동,,
10338,2018-07,W6Y265,효돈동,,
10339,2018-08,W6Y265,효돈동,,
10340,2018-09,W6Y265,효돈동,,
10341,2018-10,W6Y265,효돈동,,
10342,2018-11,W6Y265,효돈동,,
10343,2018-12,W6Y265,효돈동,,
10344,2019-01,W6Y265,효돈동,,
10345,2019-02,W6Y265,효돈동,,
10346,2019-03,W6Y265,효돈동,,
10347,2019-04,W6Y265,효돈동,,
10348,2019-05,W6Y265,효돈동,,
10349,2019-06,W6Y265,효돈동,,
10350,2019-07,W6Y265,효돈동,,
10351,2019-08,W6Y265,효돈동,,
10352,2019-09,W6Y265,효돈동,,
10353,2019-10,W6Y265,효돈동,,
10354,2019-11,W6Y265,효돈동,,
10355,2019-12,W6Y265,효돈동,,
10356,2020-01,W6Y265,효돈동,,
10357,2020-02,W6Y265,효돈동,,
10358,2020-03,W6Y265,효돈동,,
10359,2020-04,W6Y265,효돈동,,
10360,2020-05,W6Y265,효돈동,,
10361,2020-06,W6Y265,효돈동,,
10362,2020-07,W6Y265,효돈동,228600.0,53.0
10363,2020-08,W6Y265,효돈동,3383200.0,1032.0
10364,2020-09,W6Y265,효돈동,3381750.0,969.0
10365,2020-10,W6Y265,효돈동,3320250.0,964.0
10366,2020-11,W6Y265,효돈동,3458750.0,892.0
10367,2020-12,W6Y265,효돈동,18650.0,6.0
10368,2021-01,W6Y265,효돈동,,
10369,2021-02,W6Y265,효돈동,,
10370,2021-03,W6Y265,효돈동,,
10371,2021-04,W6Y265,효돈동,,
10372,2021-05,W6Y265,효돈동,,
10373,2021-06,W6Y265,효돈동,,
10374,2018-01,W6Y266,효돈동,,
10375,2018-02,W6Y266,효돈동,,
10376,2018-03,W6Y266,효돈동,,
10377,2018-04,W6Y266,효돈동,,
10378,2018-05,W6Y266,효돈동,,
10379,2018-06,W6Y266,효돈동,,
10380,2018-07,W6Y266,효돈동,,
10381,2018-08,W6Y266,효돈동,,
10382,2018-09,W6Y266,효돈동,,
10383,2018-10,W6Y266,효돈동,,
10384,2018-11,W6Y266,효돈동,,
10385,2018-12,W6Y266,효돈동,,
10386,2019-01,W6Y266,효돈동,,
10387,2019-02,W6Y266,효돈동,,
10388,2019-03,W6Y266,효돈동,,
10389,2019-04,W6Y266,효돈동,,
10390,2019-05,W6Y266,효돈동,,
10391,2019-06,W6Y266,효돈동,,
10392,2019-07,W6Y266,효돈동,,
10393,2019-08,W6Y266,효돈동,,
10394,2019-09,W6Y266,효돈동,,
10395,2019-10,W6Y266,효돈동,,
10396,2019-11,W6Y266,효돈동,,
10397,2019-12,W6Y266,효돈동,,
10398,2020-01,W6Y266,효돈동,,
10399,2020-02,W6Y266,효돈동,,
10400,2020-03,W6Y266,효돈동,,
10401,2020-04,W6Y266,효돈동,,
10402,2020-05,W6Y266,효돈동,,
10403,2020-06,W6Y266,효돈동,,
10404,2020-07,W6Y266,효돈동,876950.0,264.0
10405,2020-08,W6Y266,효돈동,3279700.0,1018.0
10406,2020-09,W6Y266,효돈동,2758850.0,904.0
10407,2020-10,W6Y266,효돈동,2916100.0,851.0
10408,2020-11,W6Y266,효돈동,2904750.0,782.0
10409,2020-12,W6Y266,효돈동,3020050.0,815.0
10410,2021-01,W6Y266,효돈동,2950400.0,805.0
10411,2021-02,W6Y266,효돈동,3062000.0,819.0
10412,2021-03,W6Y266,효돈동,3040100.0,846.0
10413,2021-04,W6Y266,효돈동,,
10414,2021-05,W6Y266,효돈동,3089250.0,924.0
10415,2021-06,W6Y266,효돈동,3133700.0,1008.0
10416,2018-01,W6Y267,효돈동,1213850.0,229.0
10417,2018-02,W6Y267,효돈동,1054950.0,220.0
10418,2018-03,W6Y267,효돈동,1005350.0,249.0
10419,2018-04,W6Y267,효돈동,980300.0,286.0
10420,2018-05,W6Y267,효돈동,837700.0,288.0
10421,2018-06,W6Y267,효돈동,593000.0,229.0
10422,2018-07,W6Y267,효돈동,689050.0,245.0
10423,2018-08,W6Y267,효돈동,839700.0,259.0
10424,2018-09,W6Y267,효돈동,1171500.0,342.0
10425,2018-10,W6Y267,효돈동,1181150.0,389.0
10426,2018-11,W6Y267,효돈동,991300.0,340.0
10427,2018-12,W6Y267,효돈동,909500.0,299.0
10428,2019-01,W6Y267,효돈동,473100.0,177.0
10429,2019-02,W6Y267,효돈동,452750.0,175.0
10430,2019-03,W6Y267,효돈동,518100.0,150.0
10431,2019-04,W6Y267,효돈동,308500.0,148.0
10432,2019-05,W6Y267,효돈동,336850.0,156.0
10433,2019-06,W6Y267,효돈동,436450.0,175.0
10434,2019-07,W6Y267,효돈동,380600.0,82.0
10435,2019-08,W6Y267,효돈동,439600.0,105.0
10436,2019-09,W6Y267,효돈동,252950.0,91.0
10437,2019-10,W6Y267,효돈동,437600.0,130.0
10438,2019-11,W6Y267,효돈동,308250.0,75.0
10439,2019-12,W6Y267,효돈동,273650.0,80.0
10440,2020-01,W6Y267,효돈동,160500.0,38.0
10441,2020-02,W6Y267,효돈동,202600.0,57.0
10442,2020-03,W6Y267,효돈동,223800.0,65.0
10443,2020-04,W6Y267,효돈동,133800.0,56.0
10444,2020-05,W6Y267,효돈동,161500.0,55.0
10445,2020-06,W6Y267,효돈동,159400.0,54.0
10446,2020-07,W6Y267,효돈동,425350.0,136.0
10447,2020-08,W6Y267,효돈동,4009900.0,1377.0
10448,2020-09,W6Y267,효돈동,3813000.0,1316.0
10449,2020-10,W6Y267,효돈동,3599300.0,1135.0
10450,2020-11,W6Y267,효돈동,3822200.0,1100.0
10451,2020-12,W6Y267,효돈동,3973700.0,1064.0
10452,2021-01,W6Y267,효돈동,3789750.0,1000.0
10453,2021-02,W6Y267,효돈동,3644750.0,904.0
10454,2021-03,W6Y267,효돈동,3510450.0,926.0
10455,2021-04,W6Y267,효돈동,,
10456,2021-05,W6Y267,효돈동,3675050.0,1112.0
10457,2021-06,W6Y267,효돈동,3980300.0,1243.0
10458,2018-01,W6Y268,효돈동,351000.0,89.0
10459,2018-02,W6Y268,효돈동,302500.0,84.0
10460,2018-03,W6Y268,효돈동,340550.0,104.0
10461,2018-04,W6Y268,효돈동,42550.0,7.0
10462,2018-05,W6Y268,효돈동,,
10463,2018-06,W6Y268,효돈동,89800.0,6.0
10464,2018-07,W6Y268,효돈동,18950.0,2.0
10465,2018-08,W6Y268,효돈동,55850.0,6.0
10466,2018-09,W6Y268,효돈동,85200.0,21.0
10467,2018-10,W6Y268,효돈동,251150.0,28.0
10468,2018-11,W6Y268,효돈동,132750.0,25.0
10469,2018-12,W6Y268,효돈동,215850.0,40.0
10470,2019-01,W6Y268,효돈동,17650.0,3.0
10471,2019-02,W6Y268,효돈동,,
10472,2019-03,W6Y268,효돈동,,
10473,2019-04,W6Y268,효돈동,,
10474,2019-05,W6Y268,효돈동,,
10475,2019-06,W6Y268,효돈동,,
10476,2019-07,W6Y268,효돈동,,
10477,2019-08,W6Y268,효돈동,,
10478,2019-09,W6Y268,효돈동,,
10479,2019-10,W6Y268,효돈동,,
10480,2019-11,W6Y268,효돈동,,
10481,2019-12,W6Y268,효돈동,,
10482,2020-01,W6Y268,효돈동,,
10483,2020-02,W6Y268,효돈동,,
10484,2020-03,W6Y268,효돈동,,
10485,2020-04,W6Y268,효돈동,,
10486,2020-05,W6Y268,효돈동,,
10487,2020-06,W6Y268,효돈동,,
10488,2020-07,W6Y268,효돈동,,
10489,2020-08,W6Y268,효돈동,,
10490,2020-09,W6Y268,효돈동,,
10491,2020-10,W6Y268,효돈동,,
10492,2020-11,W6Y268,효돈동,,
10493,2020-12,W6Y268,효돈동,,
10494,2021-01,W6Y268,효돈동,,
10495,2021-02,W6Y268,효돈동,,
10496,2021-03,W6Y268,효돈동,,
10497,2021-04,W6Y268,효돈동,,
10498,2021-05,W6Y268,효돈동,,
10499,2021-06,W6Y268,효돈동,,
10500,2018-01,W6Y269,효돈동,,
10501,2018-02,W6Y269,효돈동,,
10502,2018-03,W6Y269,효돈동,,
10503,2018-04,W6Y269,효돈동,,
10504,2018-05,W6Y269,효돈동,,
10505,2018-06,W6Y269,효돈동,,
10506,2018-07,W6Y269,효돈동,,
10507,2018-08,W6Y269,효돈동,,
10508,2018-09,W6Y269,효돈동,,
10509,2018-10,W6Y269,효돈동,,
10510,2018-11,W6Y269,효돈동,,
10511,2018-12,W6Y269,효돈동,,
10512,2019-01,W6Y269,효돈동,,
10513,2019-02,W6Y269,효돈동,,
10514,2019-03,W6Y269,효돈동,,
10515,2019-04,W6Y269,효돈동,,
10516,2019-05,W6Y269,효돈동,,
10517,2019-06,W6Y269,효돈동,,
10518,2019-07,W6Y269,효돈동,,
10519,2019-08,W6Y269,효돈동,,
10520,2019-09,W6Y269,효돈동,,
10521,2019-10,W6Y269,효돈동,,
10522,2019-11,W6Y269,효돈동,,
10523,2019-12,W6Y269,효돈동,,
10524,2020-01,W6Y269,효돈동,,
10525,2020-02,W6Y269,효돈동,,
10526,2020-03,W6Y269,효돈동,,
10527,2020-04,W6Y269,효돈동,,
10528,2020-05,W6Y269,효돈동,,
10529,2020-06,W6Y269,효돈동,,
10530,2020-07,W6Y269,효돈동,,
10531,2020-08,W6Y269,효돈동,,
10532,2020-09,W6Y269,효돈동,,
10533,2020-10,W6Y269,효돈동,,
10534,2020-11,W6Y269,효돈동,,
10535,2020-12,W6Y269,효돈동,,
10536,2021-01,W6Y269,효돈동,,
10537,2021-02,W6Y269,효돈동,,
10538,2021-03,W6Y269,효돈동,,
10539,2021-04,W6Y269,효돈동,,
10540,2021-05,W6Y269,효돈동,,
10541,2021-06,W6Y269,효돈동,,
10542,2018-01,W6Y270,영천동,1835000.0,308.0
10543,2018-02,W6Y270,영천동,1424950.0,281.0
10544,2018-03,W6Y270,영천동,1751050.0,310.0
10545,2018-04,W6Y270,영천동,1726400.0,275.0
10546,2018-05,W6Y270,영천동,2094250.0,393.0
10547,2018-06,W6Y270,영천동,2120450.0,397.0
10548,2018-07,W6Y270,영천동,2186300.0,408.0
10549,2018-08,W6Y270,영천동,1841750.0,421.0
10550,2018-09,W6Y270,영천동,1506850.0,395.0
10551,2018-10,W6Y270,영천동,1458850.0,346.0
10552,2018-11,W6Y270,영천동,774950.0,161.0
10553,2018-12,W6Y270,영천동,,
10554,2019-01,W6Y270,영천동,,
10555,2019-02,W6Y270,영천동,,
10556,2019-03,W6Y270,영천동,,
10557,2019-04,W6Y270,영천동,,
10558,2019-05,W6Y270,영천동,,
10559,2019-06,W6Y270,영천동,,
10560,2019-07,W6Y270,영천동,,
10561,2019-08,W6Y270,영천동,,
10562,2019-09,W6Y270,영천동,,
10563,2019-10,W6Y270,영천동,,
10564,2019-11,W6Y270,영천동,,
10565,2019-12,W6Y270,영천동,,
10566,2020-01,W6Y270,영천동,,
10567,2020-02,W6Y270,영천동,,
10568,2020-03,W6Y270,영천동,,
10569,2020-04,W6Y270,영천동,,
10570,2020-05,W6Y270,영천동,,
10571,2020-06,W6Y270,영천동,,
10572,2020-07,W6Y270,영천동,297200.0,50.0
10573,2020-08,W6Y270,영천동,1086100.0,161.0
10574,2020-09,W6Y270,영천동,713450.0,107.0
10575,2020-10,W6Y270,영천동,896100.0,133.0
10576,2020-11,W6Y270,영천동,885750.0,133.0
10577,2020-12,W6Y270,영천동,914950.0,139.0
10578,2021-01,W6Y270,영천동,840300.0,152.0
10579,2021-02,W6Y270,영천동,824100.0,123.0
10580,2021-03,W6Y270,영천동,812850.0,172.0
10581,2021-04,W6Y270,영천동,,
10582,2021-05,W6Y270,영천동,1212050.0,177.0
10583,2021-06,W6Y270,영천동,1108400.0,191.0
10584,2018-01,W6Y271,영천동,,
10585,2018-02,W6Y271,영천동,,
10586,2018-03,W6Y271,영천동,,
10587,2018-04,W6Y271,영천동,,
10588,2018-05,W6Y271,영천동,,
10589,2018-06,W6Y271,영천동,,
10590,2018-07,W6Y271,영천동,,
10591,2018-08,W6Y271,영천동,,
10592,2018-09,W6Y271,영천동,,
10593,2018-10,W6Y271,영천동,,
10594,2018-11,W6Y271,영천동,,
10595,2018-12,W6Y271,영천동,,
10596,2019-01,W6Y271,영천동,,
10597,2019-02,W6Y271,영천동,,
10598,2019-03,W6Y271,영천동,,
10599,2019-04,W6Y271,영천동,,
10600,2019-05,W6Y271,영천동,,
10601,2019-06,W6Y271,영천동,,
10602,2019-07,W6Y271,영천동,,
10603,2019-08,W6Y271,영천동,,
10604,2019-09,W6Y271,영천동,,
10605,2019-10,W6Y271,영천동,,
10606,2019-11,W6Y271,영천동,,
10607,2019-12,W6Y271,영천동,,
10608,2020-01,W6Y271,영천동,,
10609,2020-02,W6Y271,영천동,,
10610,2020-03,W6Y271,영천동,,
10611,2020-04,W6Y271,영천동,,
10612,2020-05,W6Y271,영천동,,
10613,2020-06,W6Y271,영천동,,
10614,2020-07,W6Y271,영천동,559250.0,85.0
10615,2020-08,W6Y271,영천동,2381100.0,386.0
10616,2020-09,W6Y271,영천동,1220100.0,281.0
10617,2020-10,W6Y271,영천동,1359450.0,294.0
10618,2020-11,W6Y271,영천동,1297700.0,300.0
10619,2020-12,W6Y271,영천동,1035600.0,274.0
10620,2021-01,W6Y271,영천동,965750.0,236.0
10621,2021-02,W6Y271,영천동,1128800.0,269.0
10622,2021-03,W6Y271,영천동,1172800.0,256.0
10623,2021-04,W6Y271,영천동,,
10624,2021-05,W6Y271,영천동,1546900.0,287.0
10625,2021-06,W6Y271,영천동,1612200.0,317.0
10626,2018-01,W6Y272,영천동,685850.0,168.0
10627,2018-02,W6Y272,영천동,543300.0,127.0
10628,2018-03,W6Y272,영천동,693800.0,152.0
10629,2018-04,W6Y272,영천동,583400.0,156.0
10630,2018-05,W6Y272,영천동,448800.0,162.0
10631,2018-06,W6Y272,영천동,355350.0,152.0
10632,2018-07,W6Y272,영천동,530800.0,211.0
10633,2018-08,W6Y272,영천동,405750.0,208.0
10634,2018-09,W6Y272,영천동,343150.0,137.0
10635,2018-10,W6Y272,영천동,383000.0,180.0
10636,2018-11,W6Y272,영천동,370800.0,169.0
10637,2018-12,W6Y272,영천동,491200.0,175.0
10638,2019-01,W6Y272,영천동,371950.0,155.0
10639,2019-02,W6Y272,영천동,323100.0,150.0
10640,2019-03,W6Y272,영천동,340250.0,131.0
10641,2019-04,W6Y272,영천동,227850.0,119.0
10642,2019-05,W6Y272,영천동,393350.0,147.0
10643,2019-06,W6Y272,영천동,,
10644,2019-07,W6Y272,영천동,,
10645,2019-08,W6Y272,영천동,,
10646,2019-09,W6Y272,영천동,,
10647,2019-10,W6Y272,영천동,,
10648,2019-11,W6Y272,영천동,,
10649,2019-12,W6Y272,영천동,,
10650,2020-01,W6Y272,영천동,,
10651,2020-02,W6Y272,영천동,,
10652,2020-03,W6Y272,영천동,,
10653,2020-04,W6Y272,영천동,,
10654,2020-05,W6Y272,영천동,,
10655,2020-06,W6Y272,영천동,,
10656,2020-07,W6Y272,영천동,35450.0,23.0
10657,2020-08,W6Y272,영천동,145400.0,80.0
10658,2020-09,W6Y272,영천동,144850.0,84.0
10659,2020-10,W6Y272,영천동,216550.0,90.0
10660,2020-11,W6Y272,영천동,298950.0,106.0
10661,2020-12,W6Y272,영천동,339200.0,101.0
10662,2021-01,W6Y272,영천동,340100.0,86.0
10663,2021-02,W6Y272,영천동,289150.0,93.0
10664,2021-03,W6Y272,영천동,200350.0,75.0
10665,2021-04,W6Y272,영천동,,
10666,2021-05,W6Y272,영천동,145050.0,71.0
10667,2021-06,W6Y272,영천동,96900.0,61.0
10668,2018-01,W6Y273,영천동,261650.0,100.0
10669,2018-02,W6Y273,영천동,427400.0,163.0
10670,2018-03,W6Y273,영천동,427500.0,171.0
10671,2018-04,W6Y273,영천동,496750.0,187.0
10672,2018-05,W6Y273,영천동,506550.0,233.0
10673,2018-06,W6Y273,영천동,463250.0,208.0
10674,2018-07,W6Y273,영천동,569550.0,287.0
10675,2018-08,W6Y273,영천동,478700.0,256.0
10676,2018-09,W6Y273,영천동,479350.0,239.0
10677,2018-10,W6Y273,영천동,779450.0,345.0
10678,2018-11,W6Y273,영천동,1964300.0,840.0
10679,2018-12,W6Y273,영천동,2198300.0,827.0
10680,2019-01,W6Y273,영천동,2096800.0,826.0
10681,2019-02,W6Y273,영천동,2075550.0,797.0
10682,2019-03,W6Y273,영천동,2018000.0,805.0
10683,2019-04,W6Y273,영천동,607550.0,247.0
10684,2019-05,W6Y273,영천동,1004900.0,375.0
10685,2019-06,W6Y273,영천동,267000.0,140.0
10686,2019-07,W6Y273,영천동,,
10687,2019-08,W6Y273,영천동,,
10688,2019-09,W6Y273,영천동,,
10689,2019-10,W6Y273,영천동,,
10690,2019-11,W6Y273,영천동,,
10691,2019-12,W6Y273,영천동,,
10692,2020-01,W6Y273,영천동,,
10693,2020-02,W6Y273,영천동,,
10694,2020-03,W6Y273,영천동,,
10695,2020-04,W6Y273,영천동,,
10696,2020-05,W6Y273,영천동,,
10697,2020-06,W6Y273,영천동,,
10698,2020-07,W6Y273,영천동,194550.0,95.0
10699,2020-08,W6Y273,영천동,646750.0,344.0
10700,2020-09,W6Y273,영천동,621100.0,321.0
10701,2020-10,W6Y273,영천동,619900.0,315.0
10702,2020-11,W6Y273,영천동,607200.0,291.0
10703,2020-12,W6Y273,영천동,640250.0,281.0
10704,2021-01,W6Y273,영천동,690400.0,281.0
10705,2021-02,W6Y273,영천동,695450.0,282.0
10706,2021-03,W6Y273,영천동,699750.0,297.0
10707,2021-04,W6Y273,영천동,,
10708,2021-05,W6Y273,영천동,730450.0,323.0
10709,2021-06,W6Y273,영천동,711100.0,319.0
10710,2018-01,W6Y274,중문동,1422250.0,119.0
10711,2018-02,W6Y274,중문동,1244050.0,78.0
10712,2018-03,W6Y274,중문동,748700.0,70.0
10713,2018-04,W6Y274,중문동,906950.0,88.0
10714,2018-05,W6Y274,중문동,797800.0,76.0
10715,2018-06,W6Y274,중문동,880100.0,74.0
10716,2018-07,W6Y274,중문동,946800.0,81.0
10717,2018-08,W6Y274,중문동,909600.0,74.0
10718,2018-09,W6Y274,중문동,1057250.0,88.0
10719,2018-10,W6Y274,중문동,568600.0,33.0
10720,2018-11,W6Y274,중문동,656150.0,44.0
10721,2018-12,W6Y274,중문동,546650.0,48.0
10722,2019-01,W6Y274,중문동,600650.0,43.0
10723,2019-02,W6Y274,중문동,40700.0,8.0
10724,2019-03,W6Y274,중문동,,
10725,2019-04,W6Y274,중문동,,
10726,2019-05,W6Y274,중문동,,
10727,2019-06,W6Y274,중문동,,
10728,2019-07,W6Y274,중문동,,
10729,2019-08,W6Y274,중문동,,
10730,2019-09,W6Y274,중문동,,
10731,2019-10,W6Y274,중문동,,
10732,2019-11,W6Y274,중문동,,
10733,2019-12,W6Y274,중문동,,
10734,2020-01,W6Y274,중문동,,
10735,2020-02,W6Y274,중문동,,
10736,2020-03,W6Y274,중문동,,
10737,2020-04,W6Y274,중문동,,
10738,2020-05,W6Y274,중문동,,
10739,2020-06,W6Y274,중문동,,
10740,2020-07,W6Y274,중문동,,
10741,2020-08,W6Y274,중문동,,
10742,2020-09,W6Y274,중문동,,
10743,2020-10,W6Y274,중문동,,
10744,2020-11,W6Y274,중문동,,
10745,2020-12,W6Y274,중문동,,
10746,2021-01,W6Y274,중문동,,
10747,2021-02,W6Y274,중문동,,
10748,2021-03,W6Y274,중문동,,
10749,2021-04,W6Y274,중문동,,
10750,2021-05,W6Y274,중문동,,
10751,2021-06,W6Y274,중문동,,
10752,2018-01,W6Y275,영천동,513450.0,125.0
10753,2018-02,W6Y275,영천동,514200.0,120.0
10754,2018-03,W6Y275,영천동,578400.0,133.0
10755,2018-04,W6Y275,영천동,684900.0,164.0
10756,2018-05,W6Y275,영천동,648800.0,171.0
10757,2018-06,W6Y275,영천동,492100.0,117.0
10758,2018-07,W6Y275,영천동,573500.0,124.0
10759,2018-08,W6Y275,영천동,231800.0,53.0
10760,2018-09,W6Y275,영천동,224000.0,65.0
10761,2018-10,W6Y275,영천동,319700.0,96.0
10762,2018-11,W6Y275,영천동,279200.0,99.0
10763,2018-12,W6Y275,영천동,329300.0,96.0
10764,2019-01,W6Y275,영천동,454450.0,116.0
10765,2019-02,W6Y275,영천동,415200.0,104.0
10766,2019-03,W6Y275,영천동,432850.0,84.0
10767,2019-04,W6Y275,영천동,463400.0,93.0
10768,2019-05,W6Y275,영천동,586550.0,113.0
10769,2019-06,W6Y275,영천동,482100.0,102.0
10770,2019-07,W6Y275,영천동,429450.0,106.0
10771,2019-08,W6Y275,영천동,65300.0,17.0
10772,2019-09,W6Y275,영천동,,
10773,2019-10,W6Y275,영천동,,
10774,2019-11,W6Y275,영천동,,
10775,2019-12,W6Y275,영천동,,
10776,2020-01,W6Y275,영천동,,
10777,2020-02,W6Y275,영천동,,
10778,2020-03,W6Y275,영천동,,
10779,2020-04,W6Y275,영천동,,
10780,2020-05,W6Y275,영천동,,
10781,2020-06,W6Y275,영천동,,
10782,2020-07,W6Y275,영천동,,
10783,2020-08,W6Y275,영천동,,
10784,2020-09,W6Y275,영천동,,
10785,2020-10,W6Y275,영천동,,
10786,2020-11,W6Y275,영천동,,
10787,2020-12,W6Y275,영천동,,
10788,2021-01,W6Y275,영천동,,
10789,2021-02,W6Y275,영천동,,
10790,2021-03,W6Y275,영천동,,
10791,2021-04,W6Y275,영천동,,
10792,2021-05,W6Y275,영천동,,
10793,2021-06,W6Y275,영천동,,
10794,2018-01,W6Y276,효돈동,1271150.0,206.0
10795,2018-02,W6Y276,효돈동,1235150.0,258.0
10796,2018-03,W6Y276,효돈동,431500.0,71.0
10797,2018-04,W6Y276,효돈동,50700.0,17.0
10798,2018-05,W6Y276,효돈동,467900.0,204.0
10799,2018-06,W6Y276,효돈동,,
10800,2018-07,W6Y276,효돈동,,
10801,2018-08,W6Y276,효돈동,9000.0,7.0
10802,2018-09,W6Y276,효돈동,772400.0,216.0
10803,2018-10,W6Y276,효돈동,961150.0,291.0
10804,2018-11,W6Y276,효돈동,1043350.0,233.0
10805,2018-12,W6Y276,효돈동,,
10806,2019-01,W6Y276,효돈동,,
10807,2019-02,W6Y276,효돈동,,
10808,2019-03,W6Y276,효돈동,,
10809,2019-04,W6Y276,효돈동,,
10810,2019-05,W6Y276,효돈동,,
10811,2019-06,W6Y276,효돈동,,
10812,2019-07,W6Y276,효돈동,,
10813,2019-08,W6Y276,효돈동,,
10814,2019-09,W6Y276,효돈동,,
10815,2019-10,W6Y276,효돈동,,
10816,2019-11,W6Y276,효돈동,,
10817,2019-12,W6Y276,효돈동,,
10818,2020-01,W6Y276,효돈동,,
10819,2020-02,W6Y276,효돈동,,
10820,2020-03,W6Y276,효돈동,,
10821,2020-04,W6Y276,효돈동,,
10822,2020-05,W6Y276,효돈동,,
10823,2020-06,W6Y276,효돈동,,
10824,2020-07,W6Y276,효돈동,,
10825,2020-08,W6Y276,효돈동,,
10826,2020-09,W6Y276,효돈동,,
10827,2020-10,W6Y276,효돈동,,
10828,2020-11,W6Y276,효돈동,,
10829,2020-12,W6Y276,효돈동,,
10830,2021-01,W6Y276,효돈동,,
10831,2021-02,W6Y276,효돈동,,
10832,2021-03,W6Y276,효돈동,,
10833,2021-04,W6Y276,효돈동,,
10834,2021-05,W6Y276,효돈동,,
10835,2021-06,W6Y276,효돈동,,
10836,2018-01,W6Y277,효돈동,1155050.0,329.0
10837,2018-02,W6Y277,효돈동,1073800.0,360.0
10838,2018-03,W6Y277,효돈동,120150.0,44.0
10839,2018-04,W6Y277,효돈동,188300.0,55.0
10840,2018-05,W6Y277,효돈동,,
10841,2018-06,W6Y277,효돈동,,
10842,2018-07,W6Y277,효돈동,,
10843,2018-08,W6Y277,효돈동,,
10844,2018-09,W6Y277,효돈동,,
10845,2018-10,W6Y277,효돈동,,
10846,2018-11,W6Y277,효돈동,,
10847,2018-12,W6Y277,효돈동,,
10848,2019-01,W6Y277,효돈동,,
10849,2019-02,W6Y277,효돈동,,
10850,2019-03,W6Y277,효돈동,,
10851,2019-04,W6Y277,효돈동,,
10852,2019-05,W6Y277,효돈동,,
10853,2019-06,W6Y277,효돈동,,
10854,2019-07,W6Y277,효돈동,,
10855,2019-08,W6Y277,효돈동,,
10856,2019-09,W6Y277,효돈동,,
10857,2019-10,W6Y277,효돈동,,
10858,2019-11,W6Y277,효돈동,,
10859,2019-12,W6Y277,효돈동,,
10860,2020-01,W6Y277,효돈동,,
10861,2020-02,W6Y277,효돈동,,
10862,2020-03,W6Y277,효돈동,,
10863,2020-04,W6Y277,효돈동,,
10864,2020-05,W6Y277,효돈동,,
10865,2020-06,W6Y277,효돈동,,
10866,2020-07,W6Y277,효돈동,373450.0,126.0
10867,2020-08,W6Y277,효돈동,1262800.0,493.0
10868,2020-09,W6Y277,효돈동,1125400.0,455.0
10869,2020-10,W6Y277,효돈동,1485950.0,527.0
10870,2020-11,W6Y277,효돈동,1440600.0,482.0
10871,2020-12,W6Y277,효돈동,1395150.0,474.0
10872,2021-01,W6Y277,효돈동,1302100.0,432.0
10873,2021-02,W6Y277,효돈동,1926550.0,523.0
10874,2021-03,W6Y277,효돈동,1727350.0,533.0
10875,2021-04,W6Y277,효돈동,,
10876,2021-05,W6Y277,효돈동,2051500.0,593.0
10877,2021-06,W6Y277,효돈동,1845650.0,555.0
10878,2018-01,W6Y278,효돈동,2274650.0,534.0
10879,2018-02,W6Y278,효돈동,3369800.0,1045.0
10880,2018-03,W6Y278,효돈동,1632350.0,439.0
10881,2018-04,W6Y278,효돈동,2230150.0,663.0
10882,2018-05,W6Y278,효돈동,2340250.0,728.0
10883,2018-06,W6Y278,효돈동,2793050.0,881.0
10884,2018-07,W6Y278,효돈동,3024000.0,948.0
10885,2018-08,W6Y278,효돈동,3111000.0,868.0
10886,2018-09,W6Y278,효돈동,3143200.0,810.0
10887,2018-10,W6Y278,효돈동,3310950.0,866.0
10888,2018-11,W6Y278,효돈동,3334650.0,880.0
10889,2018-12,W6Y278,효돈동,3316450.0,829.0
10890,2019-01,W6Y278,효돈동,3311900.0,870.0
10891,2019-02,W6Y278,효돈동,3612150.0,919.0
10892,2019-03,W6Y278,효돈동,3310800.0,889.0
10893,2019-04,W6Y278,효돈동,3103350.0,893.0
10894,2019-05,W6Y278,효돈동,3447300.0,1020.0
10895,2019-06,W6Y278,효돈동,437750.0,156.0
10896,2019-07,W6Y278,효돈동,,
10897,2019-08,W6Y278,효돈동,,
10898,2019-09,W6Y278,효돈동,,
10899,2019-10,W6Y278,효돈동,,
10900,2019-11,W6Y278,효돈동,,
10901,2019-12,W6Y278,효돈동,,
10902,2020-01,W6Y278,효돈동,,
10903,2020-02,W6Y278,효돈동,,
10904,2020-03,W6Y278,효돈동,,
10905,2020-04,W6Y278,효돈동,,
10906,2020-05,W6Y278,효돈동,,
10907,2020-06,W6Y278,효돈동,,
10908,2020-07,W6Y278,효돈동,,
10909,2020-08,W6Y278,효돈동,,
10910,2020-09,W6Y278,효돈동,,
10911,2020-10,W6Y278,효돈동,,
10912,2020-11,W6Y278,효돈동,,
10913,2020-12,W6Y278,효돈동,,
10914,2021-01,W6Y278,효돈동,,
10915,2021-02,W6Y278,효돈동,,
10916,2021-03,W6Y278,효돈동,,
10917,2021-04,W6Y278,효돈동,,
10918,2021-05,W6Y278,효돈동,,
10919,2021-06,W6Y278,효돈동,,
10920,2018-01,W6Y279,효돈동,,
10921,2018-02,W6Y279,효돈동,,
10922,2018-03,W6Y279,효돈동,,
10923,2018-04,W6Y279,효돈동,,
10924,2018-05,W6Y279,효돈동,,
10925,2018-06,W6Y279,효돈동,,
10926,2018-07,W6Y279,효돈동,,
10927,2018-08,W6Y279,효돈동,,
10928,2018-09,W6Y279,효돈동,,
10929,2018-10,W6Y279,효돈동,,
10930,2018-11,W6Y279,효돈동,,
10931,2018-12,W6Y279,효돈동,1385450.0,235.0
10932,2019-01,W6Y279,효돈동,231250.0,41.0
10933,2019-02,W6Y279,효돈동,543250.0,189.0
10934,2019-03,W6Y279,효돈동,781000.0,216.0
10935,2019-04,W6Y279,효돈동,1048500.0,342.0
10936,2019-05,W6Y279,효돈동,1348750.0,480.0
10937,2019-06,W6Y279,효돈동,119150.0,53.0
10938,2019-07,W6Y279,효돈동,,
10939,2019-08,W6Y279,효돈동,,
10940,2019-09,W6Y279,효돈동,,
10941,2019-10,W6Y279,효돈동,,
10942,2019-11,W6Y279,효돈동,,
10943,2019-12,W6Y279,효돈동,,
10944,2020-01,W6Y279,효돈동,,
10945,2020-02,W6Y279,효돈동,,
10946,2020-03,W6Y279,효돈동,,
10947,2020-04,W6Y279,효돈동,,
10948,2020-05,W6Y279,효돈동,,
10949,2020-06,W6Y279,효돈동,,
10950,2020-07,W6Y279,효돈동,,
10951,2020-08,W6Y279,효돈동,,
10952,2020-09,W6Y279,효돈동,,
10953,2020-10,W6Y279,효돈동,,
10954,2020-11,W6Y279,효돈동,,
10955,2020-12,W6Y279,효돈동,,
10956,2021-01,W6Y279,효돈동,,
10957,2021-02,W6Y279,효돈동,,
10958,2021-03,W6Y279,효돈동,,
10959,2021-04,W6Y279,효돈동,,
10960,2021-05,W6Y279,효돈동,,
10961,2021-06,W6Y279,효돈동,,
10962,2018-01,W6Y280,효돈동,1288000.0,244.0
10963,2018-02,W6Y280,효돈동,1350800.0,220.0
10964,2018-03,W6Y280,효돈동,1253550.0,266.0
10965,2018-04,W6Y280,효돈동,59950.0,15.0
10966,2018-05,W6Y280,효돈동,,
10967,2018-06,W6Y280,효돈동,,
10968,2018-07,W6Y280,효돈동,,
10969,2018-08,W6Y280,효돈동,,
10970,2018-09,W6Y280,효돈동,,
10971,2018-10,W6Y280,효돈동,,
10972,2018-11,W6Y280,효돈동,,
10973,2018-12,W6Y280,효돈동,,
10974,2019-01,W6Y280,효돈동,,
10975,2019-02,W6Y280,효돈동,,
10976,2019-03,W6Y280,효돈동,,
10977,2019-04,W6Y280,효돈동,,
10978,2019-05,W6Y280,효돈동,,
10979,2019-06,W6Y280,효돈동,,
10980,2019-07,W6Y280,효돈동,,
10981,2019-08,W6Y280,효돈동,,
10982,2019-09,W6Y280,효돈동,,
10983,2019-10,W6Y280,효돈동,,
10984,2019-11,W6Y280,효돈동,,
10985,2019-12,W6Y280,효돈동,,
10986,2020-01,W6Y280,효돈동,,
10987,2020-02,W6Y280,효돈동,,
10988,2020-03,W6Y280,효돈동,,
10989,2020-04,W6Y280,효돈동,,
10990,2020-05,W6Y280,효돈동,,
10991,2020-06,W6Y280,효돈동,,
10992,2020-07,W6Y280,효돈동,486200.0,146.0
10993,2020-08,W6Y280,효돈동,2173900.0,611.0
10994,2020-09,W6Y280,효돈동,2102000.0,554.0
10995,2020-10,W6Y280,효돈동,1836400.0,526.0
10996,2020-11,W6Y280,효돈동,1790650.0,470.0
10997,2020-12,W6Y280,효돈동,1895500.0,446.0
10998,2021-01,W6Y280,효돈동,2411550.0,539.0
10999,2021-02,W6Y280,효돈동,2521200.0,534.0
11000,2021-03,W6Y280,효돈동,2377750.0,542.0
11001,2021-04,W6Y280,효돈동,,
11002,2021-05,W6Y280,효돈동,2545000.0,612.0
11003,2021-06,W6Y280,효돈동,2446450.0,636.0
11004,2018-01,W6Y281,효돈동,1344600.0,363.0
11005,2018-02,W6Y281,효돈동,1407750.0,389.0
11006,2018-03,W6Y281,효돈동,1121800.0,302.0
11007,2018-04,W6Y281,효돈동,,
11008,2018-05,W6Y281,효돈동,,
11009,2018-06,W6Y281,효돈동,,
11010,2018-07,W6Y281,효돈동,,
11011,2018-08,W6Y281,효돈동,623850.0,141.0
11012,2018-09,W6Y281,효돈동,521950.0,103.0
11013,2018-10,W6Y281,효돈동,,
11014,2018-11,W6Y281,효돈동,67850.0,7.0
11015,2018-12,W6Y281,효돈동,,
11016,2019-01,W6Y281,효돈동,,
11017,2019-02,W6Y281,효돈동,,
11018,2019-03,W6Y281,효돈동,,
11019,2019-04,W6Y281,효돈동,638500.0,191.0
11020,2019-05,W6Y281,효돈동,1282050.0,408.0
11021,2019-06,W6Y281,효돈동,238900.0,72.0
11022,2019-07,W6Y281,효돈동,,
11023,2019-08,W6Y281,효돈동,,
11024,2019-09,W6Y281,효돈동,,
11025,2019-10,W6Y281,효돈동,,
11026,2019-11,W6Y281,효돈동,,
11027,2019-12,W6Y281,효돈동,,
11028,2020-01,W6Y281,효돈동,,
11029,2020-02,W6Y281,효돈동,,
11030,2020-03,W6Y281,효돈동,,
11031,2020-04,W6Y281,효돈동,,
11032,2020-05,W6Y281,효돈동,,
11033,2020-06,W6Y281,효돈동,,
11034,2020-07,W6Y281,효돈동,313250.0,121.0
11035,2020-08,W6Y281,효돈동,1212250.0,496.0
11036,2020-09,W6Y281,효돈동,1185050.0,487.0
11037,2020-10,W6Y281,효돈동,1114200.0,480.0
11038,2020-11,W6Y281,효돈동,1222100.0,452.0
11039,2020-12,W6Y281,효돈동,2335400.0,642.0
11040,2021-01,W6Y281,효돈동,2483600.0,603.0
11041,2021-02,W6Y281,효돈동,2446600.0,602.0
11042,2021-03,W6Y281,효돈동,2508350.0,691.0
11043,2021-04,W6Y281,효돈동,,
11044,2021-05,W6Y281,효돈동,2653350.0,764.0
11045,2021-06,W6Y281,효돈동,2791500.0,828.0
11046,2018-01,W6Y282,효돈동,804500.0,209.0
11047,2018-02,W6Y282,효돈동,758700.0,194.0
11048,2018-03,W6Y282,효돈동,692400.0,192.0
11049,2018-04,W6Y282,효돈동,46700.0,14.0
11050,2018-05,W6Y282,효돈동,781400.0,267.0
11051,2018-06,W6Y282,효돈동,1221100.0,493.0
11052,2018-07,W6Y282,효돈동,1569550.0,658.0
11053,2018-08,W6Y282,효돈동,1134100.0,545.0
11054,2018-09,W6Y282,효돈동,1448450.0,678.0
11055,2018-10,W6Y282,효돈동,740750.0,350.0
11056,2018-11,W6Y282,효돈동,858550.0,323.0
11057,2018-12,W6Y282,효돈동,1386800.0,579.0
11058,2019-01,W6Y282,효돈동,,
11059,2019-02,W6Y282,효돈동,,
11060,2019-03,W6Y282,효돈동,,
11061,2019-04,W6Y282,효돈동,,
11062,2019-05,W6Y282,효돈동,,
11063,2019-06,W6Y282,효돈동,,
11064,2019-07,W6Y282,효돈동,,
11065,2019-08,W6Y282,효돈동,,
11066,2019-09,W6Y282,효돈동,,
11067,2019-10,W6Y282,효돈동,,
11068,2019-11,W6Y282,효돈동,,
11069,2019-12,W6Y282,효돈동,,
11070,2020-01,W6Y282,효돈동,,
11071,2020-02,W6Y282,효돈동,,
11072,2020-03,W6Y282,효돈동,,
11073,2020-04,W6Y282,효돈동,,
11074,2020-05,W6Y282,효돈동,,
11075,2020-06,W6Y282,효돈동,,
11076,2020-07,W6Y282,효돈동,,
11077,2020-08,W6Y282,효돈동,,
11078,2020-09,W6Y282,효돈동,,
11079,2020-10,W6Y282,효돈동,,
11080,2020-11,W6Y282,효돈동,,
11081,2020-12,W6Y282,효돈동,,
11082,2021-01,W6Y282,효돈동,,
11083,2021-02,W6Y282,효돈동,,
11084,2021-03,W6Y282,효돈동,,
11085,2021-04,W6Y282,효돈동,,
11086,2021-05,W6Y282,효돈동,,
11087,2021-06,W6Y282,효돈동,,
11088,2018-01,W6Y283,효돈동,,
11089,2018-02,W6Y283,효돈동,,
11090,2018-03,W6Y283,효돈동,,
11091,2018-04,W6Y283,효돈동,,
11092,2018-05,W6Y283,효돈동,,
11093,2018-06,W6Y283,효돈동,,
11094,2018-07,W6Y283,효돈동,,
11095,2018-08,W6Y283,효돈동,,
11096,2018-09,W6Y283,효돈동,,
11097,2018-10,W6Y283,효돈동,,
11098,2018-11,W6Y283,효돈동,,
11099,2018-12,W6Y283,효돈동,,
11100,2019-01,W6Y283,효돈동,,
11101,2019-02,W6Y283,효돈동,,
11102,2019-03,W6Y283,효돈동,,
11103,2019-04,W6Y283,효돈동,,
11104,2019-05,W6Y283,효돈동,,
11105,2019-06,W6Y283,효돈동,,
11106,2019-07,W6Y283,효돈동,,
11107,2019-08,W6Y283,효돈동,,
11108,2019-09,W6Y283,효돈동,,
11109,2019-10,W6Y283,효돈동,,
11110,2019-11,W6Y283,효돈동,,
11111,2019-12,W6Y283,효돈동,,
11112,2020-01,W6Y283,효돈동,,
11113,2020-02,W6Y283,효돈동,,
11114,2020-03,W6Y283,효돈동,,
11115,2020-04,W6Y283,효돈동,,
11116,2020-05,W6Y283,효돈동,,
11117,2020-06,W6Y283,효돈동,,
11118,2020-07,W6Y283,효돈동,,
11119,2020-08,W6Y283,효돈동,,
11120,2020-09,W6Y283,효돈동,,
11121,2020-10,W6Y283,효돈동,,
11122,2020-11,W6Y283,효돈동,,
11123,2020-12,W6Y283,효돈동,,
11124,2021-01,W6Y283,효돈동,,
11125,2021-02,W6Y283,효돈동,,
11126,2021-03,W6Y283,효돈동,,
11127,2021-04,W6Y283,효돈동,,
11128,2021-05,W6Y283,효돈동,,
11129,2021-06,W6Y283,효돈동,,
11130,2018-01,W6Y284,효돈동,1986500.0,494.0
11131,2018-02,W6Y284,효돈동,1706100.0,450.0
11132,2018-03,W6Y284,효돈동,1713900.0,394.0
11133,2018-04,W6Y284,효돈동,1431100.0,323.0
11134,2018-05,W6Y284,효돈동,1557150.0,402.0
11135,2018-06,W6Y284,효돈동,1674400.0,452.0
11136,2018-07,W6Y284,효돈동,1878750.0,515.0
11137,2018-08,W6Y284,효돈동,1947100.0,478.0
11138,2018-09,W6Y284,효돈동,2214300.0,614.0
11139,2018-10,W6Y284,효돈동,2414800.0,685.0
11140,2018-11,W6Y284,효돈동,3181150.0,686.0
11141,2018-12,W6Y284,효돈동,3685650.0,754.0
11142,2019-01,W6Y284,효돈동,2624500.0,498.0
11143,2019-02,W6Y284,효돈동,2679300.0,430.0
11144,2019-03,W6Y284,효돈동,2652150.0,441.0
11145,2019-04,W6Y284,효돈동,2649650.0,472.0
11146,2019-05,W6Y284,효돈동,2936500.0,521.0
11147,2019-06,W6Y284,효돈동,546900.0,108.0
11148,2019-07,W6Y284,효돈동,,
11149,2019-08,W6Y284,효돈동,,
11150,2019-09,W6Y284,효돈동,,
11151,2019-10,W6Y284,효돈동,,
11152,2019-11,W6Y284,효돈동,,
11153,2019-12,W6Y284,효돈동,,
11154,2020-01,W6Y284,효돈동,,
11155,2020-02,W6Y284,효돈동,,
11156,2020-03,W6Y284,효돈동,,
11157,2020-04,W6Y284,효돈동,,
11158,2020-05,W6Y284,효돈동,,
11159,2020-06,W6Y284,효돈동,,
11160,2020-07,W6Y284,효돈동,1195850.0,236.0
11161,2020-08,W6Y284,효돈동,4880350.0,1037.0
11162,2020-09,W6Y284,효돈동,3507200.0,901.0
11163,2020-10,W6Y284,효돈동,3789950.0,873.0
11164,2020-11,W6Y284,효돈동,3722000.0,817.0
11165,2020-12,W6Y284,효돈동,3430650.0,820.0
11166,2021-01,W6Y284,효돈동,3496050.0,787.0
11167,2021-02,W6Y284,효돈동,3631650.0,762.0
11168,2021-03,W6Y284,효돈동,3806750.0,860.0
11169,2021-04,W6Y284,효돈동,,
11170,2021-05,W6Y284,효돈동,4352000.0,1031.0
11171,2021-06,W6Y284,효돈동,4293350.0,1041.0
11172,2018-01,W6Y285,효돈동,2295150.0,504.0
11173,2018-02,W6Y285,효돈동,1713000.0,399.0
11174,2018-03,W6Y285,효돈동,1723050.0,376.0
11175,2018-04,W6Y285,효돈동,1405150.0,321.0
11176,2018-05,W6Y285,효돈동,1078200.0,305.0
11177,2018-06,W6Y285,효돈동,1093150.0,298.0
11178,2018-07,W6Y285,효돈동,1183600.0,307.0
11179,2018-08,W6Y285,효돈동,1459250.0,323.0
11180,2018-09,W6Y285,효돈동,1636000.0,355.0
11181,2018-10,W6Y285,효돈동,1679650.0,233.0
11182,2018-11,W6Y285,효돈동,1235150.0,188.0
11183,2018-12,W6Y285,효돈동,714100.0,92.0
11184,2019-01,W6Y285,효돈동,992300.0,263.0
11185,2019-02,W6Y285,효돈동,1070600.0,330.0
11186,2019-03,W6Y285,효돈동,1295750.0,299.0
11187,2019-04,W6Y285,효돈동,1032600.0,271.0
11188,2019-05,W6Y285,효돈동,1013700.0,358.0
11189,2019-06,W6Y285,효돈동,1541850.0,430.0
11190,2019-07,W6Y285,효돈동,2667150.0,702.0
11191,2019-08,W6Y285,효돈동,2900950.0,748.0
11192,2019-09,W6Y285,효돈동,2802650.0,765.0
11193,2019-10,W6Y285,효돈동,2939100.0,714.0
11194,2019-11,W6Y285,효돈동,2984700.0,698.0
11195,2019-12,W6Y285,효돈동,3368200.0,690.0
11196,2020-01,W6Y285,효돈동,2767350.0,606.0
11197,2020-02,W6Y285,효돈동,2781750.0,637.0
11198,2020-03,W6Y285,효돈동,2786050.0,641.0
11199,2020-04,W6Y285,효돈동,2573450.0,636.0
11200,2020-05,W6Y285,효돈동,2731400.0,707.0
11201,2020-06,W6Y285,효돈동,2650250.0,711.0
11202,2020-07,W6Y285,효돈동,2966300.0,781.0
11203,2020-08,W6Y285,효돈동,3014650.0,828.0
11204,2020-09,W6Y285,효돈동,2593650.0,697.0
11205,2020-10,W6Y285,효돈동,2857050.0,735.0
11206,2020-11,W6Y285,효돈동,2755150.0,630.0
11207,2020-12,W6Y285,효돈동,3524800.0,802.0
11208,2021-01,W6Y285,효돈동,2800750.0,669.0
11209,2021-02,W6Y285,효돈동,2773850.0,634.0
11210,2021-03,W6Y285,효돈동,3052550.0,663.0
11211,2021-04,W6Y285,효돈동,,
11212,2021-05,W6Y285,효돈동,1687300.0,379.0
11213,2021-06,W6Y285,효돈동,1513750.0,377.0
11214,2018-01,W6Y287,효돈동,544100.0,195.0
11215,2018-02,W6Y287,효돈동,570400.0,189.0
11216,2018-03,W6Y287,효돈동,301100.0,91.0
11217,2018-04,W6Y287,효돈동,,
11218,2018-05,W6Y287,효돈동,1341550.0,292.0
11219,2018-06,W6Y287,효돈동,1531700.0,328.0
11220,2018-07,W6Y287,효돈동,2162650.0,413.0
11221,2018-08,W6Y287,효돈동,1363800.0,406.0
11222,2018-09,W6Y287,효돈동,1202250.0,325.0
11223,2018-10,W6Y287,효돈동,1593800.0,374.0
11224,2018-11,W6Y287,효돈동,878250.0,275.0
11225,2018-12,W6Y287,효돈동,,
11226,2019-01,W6Y287,효돈동,1204100.0,226.0
11227,2019-02,W6Y287,효돈동,,
11228,2019-03,W6Y287,효돈동,,
11229,2019-04,W6Y287,효돈동,,
11230,2019-05,W6Y287,효돈동,,
11231,2019-06,W6Y287,효돈동,,
11232,2019-07,W6Y287,효돈동,,
11233,2019-08,W6Y287,효돈동,,
11234,2019-09,W6Y287,효돈동,,
11235,2019-10,W6Y287,효돈동,,
11236,2019-11,W6Y287,효돈동,,
11237,2019-12,W6Y287,효돈동,,
11238,2020-01,W6Y287,효돈동,,
11239,2020-02,W6Y287,효돈동,,
11240,2020-03,W6Y287,효돈동,,
11241,2020-04,W6Y287,효돈동,,
11242,2020-05,W6Y287,효돈동,,
11243,2020-06,W6Y287,효돈동,,
11244,2020-07,W6Y287,효돈동,175600.0,78.0
11245,2020-08,W6Y287,효돈동,721000.0,301.0
11246,2020-09,W6Y287,효돈동,657850.0,289.0
11247,2020-10,W6Y287,효돈동,695900.0,295.0
11248,2020-11,W6Y287,효돈동,533000.0,236.0
11249,2020-12,W6Y287,효돈동,651050.0,245.0
11250,2021-01,W6Y287,효돈동,650550.0,211.0
11251,2021-02,W6Y287,효돈동,640950.0,212.0
11252,2021-03,W6Y287,효돈동,600350.0,228.0
11253,2021-04,W6Y287,효돈동,,
11254,2021-05,W6Y287,효돈동,643350.0,271.0
11255,2021-06,W6Y287,효돈동,665900.0,293.0
11256,2018-01,W6Y288,효돈동,,
11257,2018-02,W6Y288,효돈동,,
11258,2018-03,W6Y288,효돈동,,
11259,2018-04,W6Y288,효돈동,,
11260,2018-05,W6Y288,효돈동,,
11261,2018-06,W6Y288,효돈동,,
11262,2018-07,W6Y288,효돈동,,
11263,2018-08,W6Y288,효돈동,,
11264,2018-09,W6Y288,효돈동,,
11265,2018-10,W6Y288,효돈동,,
11266,2018-11,W6Y288,효돈동,,
11267,2018-12,W6Y288,효돈동,,
11268,2019-01,W6Y288,효돈동,,
11269,2019-02,W6Y288,효돈동,,
11270,2019-03,W6Y288,효돈동,,
11271,2019-04,W6Y288,효돈동,,
11272,2019-05,W6Y288,효돈동,,
11273,2019-06,W6Y288,효돈동,,
11274,2019-07,W6Y288,효돈동,,
11275,2019-08,W6Y288,효돈동,,
11276,2019-09,W6Y288,효돈동,,
11277,2019-10,W6Y288,효돈동,,
11278,2019-11,W6Y288,효돈동,,
11279,2019-12,W6Y288,효돈동,,
11280,2020-01,W6Y288,효돈동,,
11281,2020-02,W6Y288,효돈동,,
11282,2020-03,W6Y288,효돈동,,
11283,2020-04,W6Y288,효돈동,,
11284,2020-05,W6Y288,효돈동,,
11285,2020-06,W6Y288,효돈동,,
11286,2020-07,W6Y288,효돈동,,
11287,2020-08,W6Y288,효돈동,,
11288,2020-09,W6Y288,효돈동,,
11289,2020-10,W6Y288,효돈동,,
11290,2020-11,W6Y288,효돈동,,
11291,2020-12,W6Y288,효돈동,,
11292,2021-01,W6Y288,효돈동,,
11293,2021-02,W6Y288,효돈동,,
11294,2021-03,W6Y288,효돈동,,
11295,2021-04,W6Y288,효돈동,,
11296,2021-05,W6Y288,효돈동,,
11297,2021-06,W6Y288,효돈동,,
11298,2018-01,W6Y289,효돈동,533750.0,90.0
11299,2018-02,W6Y289,효돈동,570600.0,100.0
11300,2018-03,W6Y289,효돈동,487400.0,98.0
11301,2018-04,W6Y289,효돈동,22850.0,5.0
11302,2018-05,W6Y289,효돈동,611150.0,258.0
11303,2018-06,W6Y289,효돈동,975100.0,458.0
11304,2018-07,W6Y289,효돈동,1197450.0,415.0
11305,2018-08,W6Y289,효돈동,1322700.0,571.0
11306,2018-09,W6Y289,효돈동,723100.0,326.0
11307,2018-10,W6Y289,효돈동,,
11308,2018-11,W6Y289,효돈동,,
11309,2018-12,W6Y289,효돈동,,
11310,2019-01,W6Y289,효돈동,,
11311,2019-02,W6Y289,효돈동,,
11312,2019-03,W6Y289,효돈동,,
11313,2019-04,W6Y289,효돈동,,
11314,2019-05,W6Y289,효돈동,,
11315,2019-06,W6Y289,효돈동,,
11316,2019-07,W6Y289,효돈동,,
11317,2019-08,W6Y289,효돈동,,
11318,2019-09,W6Y289,효돈동,,
11319,2019-10,W6Y289,효돈동,,
11320,2019-11,W6Y289,효돈동,,
11321,2019-12,W6Y289,효돈동,,
11322,2020-01,W6Y289,효돈동,,
11323,2020-02,W6Y289,효돈동,,
11324,2020-03,W6Y289,효돈동,,
11325,2020-04,W6Y289,효돈동,,
11326,2020-05,W6Y289,효돈동,,
11327,2020-06,W6Y289,효돈동,,
11328,2020-07,W6Y289,효돈동,,
11329,2020-08,W6Y289,효돈동,,
11330,2020-09,W6Y289,효돈동,,
11331,2020-10,W6Y289,효돈동,,
11332,2020-11,W6Y289,효돈동,,
11333,2020-12,W6Y289,효돈동,,
11334,2021-01,W6Y289,효돈동,,
11335,2021-02,W6Y289,효돈동,,
11336,2021-03,W6Y289,효돈동,,
11337,2021-04,W6Y289,효돈동,,
11338,2021-05,W6Y289,효돈동,,
11339,2021-06,W6Y289,효돈동,,
11340,2018-01,W6Y290,대륜동,3268450.0,680.0
11341,2018-02,W6Y290,대륜동,2473600.0,474.0
11342,2018-03,W6Y290,대륜동,2843550.0,578.0
11343,2018-04,W6Y290,대륜동,2805500.0,578.0
11344,2018-05,W6Y290,대륜동,313750.0,61.0
11345,2018-06,W6Y290,대륜동,113650.0,32.0
11346,2018-07,W6Y290,대륜동,4029200.0,937.0
11347,2018-08,W6Y290,대륜동,4280350.0,960.0
11348,2018-09,W6Y290,대륜동,3794850.0,829.0
11349,2018-10,W6Y290,대륜동,3803050.0,840.0
11350,2018-11,W6Y290,대륜동,3726300.0,834.0
11351,2018-12,W6Y290,대륜동,3607500.0,844.0
11352,2019-01,W6Y290,대륜동,3774850.0,866.0
11353,2019-02,W6Y290,대륜동,2761600.0,768.0
11354,2019-03,W6Y290,대륜동,3050400.0,757.0
11355,2019-04,W6Y290,대륜동,2970750.0,739.0
11356,2019-05,W6Y290,대륜동,3301100.0,919.0
11357,2019-06,W6Y290,대륜동,1916800.0,541.0
11358,2019-07,W6Y290,대륜동,3435750.0,998.0
11359,2019-08,W6Y290,대륜동,3409300.0,1009.0
11360,2019-09,W6Y290,대륜동,3314250.0,912.0
11361,2019-10,W6Y290,대륜동,3357050.0,1004.0
11362,2019-11,W6Y290,대륜동,2761500.0,731.0
11363,2019-12,W6Y290,대륜동,4080100.0,946.0
11364,2020-01,W6Y290,대륜동,3596900.0,848.0
11365,2020-02,W6Y290,대륜동,3860050.0,981.0
11366,2020-03,W6Y290,대륜동,4131400.0,1120.0
11367,2020-04,W6Y290,대륜동,3671450.0,1035.0
11368,2020-05,W6Y290,대륜동,5392878.0,1126.0
11369,2020-06,W6Y290,대륜동,2427050.0,687.0
11370,2020-07,W6Y290,대륜동,748950.0,211.0
11371,2020-08,W6Y290,대륜동,2722500.0,775.0
11372,2020-09,W6Y290,대륜동,3059950.0,969.0
11373,2020-10,W6Y290,대륜동,3237050.0,984.0
11374,2020-11,W6Y290,대륜동,3367500.0,976.0
11375,2020-12,W6Y290,대륜동,3911450.0,1068.0
11376,2021-01,W6Y290,대륜동,3991300.0,1135.0
11377,2021-02,W6Y290,대륜동,3507450.0,949.0
11378,2021-03,W6Y290,대륜동,3365900.0,1007.0
11379,2021-04,W6Y290,대륜동,,
11380,2021-05,W6Y290,대륜동,3906400.0,1058.0
11381,2021-06,W6Y290,대륜동,3503150.0,966.0
11382,2018-01,W6Y293,효돈동,767950.0,295.0
11383,2018-02,W6Y293,효돈동,663950.0,241.0
11384,2018-03,W6Y293,효돈동,612500.0,224.0
11385,2018-04,W6Y293,효돈동,542550.0,214.0
11386,2018-05,W6Y293,효돈동,222500.0,82.0
11387,2018-06,W6Y293,효돈동,565750.0,259.0
11388,2018-07,W6Y293,효돈동,664600.0,312.0
11389,2018-08,W6Y293,효돈동,567250.0,290.0
11390,2018-09,W6Y293,효돈동,518650.0,230.0
11391,2018-10,W6Y293,효돈동,487700.0,217.0
11392,2018-11,W6Y293,효돈동,453000.0,200.0
11393,2018-12,W6Y293,효돈동,619750.0,227.0
11394,2019-01,W6Y293,효돈동,604600.0,198.0
11395,2019-02,W6Y293,효돈동,600650.0,197.0
11396,2019-03,W6Y293,효돈동,576100.0,239.0
11397,2019-04,W6Y293,효돈동,513800.0,201.0
11398,2019-05,W6Y293,효돈동,805300.0,230.0
11399,2019-06,W6Y293,효돈동,578150.0,247.0
11400,2019-07,W6Y293,효돈동,840400.0,323.0
11401,2019-08,W6Y293,효돈동,1160850.0,354.0
11402,2019-09,W6Y293,효돈동,774650.0,298.0
11403,2019-10,W6Y293,효돈동,598200.0,264.0
11404,2019-11,W6Y293,효돈동,613250.0,297.0
11405,2019-12,W6Y293,효돈동,631500.0,245.0
11406,2020-01,W6Y293,효돈동,453500.0,172.0
11407,2020-02,W6Y293,효돈동,667250.0,271.0
11408,2020-03,W6Y293,효돈동,604400.0,275.0
11409,2020-04,W6Y293,효돈동,666200.0,270.0
11410,2020-05,W6Y293,효돈동,677900.0,266.0
11411,2020-06,W6Y293,효돈동,716150.0,314.0
11412,2020-07,W6Y293,효돈동,649050.0,291.0
11413,2020-08,W6Y293,효돈동,,
11414,2020-09,W6Y293,효돈동,,
11415,2020-10,W6Y293,효돈동,,
11416,2020-11,W6Y293,효돈동,,
11417,2020-12,W6Y293,효돈동,,
11418,2021-01,W6Y293,효돈동,,
11419,2021-02,W6Y293,효돈동,,
11420,2021-03,W6Y293,효돈동,,
11421,2021-04,W6Y293,효돈동,,
11422,2021-05,W6Y293,효돈동,,
11423,2021-06,W6Y293,효돈동,,
11424,2018-01,W6Y294,동홍동,879050.0,397.0
11425,2018-02,W6Y294,동홍동,740900.0,315.0
11426,2018-03,W6Y294,동홍동,767150.0,331.0
11427,2018-04,W6Y294,동홍동,616900.0,329.0
11428,2018-05,W6Y294,동홍동,556750.0,296.0
11429,2018-06,W6Y294,동홍동,548300.0,281.0
11430,2018-07,W6Y294,동홍동,585400.0,297.0
11431,2018-08,W6Y294,동홍동,521500.0,303.0
11432,2018-09,W6Y294,동홍동,564300.0,348.0
11433,2018-10,W6Y294,동홍동,320650.0,192.0
11434,2018-11,W6Y294,동홍동,,
11435,2018-12,W6Y294,동홍동,,
11436,2019-01,W6Y294,동홍동,,
11437,2019-02,W6Y294,동홍동,,
11438,2019-03,W6Y294,동홍동,,
11439,2019-04,W6Y294,동홍동,,
11440,2019-05,W6Y294,동홍동,,
11441,2019-06,W6Y294,동홍동,,
11442,2019-07,W6Y294,동홍동,,
11443,2019-08,W6Y294,동홍동,,
11444,2019-09,W6Y294,동홍동,,
11445,2019-10,W6Y294,동홍동,,
11446,2019-11,W6Y294,동홍동,,
11447,2019-12,W6Y294,동홍동,,
11448,2020-01,W6Y294,동홍동,,
11449,2020-02,W6Y294,동홍동,,
11450,2020-03,W6Y294,동홍동,,
11451,2020-04,W6Y294,동홍동,,
11452,2020-05,W6Y294,동홍동,,
11453,2020-06,W6Y294,동홍동,,
11454,2020-07,W6Y294,동홍동,,
11455,2020-08,W6Y294,동홍동,,
11456,2020-09,W6Y294,동홍동,,
11457,2020-10,W6Y294,동홍동,,
11458,2020-11,W6Y294,동홍동,,
11459,2020-12,W6Y294,동홍동,,
11460,2021-01,W6Y294,동홍동,,
11461,2021-02,W6Y294,동홍동,,
11462,2021-03,W6Y294,동홍동,,
11463,2021-04,W6Y294,동홍동,,
11464,2021-05,W6Y294,동홍동,,
11465,2021-06,W6Y294,동홍동,,
11466,2018-01,W6Y295,효돈동,,
11467,2018-02,W6Y295,효돈동,,
11468,2018-03,W6Y295,효돈동,,
11469,2018-04,W6Y295,효돈동,,
11470,2018-05,W6Y295,효돈동,,
11471,2018-06,W6Y295,효돈동,,
11472,2018-07,W6Y295,효돈동,,
11473,2018-08,W6Y295,효돈동,,
11474,2018-09,W6Y295,효돈동,,
11475,2018-10,W6Y295,효돈동,,
11476,2018-11,W6Y295,효돈동,,
11477,2018-12,W6Y295,효돈동,,
11478,2019-01,W6Y295,효돈동,,
11479,2019-02,W6Y295,효돈동,,
11480,2019-03,W6Y295,효돈동,,
11481,2019-04,W6Y295,효돈동,,
11482,2019-05,W6Y295,효돈동,,
11483,2019-06,W6Y295,효돈동,,
11484,2019-07,W6Y295,효돈동,,
11485,2019-08,W6Y295,효돈동,,
11486,2019-09,W6Y295,효돈동,,
11487,2019-10,W6Y295,효돈동,,
11488,2019-11,W6Y295,효돈동,,
11489,2019-12,W6Y295,효돈동,,
11490,2020-01,W6Y295,효돈동,,
11491,2020-02,W6Y295,효돈동,,
11492,2020-03,W6Y295,효돈동,,
11493,2020-04,W6Y295,효돈동,,
11494,2020-05,W6Y295,효돈동,,
11495,2020-06,W6Y295,효돈동,,
11496,2020-07,W6Y295,효돈동,,
11497,2020-08,W6Y295,효돈동,,
11498,2020-09,W6Y295,효돈동,,
11499,2020-10,W6Y295,효돈동,,
11500,2020-11,W6Y295,효돈동,,
11501,2020-12,W6Y295,효돈동,,
11502,2021-01,W6Y295,효돈동,,
11503,2021-02,W6Y295,효돈동,,
11504,2021-03,W6Y295,효돈동,,
11505,2021-04,W6Y295,효돈동,,
11506,2021-05,W6Y295,효돈동,,
11507,2021-06,W6Y295,효돈동,,
11508,2018-01,W6Y296,서홍동,1079650.0,483.0
11509,2018-02,W6Y296,서홍동,991000.0,391.0
11510,2018-03,W6Y296,서홍동,961400.0,408.0
11511,2018-04,W6Y296,서홍동,764800.0,387.0
11512,2018-05,W6Y296,서홍동,841400.0,432.0
11513,2018-06,W6Y296,서홍동,810600.0,446.0
11514,2018-07,W6Y296,서홍동,826000.0,418.0
11515,2018-08,W6Y296,서홍동,918950.0,471.0
11516,2018-09,W6Y296,서홍동,781250.0,477.0
11517,2018-10,W6Y296,서홍동,833450.0,519.0
11518,2018-11,W6Y296,서홍동,872100.0,477.0
11519,2018-12,W6Y296,서홍동,951100.0,476.0
11520,2019-01,W6Y296,서홍동,882700.0,454.0
11521,2019-02,W6Y296,서홍동,981150.0,487.0
11522,2019-03,W6Y296,서홍동,1023950.0,525.0
11523,2019-04,W6Y296,서홍동,840200.0,497.0
11524,2019-05,W6Y296,서홍동,997350.0,569.0
11525,2019-06,W6Y296,서홍동,514800.0,318.0
11526,2019-07,W6Y296,서홍동,1066100.0,617.0
11527,2019-08,W6Y296,서홍동,1067500.0,629.0
11528,2019-09,W6Y296,서홍동,959000.0,587.0
11529,2019-10,W6Y296,서홍동,750900.0,531.0
11530,2019-11,W6Y296,서홍동,857650.0,504.0
11531,2019-12,W6Y296,서홍동,869550.0,488.0
11532,2020-01,W6Y296,서홍동,841550.0,423.0
11533,2020-02,W6Y296,서홍동,776350.0,392.0
11534,2020-03,W6Y296,서홍동,894000.0,480.0
11535,2020-04,W6Y296,서홍동,738350.0,444.0
11536,2020-05,W6Y296,서홍동,907600.0,515.0
11537,2020-06,W6Y296,서홍동,904000.0,526.0
11538,2020-07,W6Y296,서홍동,875400.0,540.0
11539,2020-08,W6Y296,서홍동,904500.0,590.0
11540,2020-09,W6Y296,서홍동,767950.0,512.0
11541,2020-10,W6Y296,서홍동,758100.0,509.0
11542,2020-11,W6Y296,서홍동,745600.0,461.0
11543,2020-12,W6Y296,서홍동,763800.0,454.0
11544,2021-01,W6Y296,서홍동,855250.0,466.0
11545,2021-02,W6Y296,서홍동,748500.0,391.0
11546,2021-03,W6Y296,서홍동,729950.0,428.0
11547,2021-04,W6Y296,서홍동,,
11548,2021-05,W6Y296,서홍동,729700.0,436.0
11549,2021-06,W6Y296,서홍동,875450.0,518.0
11550,2018-01,W6Y297,영천동,767650.0,61.0
11551,2018-02,W6Y297,영천동,691400.0,50.0
11552,2018-03,W6Y297,영천동,714050.0,74.0
11553,2018-04,W6Y297,영천동,692850.0,77.0
11554,2018-05,W6Y297,영천동,697350.0,91.0
11555,2018-06,W6Y297,영천동,544200.0,64.0
11556,2018-07,W6Y297,영천동,799800.0,88.0
11557,2018-08,W6Y297,영천동,662450.0,85.0
11558,2018-09,W6Y297,영천동,684650.0,88.0
11559,2018-10,W6Y297,영천동,557150.0,96.0
11560,2018-11,W6Y297,영천동,634050.0,82.0
11561,2018-12,W6Y297,영천동,647650.0,85.0
11562,2019-01,W6Y297,영천동,772050.0,85.0
11563,2019-02,W6Y297,영천동,871250.0,91.0
11564,2019-03,W6Y297,영천동,902050.0,104.0
11565,2019-04,W6Y297,영천동,663100.0,81.0
11566,2019-05,W6Y297,영천동,23000.0,8.0
11567,2019-06,W6Y297,영천동,41550.0,20.0
11568,2019-07,W6Y297,영천동,,
11569,2019-08,W6Y297,영천동,,
11570,2019-09,W6Y297,영천동,,
11571,2019-10,W6Y297,영천동,,
11572,2019-11,W6Y297,영천동,,
11573,2019-12,W6Y297,영천동,306550.0,28.0
11574,2020-01,W6Y297,영천동,721000.0,52.0
11575,2020-02,W6Y297,영천동,652550.0,50.0
11576,2020-03,W6Y297,영천동,714150.0,55.0
11577,2020-04,W6Y297,영천동,658500.0,59.0
11578,2020-05,W6Y297,영천동,708000.0,65.0
11579,2020-06,W6Y297,영천동,743300.0,71.0
11580,2020-07,W6Y297,영천동,637000.0,436.0
11581,2020-08,W6Y297,영천동,1558050.0,852.0
11582,2020-09,W6Y297,영천동,1347500.0,783.0
11583,2020-10,W6Y297,영천동,1446850.0,677.0
11584,2020-11,W6Y297,영천동,1464800.0,741.0
11585,2020-12,W6Y297,영천동,1738800.0,826.0
11586,2021-01,W6Y297,영천동,1705200.0,804.0
11587,2021-02,W6Y297,영천동,1338650.0,581.0
11588,2021-03,W6Y297,영천동,1345300.0,603.0
11589,2021-04,W6Y297,영천동,,
11590,2021-05,W6Y297,영천동,1274750.0,656.0
11591,2021-06,W6Y297,영천동,1390750.0,692.0
11592,2018-01,W6Y298,영천동,751200.0,61.0
11593,2018-02,W6Y298,영천동,630900.0,69.0
11594,2018-03,W6Y298,영천동,679200.0,63.0
11595,2018-04,W6Y298,영천동,717350.0,56.0
11596,2018-05,W6Y298,영천동,675800.0,48.0
11597,2018-06,W6Y298,영천동,712000.0,60.0
11598,2018-07,W6Y298,영천동,924000.0,76.0
11599,2018-08,W6Y298,영천동,1020150.0,113.0
11600,2018-09,W6Y298,영천동,554250.0,75.0
11601,2018-10,W6Y298,영천동,563650.0,82.0
11602,2018-11,W6Y298,영천동,335700.0,41.0
11603,2018-12,W6Y298,영천동,320650.0,35.0
11604,2019-01,W6Y298,영천동,285500.0,42.0
11605,2019-02,W6Y298,영천동,321650.0,56.0
11606,2019-03,W6Y298,영천동,,
11607,2019-04,W6Y298,영천동,,
11608,2019-05,W6Y298,영천동,126950.0,39.0
11609,2019-06,W6Y298,영천동,92900.0,26.0
11610,2019-07,W6Y298,영천동,,
11611,2019-08,W6Y298,영천동,,
11612,2019-09,W6Y298,영천동,,
11613,2019-10,W6Y298,영천동,,
11614,2019-11,W6Y298,영천동,,
11615,2019-12,W6Y298,영천동,,
11616,2020-01,W6Y298,영천동,,
11617,2020-02,W6Y298,영천동,,
11618,2020-03,W6Y298,영천동,,
11619,2020-04,W6Y298,영천동,,
11620,2020-05,W6Y298,영천동,,
11621,2020-06,W6Y298,영천동,,
11622,2020-07,W6Y298,영천동,188750.0,31.0
11623,2020-08,W6Y298,영천동,753650.0,113.0
11624,2020-09,W6Y298,영천동,541300.0,119.0
11625,2020-10,W6Y298,영천동,508250.0,97.0
11626,2020-11,W6Y298,영천동,510100.0,110.0
11627,2020-12,W6Y298,영천동,534800.0,117.0
11628,2021-01,W6Y298,영천동,573850.0,107.0
11629,2021-02,W6Y298,영천동,620550.0,103.0
11630,2021-03,W6Y298,영천동,501950.0,120.0
11631,2021-04,W6Y298,영천동,,
11632,2021-05,W6Y298,영천동,874950.0,190.0
11633,2021-06,W6Y298,영천동,1018350.0,189.0
11634,2018-01,W6Y299,중문동,,
11635,2018-02,W6Y299,중문동,,
11636,2018-03,W6Y299,중문동,,
11637,2018-04,W6Y299,중문동,,
11638,2018-05,W6Y299,중문동,,
11639,2018-06,W6Y299,중문동,,
11640,2018-07,W6Y299,중문동,,
11641,2018-08,W6Y299,중문동,,
11642,2018-09,W6Y299,중문동,,
11643,2018-10,W6Y299,중문동,,
11644,2018-11,W6Y299,중문동,,
11645,2018-12,W6Y299,중문동,,
11646,2019-01,W6Y299,중문동,,
11647,2019-02,W6Y299,중문동,,
11648,2019-03,W6Y299,중문동,,
11649,2019-04,W6Y299,중문동,,
11650,2019-05,W6Y299,중문동,,
11651,2019-06,W6Y299,중문동,,
11652,2019-07,W6Y299,중문동,,
11653,2019-08,W6Y299,중문동,,
11654,2019-09,W6Y299,중문동,,
11655,2019-10,W6Y299,중문동,,
11656,2019-11,W6Y299,중문동,,
11657,2019-12,W6Y299,중문동,,
11658,2020-01,W6Y299,중문동,,
11659,2020-02,W6Y299,중문동,,
11660,2020-03,W6Y299,중문동,,
11661,2020-04,W6Y299,중문동,,
11662,2020-05,W6Y299,중문동,,
11663,2020-06,W6Y299,중문동,,
11664,2020-07,W6Y299,중문동,,
11665,2020-08,W6Y299,중문동,,
11666,2020-09,W6Y299,중문동,,
11667,2020-10,W6Y299,중문동,,
11668,2020-11,W6Y299,중문동,,
11669,2020-12,W6Y299,중문동,,
11670,2021-01,W6Y299,중문동,,
11671,2021-02,W6Y299,중문동,,
11672,2021-03,W6Y299,중문동,,
11673,2021-04,W6Y299,중문동,,
11674,2021-05,W6Y299,중문동,,
11675,2021-06,W6Y299,중문동,,
11676,2018-01,W6Y300,대정읍,269000.0,19.0
11677,2018-02,W6Y300,대정읍,,
11678,2018-03,W6Y300,대정읍,,
11679,2018-04,W6Y300,대정읍,,
11680,2018-05,W6Y300,대정읍,,
11681,2018-06,W6Y300,대정읍,,
11682,2018-07,W6Y300,대정읍,468150.0,142.0
11683,2018-08,W6Y300,대정읍,540000.0,186.0
11684,2018-09,W6Y300,대정읍,536550.0,162.0
11685,2018-10,W6Y300,대정읍,346600.0,126.0
11686,2018-11,W6Y300,대정읍,375200.0,123.0
11687,2018-12,W6Y300,대정읍,360100.0,145.0
11688,2019-01,W6Y300,대정읍,36300.0,12.0
11689,2019-02,W6Y300,대정읍,,
11690,2019-03,W6Y300,대정읍,,
11691,2019-04,W6Y300,대정읍,53950.0,15.0
11692,2019-05,W6Y300,대정읍,403800.0,90.0
11693,2019-06,W6Y300,대정읍,859250.0,136.0
11694,2019-07,W6Y300,대정읍,1074900.0,173.0
11695,2019-08,W6Y300,대정읍,1285950.0,251.0
11696,2019-09,W6Y300,대정읍,933000.0,167.0
11697,2019-10,W6Y300,대정읍,1172050.0,157.0
11698,2019-11,W6Y300,대정읍,1046400.0,172.0
11699,2019-12,W6Y300,대정읍,1464900.0,202.0
11700,2020-01,W6Y300,대정읍,1333600.0,182.0
11701,2020-02,W6Y300,대정읍,977500.0,120.0
11702,2020-03,W6Y300,대정읍,1132550.0,151.0
11703,2020-04,W6Y300,대정읍,695750.0,115.0
11704,2020-05,W6Y300,대정읍,1282850.0,165.0
11705,2020-06,W6Y300,대정읍,436100.0,68.0
11706,2020-07,W6Y300,대정읍,,
11707,2020-08,W6Y300,대정읍,,
11708,2020-09,W6Y300,대정읍,,
11709,2020-10,W6Y300,대정읍,,
11710,2020-11,W6Y300,대정읍,51550.0,24.0
11711,2020-12,W6Y300,대정읍,1850.0,1.0
11712,2021-01,W6Y300,대정읍,38850.0,18.0
11713,2021-02,W6Y300,대정읍,450.0,1.0
11714,2021-03,W6Y300,대정읍,,
11715,2021-04,W6Y300,대정읍,,
11716,2021-05,W6Y300,대정읍,,
11717,2021-06,W6Y300,대정읍,2100.0,2.0
11718,2018-01,W6Y301,대정읍,1203600.0,298.0
11719,2018-02,W6Y301,대정읍,223500.0,51.0
11720,2018-03,W6Y301,대정읍,,
11721,2018-04,W6Y301,대정읍,,
11722,2018-05,W6Y301,대정읍,,
11723,2018-06,W6Y301,대정읍,,
11724,2018-07,W6Y301,대정읍,,
11725,2018-08,W6Y301,대정읍,,
11726,2018-09,W6Y301,대정읍,,
11727,2018-10,W6Y301,대정읍,,
11728,2018-11,W6Y301,대정읍,,
11729,2018-12,W6Y301,대정읍,,
11730,2019-01,W6Y301,대정읍,,
11731,2019-02,W6Y301,대정읍,,
11732,2019-03,W6Y301,대정읍,,
11733,2019-04,W6Y301,대정읍,,
11734,2019-05,W6Y301,대정읍,923250.0,264.0
11735,2019-06,W6Y301,대정읍,1143000.0,279.0
11736,2019-07,W6Y301,대정읍,964200.0,262.0
11737,2019-08,W6Y301,대정읍,848500.0,258.0
11738,2019-09,W6Y301,대정읍,794100.0,253.0
11739,2019-10,W6Y301,대정읍,727850.0,235.0
11740,2019-11,W6Y301,대정읍,552250.0,203.0
11741,2019-12,W6Y301,대정읍,402100.0,133.0
11742,2020-01,W6Y301,대정읍,416250.0,123.0
11743,2020-02,W6Y301,대정읍,356050.0,130.0
11744,2020-03,W6Y301,대정읍,579600.0,150.0
11745,2020-04,W6Y301,대정읍,362300.0,130.0
11746,2020-05,W6Y301,대정읍,446950.0,189.0
11747,2020-06,W6Y301,대정읍,306000.0,157.0
11748,2020-07,W6Y301,대정읍,216000.0,67.0
11749,2020-08,W6Y301,대정읍,,
11750,2020-09,W6Y301,대정읍,,
11751,2020-10,W6Y301,대정읍,,
11752,2020-11,W6Y301,대정읍,,
11753,2020-12,W6Y301,대정읍,,
11754,2021-01,W6Y301,대정읍,,
11755,2021-02,W6Y301,대정읍,,
11756,2021-03,W6Y301,대정읍,,
11757,2021-04,W6Y301,대정읍,,
11758,2021-05,W6Y301,대정읍,,
11759,2021-06,W6Y301,대정읍,,
11760,2018-01,W6Y302,대정읍,1566850.0,371.0
11761,2018-02,W6Y302,대정읍,1460250.0,319.0
11762,2018-03,W6Y302,대정읍,1809600.0,393.0
11763,2018-04,W6Y302,대정읍,1443750.0,343.0
11764,2018-05,W6Y302,대정읍,1492800.0,403.0
11765,2018-06,W6Y302,대정읍,1311200.0,413.0
11766,2018-07,W6Y302,대정읍,1467900.0,445.0
11767,2018-08,W6Y302,대정읍,1507850.0,500.0
11768,2018-09,W6Y302,대정읍,1398950.0,479.0
11769,2018-10,W6Y302,대정읍,1307500.0,407.0
11770,2018-11,W6Y302,대정읍,1332000.0,390.0
11771,2018-12,W6Y302,대정읍,2320400.0,449.0
11772,2019-01,W6Y302,대정읍,807150.0,139.0
11773,2019-02,W6Y302,대정읍,332450.0,36.0
11774,2019-03,W6Y302,대정읍,687900.0,67.0
11775,2019-04,W6Y302,대정읍,901450.0,106.0
11776,2019-05,W6Y302,대정읍,1183350.0,129.0
11777,2019-06,W6Y302,대정읍,1291100.0,179.0
11778,2019-07,W6Y302,대정읍,974100.0,148.0
11779,2019-08,W6Y302,대정읍,549950.0,109.0
11780,2019-09,W6Y302,대정읍,164850.0,45.0
11781,2019-10,W6Y302,대정읍,51000.0,16.0
11782,2019-11,W6Y302,대정읍,1226950.0,130.0
11783,2019-12,W6Y302,대정읍,2237050.0,259.0
11784,2020-01,W6Y302,대정읍,644800.0,74.0
11785,2020-02,W6Y302,대정읍,93200.0,23.0
11786,2020-03,W6Y302,대정읍,13750.0,6.0
11787,2020-04,W6Y302,대정읍,4600.0,2.0
11788,2020-05,W6Y302,대정읍,1105950.0,94.0
11789,2020-06,W6Y302,대정읍,887600.0,92.0
11790,2020-07,W6Y302,대정읍,749850.0,111.0
11791,2020-08,W6Y302,대정읍,641750.0,91.0
11792,2020-09,W6Y302,대정읍,147950.0,22.0
11793,2020-10,W6Y302,대정읍,76350.0,19.0
11794,2020-11,W6Y302,대정읍,536800.0,45.0
11795,2020-12,W6Y302,대정읍,595750.0,47.0
11796,2021-01,W6Y302,대정읍,66800.0,26.0
11797,2021-02,W6Y302,대정읍,82150.0,8.0
11798,2021-03,W6Y302,대정읍,158150.0,27.0
11799,2021-04,W6Y302,대정읍,,
11800,2021-05,W6Y302,대정읍,,
11801,2021-06,W6Y302,대정읍,77600.0,24.0
11802,2018-01,W6Y303,동홍동,1931000.0,700.0
11803,2018-02,W6Y303,동홍동,1467900.0,538.0
11804,2018-03,W6Y303,동홍동,2016150.0,643.0
11805,2018-04,W6Y303,동홍동,2003500.0,614.0
11806,2018-05,W6Y303,동홍동,1806050.0,654.0
11807,2018-06,W6Y303,동홍동,2049550.0,745.0
11808,2018-07,W6Y303,동홍동,2158200.0,877.0
11809,2018-08,W6Y303,동홍동,2064850.0,832.0
11810,2018-09,W6Y303,동홍동,1895100.0,790.0
11811,2018-10,W6Y303,동홍동,1986050.0,786.0
11812,2018-11,W6Y303,동홍동,1963450.0,766.0
11813,2018-12,W6Y303,동홍동,2023900.0,715.0
11814,2019-01,W6Y303,동홍동,2133600.0,714.0
11815,2019-02,W6Y303,동홍동,2264950.0,707.0
11816,2019-03,W6Y303,동홍동,2300050.0,786.0
11817,2019-04,W6Y303,동홍동,1984650.0,710.0
11818,2019-05,W6Y303,동홍동,2580500.0,863.0
11819,2019-06,W6Y303,동홍동,1840200.0,515.0
11820,2019-07,W6Y303,동홍동,2065600.0,623.0
11821,2019-08,W6Y303,동홍동,2782650.0,704.0
11822,2019-09,W6Y303,동홍동,1624600.0,520.0
11823,2019-10,W6Y303,동홍동,1260650.0,492.0
11824,2019-11,W6Y303,동홍동,1380650.0,440.0
11825,2019-12,W6Y303,동홍동,1396200.0,406.0
11826,2020-01,W6Y303,동홍동,1346200.0,291.0
11827,2020-02,W6Y303,동홍동,1322050.0,389.0
11828,2020-03,W6Y303,동홍동,1528250.0,513.0
11829,2020-04,W6Y303,동홍동,1320900.0,401.0
11830,2020-05,W6Y303,동홍동,1439650.0,417.0
11831,2020-06,W6Y303,동홍동,1146700.0,459.0
11832,2020-07,W6Y303,동홍동,1184750.0,555.0
11833,2020-08,W6Y303,동홍동,1343050.0,622.0
11834,2020-09,W6Y303,동홍동,1294750.0,645.0
11835,2020-10,W6Y303,동홍동,1187000.0,560.0
11836,2020-11,W6Y303,동홍동,1319100.0,528.0
11837,2020-12,W6Y303,동홍동,1529100.0,558.0
11838,2021-01,W6Y303,동홍동,1315200.0,521.0
11839,2021-02,W6Y303,동홍동,1461550.0,504.0
11840,2021-03,W6Y303,동홍동,1509800.0,528.0
11841,2021-04,W6Y303,동홍동,,
11842,2021-05,W6Y303,동홍동,1432600.0,584.0
11843,2021-06,W6Y303,동홍동,1299050.0,566.0
11844,2018-01,W6Y304,영천동,34850.0,5.0
11845,2018-02,W6Y304,영천동,29600.0,4.0
11846,2018-03,W6Y304,영천동,11200.0,7.0
11847,2018-04,W6Y304,영천동,31450.0,23.0
11848,2018-05,W6Y304,영천동,39750.0,30.0
11849,2018-06,W6Y304,영천동,35250.0,35.0
11850,2018-07,W6Y304,영천동,108150.0,71.0
11851,2018-08,W6Y304,영천동,101600.0,88.0
11852,2018-09,W6Y304,영천동,16400.0,24.0
11853,2018-10,W6Y304,영천동,14750.0,20.0
11854,2018-11,W6Y304,영천동,6950.0,9.0
11855,2018-12,W6Y304,영천동,1950.0,4.0
11856,2019-01,W6Y304,영천동,1577650.0,276.0
11857,2019-02,W6Y304,영천동,3976150.0,697.0
11858,2019-03,W6Y304,영천동,2569650.0,597.0
11859,2019-04,W6Y304,영천동,2793000.0,730.0
11860,2019-05,W6Y304,영천동,3641250.0,920.0
11861,2019-06,W6Y304,영천동,1182300.0,281.0
11862,2019-07,W6Y304,영천동,,
11863,2019-08,W6Y304,영천동,,
11864,2019-09,W6Y304,영천동,,
11865,2019-10,W6Y304,영천동,,
11866,2019-11,W6Y304,영천동,,
11867,2019-12,W6Y304,영천동,,
11868,2020-01,W6Y304,영천동,,
11869,2020-02,W6Y304,영천동,,
11870,2020-03,W6Y304,영천동,,
11871,2020-04,W6Y304,영천동,,
11872,2020-05,W6Y304,영천동,,
11873,2020-06,W6Y304,영천동,,
11874,2020-07,W6Y304,영천동,,
11875,2020-08,W6Y304,영천동,,
11876,2020-09,W6Y304,영천동,,
11877,2020-10,W6Y304,영천동,,
11878,2020-11,W6Y304,영천동,,
11879,2020-12,W6Y304,영천동,,
11880,2021-01,W6Y304,영천동,,
11881,2021-02,W6Y304,영천동,,
11882,2021-03,W6Y304,영천동,,
11883,2021-04,W6Y304,영천동,,
11884,2021-05,W6Y304,영천동,,
11885,2021-06,W6Y304,영천동,,
11886,2018-01,W6Y306,영천동,786450.0,204.0
11887,2018-02,W6Y306,영천동,992550.0,292.0
11888,2018-03,W6Y306,영천동,1322800.0,382.0
11889,2018-04,W6Y306,영천동,1317000.0,418.0
11890,2018-05,W6Y306,영천동,1328400.0,437.0
11891,2018-06,W6Y306,영천동,1234700.0,414.0
11892,2018-07,W6Y306,영천동,1646200.0,560.0
11893,2018-08,W6Y306,영천동,1636350.0,640.0
11894,2018-09,W6Y306,영천동,1605100.0,717.0
11895,2018-10,W6Y306,영천동,1589950.0,661.0
11896,2018-11,W6Y306,영천동,1534400.0,579.0
11897,2018-12,W6Y306,영천동,1918050.0,647.0
11898,2019-01,W6Y306,영천동,92000.0,27.0
11899,2019-02,W6Y306,영천동,,
11900,2019-03,W6Y306,영천동,,
11901,2019-04,W6Y306,영천동,,
11902,2019-05,W6Y306,영천동,1735250.0,682.0
11903,2019-06,W6Y306,영천동,1791000.0,718.0
11904,2019-07,W6Y306,영천동,1593900.0,633.0
11905,2019-08,W6Y306,영천동,1408550.0,598.0
11906,2019-09,W6Y306,영천동,1332100.0,546.0
11907,2019-10,W6Y306,영천동,1481250.0,623.0
11908,2019-11,W6Y306,영천동,1391850.0,546.0
11909,2019-12,W6Y306,영천동,1332350.0,509.0
11910,2020-01,W6Y306,영천동,1548000.0,526.0
11911,2020-02,W6Y306,영천동,1532600.0,527.0
11912,2020-03,W6Y306,영천동,1516200.0,603.0
11913,2020-04,W6Y306,영천동,1186550.0,493.0
11914,2020-05,W6Y306,영천동,1328850.0,539.0
11915,2020-06,W6Y306,영천동,879850.0,409.0
11916,2020-07,W6Y306,영천동,,
11917,2020-08,W6Y306,영천동,,
11918,2020-09,W6Y306,영천동,,
11919,2020-10,W6Y306,영천동,,
11920,2020-11,W6Y306,영천동,,
11921,2020-12,W6Y306,영천동,,
11922,2021-01,W6Y306,영천동,,
11923,2021-02,W6Y306,영천동,,
11924,2021-03,W6Y306,영천동,,
11925,2021-04,W6Y306,영천동,,
11926,2021-05,W6Y306,영천동,,
11927,2021-06,W6Y306,영천동,,
11928,2018-01,W6Y307,대륜동,6714100.0,3350.0
11929,2018-02,W6Y307,대륜동,5305250.0,2737.0
11930,2018-03,W6Y307,대륜동,6224000.0,3275.0
11931,2018-04,W6Y307,대륜동,5543900.0,3101.0
11932,2018-05,W6Y307,대륜동,5531250.0,3317.0
11933,2018-06,W6Y307,대륜동,5003250.0,2827.0
11934,2018-07,W6Y307,대륜동,5889950.0,3351.0
11935,2018-08,W6Y307,대륜동,5539900.0,3259.0
11936,2018-09,W6Y307,대륜동,4450450.0,2978.0
11937,2018-10,W6Y307,대륜동,4053000.0,2723.0
11938,2018-11,W6Y307,대륜동,4572300.0,2773.0
11939,2018-12,W6Y307,대륜동,5231200.0,2884.0
11940,2019-01,W6Y307,대륜동,5551650.0,2965.0
11941,2019-02,W6Y307,대륜동,4720350.0,2537.0
11942,2019-03,W6Y307,대륜동,4554900.0,2611.0
11943,2019-04,W6Y307,대륜동,4357950.0,2618.0
11944,2019-05,W6Y307,대륜동,4039150.0,2553.0
11945,2019-06,W6Y307,대륜동,4190100.0,2681.0
11946,2019-07,W6Y307,대륜동,4561200.0,2872.0
11947,2019-08,W6Y307,대륜동,4394200.0,2977.0
11948,2019-09,W6Y307,대륜동,3648400.0,2569.0
11949,2019-10,W6Y307,대륜동,3454150.0,2461.0
11950,2019-11,W6Y307,대륜동,4065400.0,2491.0
11951,2019-12,W6Y307,대륜동,4106050.0,2343.0
11952,2020-01,W6Y307,대륜동,4336700.0,2288.0
11953,2020-02,W6Y307,대륜동,4128750.0,2259.0
11954,2020-03,W6Y307,대륜동,4255650.0,2496.0
11955,2020-04,W6Y307,대륜동,3639900.0,2296.0
11956,2020-05,W6Y307,대륜동,3999000.0,2479.0
11957,2020-06,W6Y307,대륜동,3524400.0,2236.0
11958,2020-07,W6Y307,대륜동,2107400.0,1431.0
11959,2020-08,W6Y307,대륜동,,
11960,2020-09,W6Y307,대륜동,,
11961,2020-10,W6Y307,대륜동,,
11962,2020-11,W6Y307,대륜동,,
11963,2020-12,W6Y307,대륜동,,
11964,2021-01,W6Y307,대륜동,,
11965,2021-02,W6Y307,대륜동,,
11966,2021-03,W6Y307,대륜동,,
11967,2021-04,W6Y307,대륜동,,
11968,2021-05,W6Y307,대륜동,,
11969,2021-06,W6Y307,대륜동,,
11970,2018-01,W6Y308,대륜동,2732500.0,1717.0
11971,2018-02,W6Y308,대륜동,2275550.0,1513.0
11972,2018-03,W6Y308,대륜동,2726650.0,1688.0
11973,2018-04,W6Y308,대륜동,2644350.0,1837.0
11974,2018-05,W6Y308,대륜동,2791800.0,2023.0
11975,2018-06,W6Y308,대륜동,3095550.0,2211.0
11976,2018-07,W6Y308,대륜동,3433200.0,2413.0
11977,2018-08,W6Y308,대륜동,2933350.0,2211.0
11978,2018-09,W6Y308,대륜동,2285050.0,1933.0
11979,2018-10,W6Y308,대륜동,2755150.0,2160.0
11980,2018-11,W6Y308,대륜동,3029600.0,2080.0
11981,2018-12,W6Y308,대륜동,3354000.0,2101.0
11982,2019-01,W6Y308,대륜동,3072850.0,2001.0
11983,2019-02,W6Y308,대륜동,2667950.0,1718.0
11984,2019-03,W6Y308,대륜동,2907500.0,1945.0
11985,2019-04,W6Y308,대륜동,2835000.0,1996.0
11986,2019-05,W6Y308,대륜동,2996350.0,2037.0
11987,2019-06,W6Y308,대륜동,3352800.0,2302.0
11988,2019-07,W6Y308,대륜동,3001100.0,2061.0
11989,2019-08,W6Y308,대륜동,2892650.0,2228.0
11990,2019-09,W6Y308,대륜동,2259300.0,1746.0
11991,2019-10,W6Y308,대륜동,2084500.0,1666.0
11992,2019-11,W6Y308,대륜동,2076000.0,1570.0
11993,2019-12,W6Y308,대륜동,2625250.0,1722.0
11994,2020-01,W6Y308,대륜동,2499500.0,1623.0
11995,2020-02,W6Y308,대륜동,2350050.0,1617.0
11996,2020-03,W6Y308,대륜동,2385750.0,1734.0
11997,2020-04,W6Y308,대륜동,1991700.0,1477.0
11998,2020-05,W6Y308,대륜동,2171950.0,1638.0
11999,2020-06,W6Y308,대륜동,2235800.0,1663.0
12000,2020-07,W6Y308,대륜동,1009100.0,714.0
12001,2020-08,W6Y308,대륜동,,
12002,2020-09,W6Y308,대륜동,,
12003,2020-10,W6Y308,대륜동,,
12004,2020-11,W6Y308,대륜동,,
12005,2020-12,W6Y308,대륜동,,
12006,2021-01,W6Y308,대륜동,,
12007,2021-02,W6Y308,대륜동,,
12008,2021-03,W6Y308,대륜동,,
12009,2021-04,W6Y308,대륜동,,
12010,2021-05,W6Y308,대륜동,,
12011,2021-06,W6Y308,대륜동,,
12012,2018-01,W6Y309,영천동,,
12013,2018-02,W6Y309,영천동,,
12014,2018-03,W6Y309,영천동,,
12015,2018-04,W6Y309,영천동,,
12016,2018-05,W6Y309,영천동,,
12017,2018-06,W6Y309,영천동,,
12018,2018-07,W6Y309,영천동,,
12019,2018-08,W6Y309,영천동,,
12020,2018-09,W6Y309,영천동,,
12021,2018-10,W6Y309,영천동,,
12022,2018-11,W6Y309,영천동,,
12023,2018-12,W6Y309,영천동,,
12024,2019-01,W6Y309,영천동,,
12025,2019-02,W6Y309,영천동,,
12026,2019-03,W6Y309,영천동,,
12027,2019-04,W6Y309,영천동,,
12028,2019-05,W6Y309,영천동,,
12029,2019-06,W6Y309,영천동,,
12030,2019-07,W6Y309,영천동,,
12031,2019-08,W6Y309,영천동,,
12032,2019-09,W6Y309,영천동,,
12033,2019-10,W6Y309,영천동,,
12034,2019-11,W6Y309,영천동,,
12035,2019-12,W6Y309,영천동,,
12036,2020-01,W6Y309,영천동,,
12037,2020-02,W6Y309,영천동,,
12038,2020-03,W6Y309,영천동,,
12039,2020-04,W6Y309,영천동,,
12040,2020-05,W6Y309,영천동,,
12041,2020-06,W6Y309,영천동,,
12042,2020-07,W6Y309,영천동,,
12043,2020-08,W6Y309,영천동,,
12044,2020-09,W6Y309,영천동,,
12045,2020-10,W6Y309,영천동,,
12046,2020-11,W6Y309,영천동,,
12047,2020-12,W6Y309,영천동,,
12048,2021-01,W6Y309,영천동,,
12049,2021-02,W6Y309,영천동,,
12050,2021-03,W6Y309,영천동,,
12051,2021-04,W6Y309,영천동,,
12052,2021-05,W6Y309,영천동,,
12053,2021-06,W6Y309,영천동,,
12054,2018-01,W6Y310,영천동,,
12055,2018-02,W6Y310,영천동,,
12056,2018-03,W6Y310,영천동,,
12057,2018-04,W6Y310,영천동,,
12058,2018-05,W6Y310,영천동,,
12059,2018-06,W6Y310,영천동,,
12060,2018-07,W6Y310,영천동,,
12061,2018-08,W6Y310,영천동,,
12062,2018-09,W6Y310,영천동,,
12063,2018-10,W6Y310,영천동,,
12064,2018-11,W6Y310,영천동,,
12065,2018-12,W6Y310,영천동,,
12066,2019-01,W6Y310,영천동,,
12067,2019-02,W6Y310,영천동,,
12068,2019-03,W6Y310,영천동,,
12069,2019-04,W6Y310,영천동,,
12070,2019-05,W6Y310,영천동,,
12071,2019-06,W6Y310,영천동,,
12072,2019-07,W6Y310,영천동,,
12073,2019-08,W6Y310,영천동,,
12074,2019-09,W6Y310,영천동,,
12075,2019-10,W6Y310,영천동,,
12076,2019-11,W6Y310,영천동,,
12077,2019-12,W6Y310,영천동,,
12078,2020-01,W6Y310,영천동,,
12079,2020-02,W6Y310,영천동,,
12080,2020-03,W6Y310,영천동,,
12081,2020-04,W6Y310,영천동,,
12082,2020-05,W6Y310,영천동,,
12083,2020-06,W6Y310,영천동,,
12084,2020-07,W6Y310,영천동,,
12085,2020-08,W6Y310,영천동,,
12086,2020-09,W6Y310,영천동,,
12087,2020-10,W6Y310,영천동,,
12088,2020-11,W6Y310,영천동,,
12089,2020-12,W6Y310,영천동,,
12090,2021-01,W6Y310,영천동,,
12091,2021-02,W6Y310,영천동,,
12092,2021-03,W6Y310,영천동,,
12093,2021-04,W6Y310,영천동,,
12094,2021-05,W6Y310,영천동,,
12095,2021-06,W6Y310,영천동,,
12096,2018-01,W6Y311,동홍동,1348300.0,745.0
12097,2018-02,W6Y311,동홍동,1223950.0,670.0
12098,2018-03,W6Y311,동홍동,1442000.0,728.0
12099,2018-04,W6Y311,동홍동,1367350.0,736.0
12100,2018-05,W6Y311,동홍동,1357650.0,781.0
12101,2018-06,W6Y311,동홍동,1462850.0,890.0
12102,2018-07,W6Y311,동홍동,1642050.0,1018.0
12103,2018-08,W6Y311,동홍동,1511450.0,974.0
12104,2018-09,W6Y311,동홍동,1397100.0,934.0
12105,2018-10,W6Y311,동홍동,1243450.0,832.0
12106,2018-11,W6Y311,동홍동,1299400.0,816.0
12107,2018-12,W6Y311,동홍동,1305900.0,789.0
12108,2019-01,W6Y311,동홍동,1374150.0,833.0
12109,2019-02,W6Y311,동홍동,1277900.0,747.0
12110,2019-03,W6Y311,동홍동,1256050.0,759.0
12111,2019-04,W6Y311,동홍동,837850.0,534.0
12112,2019-05,W6Y311,동홍동,,
12113,2019-06,W6Y311,동홍동,,
12114,2019-07,W6Y311,동홍동,,
12115,2019-08,W6Y311,동홍동,618400.0,541.0
12116,2019-09,W6Y311,동홍동,1157600.0,895.0
12117,2019-10,W6Y311,동홍동,1237450.0,903.0
12118,2019-11,W6Y311,동홍동,1241850.0,840.0
12119,2019-12,W6Y311,동홍동,1491500.0,844.0
12120,2020-01,W6Y311,동홍동,1402300.0,842.0
12121,2020-02,W6Y311,동홍동,1456250.0,789.0
12122,2020-03,W6Y311,동홍동,1241750.0,817.0
12123,2020-04,W6Y311,동홍동,1289150.0,813.0
12124,2020-05,W6Y311,동홍동,1310350.0,924.0
12125,2020-06,W6Y311,동홍동,1313950.0,1031.0
12126,2020-07,W6Y311,동홍동,1233850.0,1056.0
12127,2020-08,W6Y311,동홍동,1324900.0,1167.0
12128,2020-09,W6Y311,동홍동,1064300.0,1007.0
12129,2020-10,W6Y311,동홍동,1052900.0,950.0
12130,2020-11,W6Y311,동홍동,1134300.0,860.0
12131,2020-12,W6Y311,동홍동,1253850.0,916.0
12132,2021-01,W6Y311,동홍동,1302800.0,870.0
12133,2021-02,W6Y311,동홍동,1237900.0,819.0
12134,2021-03,W6Y311,동홍동,1118150.0,861.0
12135,2021-04,W6Y311,동홍동,,
12136,2021-05,W6Y311,동홍동,1221900.0,966.0
12137,2021-06,W6Y311,동홍동,1215350.0,989.0
12138,2018-01,W6Y312,동홍동,635050.0,546.0
12139,2018-02,W6Y312,동홍동,572600.0,437.0
12140,2018-03,W6Y312,동홍동,654500.0,538.0
12141,2018-04,W6Y312,동홍동,602900.0,541.0
12142,2018-05,W6Y312,동홍동,574200.0,568.0
12143,2018-06,W6Y312,동홍동,635000.0,601.0
12144,2018-07,W6Y312,동홍동,718000.0,648.0
12145,2018-08,W6Y312,동홍동,621450.0,525.0
12146,2018-09,W6Y312,동홍동,515800.0,477.0
12147,2018-10,W6Y312,동홍동,496350.0,470.0
12148,2018-11,W6Y312,동홍동,540550.0,463.0
12149,2018-12,W6Y312,동홍동,195150.0,180.0
12150,2019-01,W6Y312,동홍동,,
12151,2019-02,W6Y312,동홍동,,
12152,2019-03,W6Y312,동홍동,,
12153,2019-04,W6Y312,동홍동,303400.0,201.0
12154,2019-05,W6Y312,동홍동,1155700.0,838.0
12155,2019-06,W6Y312,동홍동,1294350.0,882.0
12156,2019-07,W6Y312,동홍동,1304350.0,991.0
12157,2019-08,W6Y312,동홍동,877550.0,736.0
12158,2019-09,W6Y312,동홍동,515500.0,486.0
12159,2019-10,W6Y312,동홍동,530350.0,505.0
12160,2019-11,W6Y312,동홍동,558100.0,520.0
12161,2019-12,W6Y312,동홍동,572600.0,470.0
12162,2020-01,W6Y312,동홍동,625850.0,543.0
12163,2020-02,W6Y312,동홍동,639950.0,546.0
12164,2020-03,W6Y312,동홍동,725650.0,633.0
12165,2020-04,W6Y312,동홍동,527350.0,518.0
12166,2020-05,W6Y312,동홍동,596550.0,514.0
12167,2020-06,W6Y312,동홍동,466400.0,423.0
12168,2020-07,W6Y312,동홍동,527950.0,474.0
12169,2020-08,W6Y312,동홍동,497800.0,462.0
12170,2020-09,W6Y312,동홍동,442600.0,464.0
12171,2020-10,W6Y312,동홍동,461500.0,455.0
12172,2020-11,W6Y312,동홍동,485650.0,444.0
12173,2020-12,W6Y312,동홍동,652800.0,541.0
12174,2021-01,W6Y312,동홍동,728950.0,594.0
12175,2021-02,W6Y312,동홍동,663050.0,481.0
12176,2021-03,W6Y312,동홍동,695300.0,567.0
12177,2021-04,W6Y312,동홍동,,
12178,2021-05,W6Y312,동홍동,663850.0,611.0
12179,2021-06,W6Y312,동홍동,647950.0,609.0
12180,2018-01,W6Y314,중문동,,
12181,2018-02,W6Y314,중문동,,
12182,2018-03,W6Y314,중문동,,
12183,2018-04,W6Y314,중문동,,
12184,2018-05,W6Y314,중문동,,
12185,2018-06,W6Y314,중문동,,
12186,2018-07,W6Y314,중문동,,
12187,2018-08,W6Y314,중문동,,
12188,2018-09,W6Y314,중문동,,
12189,2018-10,W6Y314,중문동,,
12190,2018-11,W6Y314,중문동,10500.0,7.0
12191,2018-12,W6Y314,중문동,,
12192,2019-01,W6Y314,중문동,,
12193,2019-02,W6Y314,중문동,,
12194,2019-03,W6Y314,중문동,,
12195,2019-04,W6Y314,중문동,,
12196,2019-05,W6Y314,중문동,,
12197,2019-06,W6Y314,중문동,,
12198,2019-07,W6Y314,중문동,,
12199,2019-08,W6Y314,중문동,,
12200,2019-09,W6Y314,중문동,,
12201,2019-10,W6Y314,중문동,,
12202,2019-11,W6Y314,중문동,,
12203,2019-12,W6Y314,중문동,,
12204,2020-01,W6Y314,중문동,,
12205,2020-02,W6Y314,중문동,,
12206,2020-03,W6Y314,중문동,,
12207,2020-04,W6Y314,중문동,,
12208,2020-05,W6Y314,중문동,,
12209,2020-06,W6Y314,중문동,,
12210,2020-07,W6Y314,중문동,,
12211,2020-08,W6Y314,중문동,,
12212,2020-09,W6Y314,중문동,,
12213,2020-10,W6Y314,중문동,,
12214,2020-11,W6Y314,중문동,,
12215,2020-12,W6Y314,중문동,,
12216,2021-01,W6Y314,중문동,,
12217,2021-02,W6Y314,중문동,,
12218,2021-03,W6Y314,중문동,,
12219,2021-04,W6Y314,중문동,,
12220,2021-05,W6Y314,중문동,,
12221,2021-06,W6Y314,중문동,,
12222,2018-01,W6Y315,동홍동,929550.0,425.0
12223,2018-02,W6Y315,동홍동,766700.0,344.0
12224,2018-03,W6Y315,동홍동,805050.0,384.0
12225,2018-04,W6Y315,동홍동,813500.0,396.0
12226,2018-05,W6Y315,동홍동,900350.0,440.0
12227,2018-06,W6Y315,동홍동,831900.0,449.0
12228,2018-07,W6Y315,동홍동,1059600.0,525.0
12229,2018-08,W6Y315,동홍동,1058750.0,513.0
12230,2018-09,W6Y315,동홍동,906750.0,471.0
12231,2018-10,W6Y315,동홍동,820050.0,437.0
12232,2018-11,W6Y315,동홍동,910750.0,445.0
12233,2018-12,W6Y315,동홍동,938000.0,398.0
12234,2019-01,W6Y315,동홍동,37000.0,18.0
12235,2019-02,W6Y315,동홍동,,
12236,2019-03,W6Y315,동홍동,,
12237,2019-04,W6Y315,동홍동,,
12238,2019-05,W6Y315,동홍동,691700.0,360.0
12239,2019-06,W6Y315,동홍동,969000.0,502.0
12240,2019-07,W6Y315,동홍동,1082750.0,522.0
12241,2019-08,W6Y315,동홍동,899500.0,539.0
12242,2019-09,W6Y315,동홍동,896000.0,497.0
12243,2019-10,W6Y315,동홍동,643500.0,411.0
12244,2019-11,W6Y315,동홍동,759550.0,393.0
12245,2019-12,W6Y315,동홍동,858150.0,387.0
12246,2020-01,W6Y315,동홍동,867600.0,428.0
12247,2020-02,W6Y315,동홍동,791000.0,380.0
12248,2020-03,W6Y315,동홍동,737450.0,401.0
12249,2020-04,W6Y315,동홍동,621350.0,383.0
12250,2020-05,W6Y315,동홍동,633450.0,405.0
12251,2020-06,W6Y315,동홍동,593200.0,391.0
12252,2020-07,W6Y315,동홍동,703350.0,452.0
12253,2020-08,W6Y315,동홍동,473650.0,330.0
12254,2020-09,W6Y315,동홍동,172950.0,147.0
12255,2020-10,W6Y315,동홍동,222100.0,149.0
12256,2020-11,W6Y315,동홍동,166700.0,152.0
12257,2020-12,W6Y315,동홍동,184050.0,147.0
12258,2021-01,W6Y315,동홍동,220250.0,137.0
12259,2021-02,W6Y315,동홍동,246700.0,140.0
12260,2021-03,W6Y315,동홍동,216300.0,133.0
12261,2021-04,W6Y315,동홍동,,
12262,2021-05,W6Y315,동홍동,205900.0,173.0
12263,2021-06,W6Y315,동홍동,193200.0,175.0
12264,2018-01,W6Y317,대정읍,3475350.0,1485.0
12265,2018-02,W6Y317,대정읍,2976650.0,1289.0
12266,2018-03,W6Y317,대정읍,3520850.0,1517.0
12267,2018-04,W6Y317,대정읍,3652850.0,1602.0
12268,2018-05,W6Y317,대정읍,3886300.0,1948.0
12269,2018-06,W6Y317,대정읍,3516850.0,1687.0
12270,2018-07,W6Y317,대정읍,1772550.0,965.0
12271,2018-08,W6Y317,대정읍,3279250.0,1872.0
12272,2018-09,W6Y317,대정읍,3204200.0,1906.0
12273,2018-10,W6Y317,대정읍,3351650.0,1869.0
12274,2018-11,W6Y317,대정읍,3584200.0,1830.0
12275,2018-12,W6Y317,대정읍,2922050.0,1347.0
12276,2019-01,W6Y317,대정읍,2237950.0,1059.0
12277,2019-02,W6Y317,대정읍,790800.0,351.0
12278,2019-03,W6Y317,대정읍,,
12279,2019-04,W6Y317,대정읍,,
12280,2019-05,W6Y317,대정읍,2557700.0,1340.0
12281,2019-06,W6Y317,대정읍,2662400.0,1337.0
12282,2019-07,W6Y317,대정읍,1644200.0,830.0
12283,2019-08,W6Y317,대정읍,3041000.0,1876.0
12284,2019-09,W6Y317,대정읍,2930650.0,1805.0
12285,2019-10,W6Y317,대정읍,3081550.0,1838.0
12286,2019-11,W6Y317,대정읍,3352800.0,1843.0
12287,2019-12,W6Y317,대정읍,3030500.0,1499.0
12288,2020-01,W6Y317,대정읍,2800600.0,1348.0
12289,2020-02,W6Y317,대정읍,3082400.0,1508.0
12290,2020-03,W6Y317,대정읍,3145700.0,1435.0
12291,2020-04,W6Y317,대정읍,2788650.0,1326.0
12292,2020-05,W6Y317,대정읍,2931050.0,1419.0
12293,2020-06,W6Y317,대정읍,2303250.0,1233.0
12294,2020-07,W6Y317,대정읍,1681500.0,940.0
12295,2020-08,W6Y317,대정읍,2050650.0,1285.0
12296,2020-09,W6Y317,대정읍,2151750.0,1429.0
12297,2020-10,W6Y317,대정읍,2172050.0,1318.0
12298,2020-11,W6Y317,대정읍,2157950.0,1181.0
12299,2020-12,W6Y317,대정읍,2468750.0,1202.0
12300,2021-01,W6Y317,대정읍,2652150.0,1314.0
12301,2021-02,W6Y317,대정읍,2145450.0,1104.0
12302,2021-03,W6Y317,대정읍,2333300.0,1260.0
12303,2021-04,W6Y317,대정읍,,
12304,2021-05,W6Y317,대정읍,3113750.0,1761.0
12305,2021-06,W6Y317,대정읍,2707000.0,1535.0
12306,2018-01,W6Y318,동홍동,982850.0,448.0
12307,2018-02,W6Y318,동홍동,888350.0,399.0
12308,2018-03,W6Y318,동홍동,888650.0,407.0
12309,2018-04,W6Y318,동홍동,825350.0,388.0
12310,2018-05,W6Y318,동홍동,816100.0,429.0
12311,2018-06,W6Y318,동홍동,928400.0,484.0
12312,2018-07,W6Y318,동홍동,1018350.0,579.0
12313,2018-08,W6Y318,동홍동,990500.0,550.0
12314,2018-09,W6Y318,동홍동,778450.0,494.0
12315,2018-10,W6Y318,동홍동,849950.0,502.0
12316,2018-11,W6Y318,동홍동,848500.0,458.0
12317,2018-12,W6Y318,동홍동,900850.0,435.0
12318,2019-01,W6Y318,동홍동,928900.0,450.0
12319,2019-02,W6Y318,동홍동,663350.0,295.0
12320,2019-03,W6Y318,동홍동,105400.0,47.0
12321,2019-04,W6Y318,동홍동,,
12322,2019-05,W6Y318,동홍동,637200.0,339.0
12323,2019-06,W6Y318,동홍동,897550.0,474.0
12324,2019-07,W6Y318,동홍동,1016900.0,549.0
12325,2019-08,W6Y318,동홍동,1055600.0,594.0
12326,2019-09,W6Y318,동홍동,930600.0,535.0
12327,2019-10,W6Y318,동홍동,789950.0,492.0
12328,2019-11,W6Y318,동홍동,831400.0,481.0
12329,2019-12,W6Y318,동홍동,833500.0,402.0
12330,2020-01,W6Y318,동홍동,884400.0,411.0
12331,2020-02,W6Y318,동홍동,839450.0,398.0
12332,2020-03,W6Y318,동홍동,733000.0,405.0
12333,2020-04,W6Y318,동홍동,709850.0,387.0
12334,2020-05,W6Y318,동홍동,783450.0,423.0
12335,2020-06,W6Y318,동홍동,755950.0,426.0
12336,2020-07,W6Y318,동홍동,763050.0,459.0
12337,2020-08,W6Y318,동홍동,870300.0,516.0
12338,2020-09,W6Y318,동홍동,690900.0,417.0
12339,2020-10,W6Y318,동홍동,649400.0,415.0
12340,2020-11,W6Y318,동홍동,679100.0,409.0
12341,2020-12,W6Y318,동홍동,1991700.0,713.0
12342,2021-01,W6Y318,동홍동,1817050.0,631.0
12343,2021-02,W6Y318,동홍동,1830950.0,631.0
12344,2021-03,W6Y318,동홍동,1742300.0,621.0
12345,2021-04,W6Y318,동홍동,,
12346,2021-05,W6Y318,동홍동,1528850.0,576.0
12347,2021-06,W6Y318,동홍동,764050.0,447.0
12348,2018-01,W6Y319,대륜동,394000.0,206.0
12349,2018-02,W6Y319,대륜동,370100.0,195.0
12350,2018-03,W6Y319,대륜동,310100.0,186.0
12351,2018-04,W6Y319,대륜동,356450.0,212.0
12352,2018-05,W6Y319,대륜동,393100.0,252.0
12353,2018-06,W6Y319,대륜동,371250.0,230.0
12354,2018-07,W6Y319,대륜동,488800.0,264.0
12355,2018-08,W6Y319,대륜동,452650.0,271.0
12356,2018-09,W6Y319,대륜동,386200.0,263.0
12357,2018-10,W6Y319,대륜동,344900.0,257.0
12358,2018-11,W6Y319,대륜동,311850.0,206.0
12359,2018-12,W6Y319,대륜동,380000.0,217.0
12360,2019-01,W6Y319,대륜동,238250.0,125.0
12361,2019-02,W6Y319,대륜동,,
12362,2019-03,W6Y319,대륜동,,
12363,2019-04,W6Y319,대륜동,,
12364,2019-05,W6Y319,대륜동,385450.0,257.0
12365,2019-06,W6Y319,대륜동,412450.0,253.0
12366,2019-07,W6Y319,대륜동,450600.0,270.0
12367,2019-08,W6Y319,대륜동,454050.0,275.0
12368,2019-09,W6Y319,대륜동,306300.0,213.0
12369,2019-10,W6Y319,대륜동,301100.0,186.0
12370,2019-11,W6Y319,대륜동,344150.0,209.0
12371,2019-12,W6Y319,대륜동,358650.0,194.0
12372,2020-01,W6Y319,대륜동,359100.0,202.0
12373,2020-02,W6Y319,대륜동,304450.0,176.0
12374,2020-03,W6Y319,대륜동,441050.0,256.0
12375,2020-04,W6Y319,대륜동,402200.0,288.0
12376,2020-05,W6Y319,대륜동,428800.0,299.0
12377,2020-06,W6Y319,대륜동,460350.0,300.0
12378,2020-07,W6Y319,대륜동,459950.0,307.0
12379,2020-08,W6Y319,대륜동,515050.0,343.0
12380,2020-09,W6Y319,대륜동,405750.0,296.0
12381,2020-10,W6Y319,대륜동,393800.0,278.0
12382,2020-11,W6Y319,대륜동,411950.0,233.0
12383,2020-12,W6Y319,대륜동,488900.0,292.0
12384,2021-01,W6Y319,대륜동,485550.0,310.0
12385,2021-02,W6Y319,대륜동,518650.0,297.0
12386,2021-03,W6Y319,대륜동,486750.0,291.0
12387,2021-04,W6Y319,대륜동,,
12388,2021-05,W6Y319,대륜동,514550.0,307.0
12389,2021-06,W6Y319,대륜동,495200.0,315.0
12390,2018-01,W6Y320,서홍동,612250.0,256.0
12391,2018-02,W6Y320,서홍동,646550.0,265.0
12392,2018-03,W6Y320,서홍동,556800.0,261.0
12393,2018-04,W6Y320,서홍동,546100.0,276.0
12394,2018-05,W6Y320,서홍동,571950.0,273.0
12395,2018-06,W6Y320,서홍동,560150.0,260.0
12396,2018-07,W6Y320,서홍동,610850.0,324.0
12397,2018-08,W6Y320,서홍동,588500.0,305.0
12398,2018-09,W6Y320,서홍동,574800.0,292.0
12399,2018-10,W6Y320,서홍동,534700.0,281.0
12400,2018-11,W6Y320,서홍동,548800.0,264.0
12401,2018-12,W6Y320,서홍동,658500.0,251.0
12402,2019-01,W6Y320,서홍동,580400.0,248.0
12403,2019-02,W6Y320,서홍동,343100.0,163.0
12404,2019-03,W6Y320,서홍동,124750.0,52.0
12405,2019-04,W6Y320,서홍동,16250.0,5.0
12406,2019-05,W6Y320,서홍동,343650.0,197.0
12407,2019-06,W6Y320,서홍동,586650.0,337.0
12408,2019-07,W6Y320,서홍동,662800.0,354.0
12409,2019-08,W6Y320,서홍동,575350.0,338.0
12410,2019-09,W6Y320,서홍동,569500.0,313.0
12411,2019-10,W6Y320,서홍동,476200.0,322.0
12412,2019-11,W6Y320,서홍동,530200.0,273.0
12413,2019-12,W6Y320,서홍동,608300.0,286.0
12414,2020-01,W6Y320,서홍동,605750.0,272.0
12415,2020-02,W6Y320,서홍동,589150.0,256.0
12416,2020-03,W6Y320,서홍동,573100.0,262.0
12417,2020-04,W6Y320,서홍동,533100.0,247.0
12418,2020-05,W6Y320,서홍동,504000.0,277.0
12419,2020-06,W6Y320,서홍동,537600.0,298.0
12420,2020-07,W6Y320,서홍동,592950.0,305.0
12421,2020-08,W6Y320,서홍동,675000.0,337.0
12422,2020-09,W6Y320,서홍동,487050.0,293.0
12423,2020-10,W6Y320,서홍동,493800.0,284.0
12424,2020-11,W6Y320,서홍동,537800.0,262.0
12425,2020-12,W6Y320,서홍동,648100.0,311.0
12426,2021-01,W6Y320,서홍동,704700.0,294.0
12427,2021-02,W6Y320,서홍동,622650.0,259.0
12428,2021-03,W6Y320,서홍동,552050.0,230.0
12429,2021-04,W6Y320,서홍동,,
12430,2021-05,W6Y320,서홍동,505450.0,247.0
12431,2021-06,W6Y320,서홍동,586550.0,290.0
12432,2018-01,W6Y321,중문동,371550.0,186.0
12433,2018-02,W6Y321,중문동,828650.0,401.0
12434,2018-03,W6Y321,중문동,963000.0,476.0
12435,2018-04,W6Y321,중문동,803650.0,425.0
12436,2018-05,W6Y321,중문동,906600.0,475.0
12437,2018-06,W6Y321,중문동,1021450.0,596.0
12438,2018-07,W6Y321,중문동,1030200.0,551.0
12439,2018-08,W6Y321,중문동,1157900.0,651.0
12440,2018-09,W6Y321,중문동,1169000.0,693.0
12441,2018-10,W6Y321,중문동,1028500.0,600.0
12442,2018-11,W6Y321,중문동,944650.0,517.0
12443,2018-12,W6Y321,중문동,904450.0,434.0
12444,2019-01,W6Y321,중문동,640400.0,265.0
12445,2019-02,W6Y321,중문동,632250.0,296.0
12446,2019-03,W6Y321,중문동,316050.0,161.0
12447,2019-04,W6Y321,중문동,93100.0,49.0
12448,2019-05,W6Y321,중문동,55200.0,30.0
12449,2019-06,W6Y321,중문동,1000350.0,587.0
12450,2019-07,W6Y321,중문동,1090200.0,642.0
12451,2019-08,W6Y321,중문동,1029200.0,696.0
12452,2019-09,W6Y321,중문동,950300.0,621.0
12453,2019-10,W6Y321,중문동,901200.0,612.0
12454,2019-11,W6Y321,중문동,158600.0,103.0
12455,2019-12,W6Y321,중문동,,
12456,2020-01,W6Y321,중문동,,
12457,2020-02,W6Y321,중문동,,
12458,2020-03,W6Y321,중문동,,
12459,2020-04,W6Y321,중문동,,
12460,2020-05,W6Y321,중문동,,
12461,2020-06,W6Y321,중문동,,
12462,2020-07,W6Y321,중문동,,
12463,2020-08,W6Y321,중문동,,
12464,2020-09,W6Y321,중문동,,
12465,2020-10,W6Y321,중문동,,
12466,2020-11,W6Y321,중문동,,
12467,2020-12,W6Y321,중문동,,
12468,2021-01,W6Y321,중문동,,
12469,2021-02,W6Y321,중문동,,
12470,2021-03,W6Y321,중문동,,
12471,2021-04,W6Y321,중문동,,
12472,2021-05,W6Y321,중문동,,
12473,2021-06,W6Y321,중문동,,
12474,2018-01,W6Y325,서홍동,,
12475,2018-02,W6Y325,서홍동,,
12476,2018-03,W6Y325,서홍동,,
12477,2018-04,W6Y325,서홍동,,
12478,2018-05,W6Y325,서홍동,,
12479,2018-06,W6Y325,서홍동,,
12480,2018-07,W6Y325,서홍동,,
12481,2018-08,W6Y325,서홍동,,
12482,2018-09,W6Y325,서홍동,,
12483,2018-10,W6Y325,서홍동,,
12484,2018-11,W6Y325,서홍동,,
12485,2018-12,W6Y325,서홍동,,
12486,2019-01,W6Y325,서홍동,,
12487,2019-02,W6Y325,서홍동,,
12488,2019-03,W6Y325,서홍동,,
12489,2019-04,W6Y325,서홍동,,
12490,2019-05,W6Y325,서홍동,,
12491,2019-06,W6Y325,서홍동,,
12492,2019-07,W6Y325,서홍동,,
12493,2019-08,W6Y325,서홍동,,
12494,2019-09,W6Y325,서홍동,,
12495,2019-10,W6Y325,서홍동,,
12496,2019-11,W6Y325,서홍동,,
12497,2019-12,W6Y325,서홍동,,
12498,2020-01,W6Y325,서홍동,,
12499,2020-02,W6Y325,서홍동,,
12500,2020-03,W6Y325,서홍동,,
12501,2020-04,W6Y325,서홍동,,
12502,2020-05,W6Y325,서홍동,,
12503,2020-06,W6Y325,서홍동,,
12504,2020-07,W6Y325,서홍동,,
12505,2020-08,W6Y325,서홍동,,
12506,2020-09,W6Y325,서홍동,,
12507,2020-10,W6Y325,서홍동,,
12508,2020-11,W6Y325,서홍동,,
12509,2020-12,W6Y325,서홍동,,
12510,2021-01,W6Y325,서홍동,,
12511,2021-02,W6Y325,서홍동,,
12512,2021-03,W6Y325,서홍동,,
12513,2021-04,W6Y325,서홍동,,
12514,2021-05,W6Y325,서홍동,,
12515,2021-06,W6Y325,서홍동,,
12516,2018-01,W6Y326,서홍동,,
12517,2018-02,W6Y326,서홍동,,
12518,2018-03,W6Y326,서홍동,,
12519,2018-04,W6Y326,서홍동,,
12520,2018-05,W6Y326,서홍동,,
12521,2018-06,W6Y326,서홍동,,
12522,2018-07,W6Y326,서홍동,,
12523,2018-08,W6Y326,서홍동,,
12524,2018-09,W6Y326,서홍동,,
12525,2018-10,W6Y326,서홍동,,
12526,2018-11,W6Y326,서홍동,,
12527,2018-12,W6Y326,서홍동,,
12528,2019-01,W6Y326,서홍동,,
12529,2019-02,W6Y326,서홍동,,
12530,2019-03,W6Y326,서홍동,,
12531,2019-04,W6Y326,서홍동,,
12532,2019-05,W6Y326,서홍동,,
12533,2019-06,W6Y326,서홍동,,
12534,2019-07,W6Y326,서홍동,,
12535,2019-08,W6Y326,서홍동,,
12536,2019-09,W6Y326,서홍동,,
12537,2019-10,W6Y326,서홍동,,
12538,2019-11,W6Y326,서홍동,,
12539,2019-12,W6Y326,서홍동,,
12540,2020-01,W6Y326,서홍동,,
12541,2020-02,W6Y326,서홍동,,
12542,2020-03,W6Y326,서홍동,,
12543,2020-04,W6Y326,서홍동,,
12544,2020-05,W6Y326,서홍동,,
12545,2020-06,W6Y326,서홍동,,
12546,2020-07,W6Y326,서홍동,,
12547,2020-08,W6Y326,서홍동,,
12548,2020-09,W6Y326,서홍동,,
12549,2020-10,W6Y326,서홍동,,
12550,2020-11,W6Y326,서홍동,,
12551,2020-12,W6Y326,서홍동,,
12552,2021-01,W6Y326,서홍동,,
12553,2021-02,W6Y326,서홍동,,
12554,2021-03,W6Y326,서홍동,,
12555,2021-04,W6Y326,서홍동,,
12556,2021-05,W6Y326,서홍동,,
12557,2021-06,W6Y326,서홍동,,
12558,2018-01,W6Y328,중문동,,
12559,2018-02,W6Y328,중문동,,
12560,2018-03,W6Y328,중문동,,
12561,2018-04,W6Y328,중문동,,
12562,2018-05,W6Y328,중문동,,
12563,2018-06,W6Y328,중문동,,
12564,2018-07,W6Y328,중문동,,
12565,2018-08,W6Y328,중문동,,
12566,2018-09,W6Y328,중문동,,
12567,2018-10,W6Y328,중문동,,
12568,2018-11,W6Y328,중문동,,
12569,2018-12,W6Y328,중문동,,
12570,2019-01,W6Y328,중문동,,
12571,2019-02,W6Y328,중문동,,
12572,2019-03,W6Y328,중문동,,
12573,2019-04,W6Y328,중문동,,
12574,2019-05,W6Y328,중문동,,
12575,2019-06,W6Y328,중문동,,
12576,2019-07,W6Y328,중문동,,
12577,2019-08,W6Y328,중문동,,
12578,2019-09,W6Y328,중문동,,
12579,2019-10,W6Y328,중문동,,
12580,2019-11,W6Y328,중문동,,
12581,2019-12,W6Y328,중문동,,
12582,2020-01,W6Y328,중문동,,
12583,2020-02,W6Y328,중문동,,
12584,2020-03,W6Y328,중문동,,
12585,2020-04,W6Y328,중문동,,
12586,2020-05,W6Y328,중문동,,
12587,2020-06,W6Y328,중문동,,
12588,2020-07,W6Y328,중문동,,
12589,2020-08,W6Y328,중문동,,
12590,2020-09,W6Y328,중문동,,
12591,2020-10,W6Y328,중문동,,
12592,2020-11,W6Y328,중문동,,
12593,2020-12,W6Y328,중문동,,
12594,2021-01,W6Y328,중문동,,
12595,2021-02,W6Y328,중문동,,
12596,2021-03,W6Y328,중문동,1661350.0,914.0
12597,2021-04,W6Y328,중문동,,
12598,2021-05,W6Y328,중문동,4274600.0,2418.0
12599,2021-06,W6Y328,중문동,4366950.0,2490.0
12600,2018-01,W6Y330,안덕면,772850.0,396.0
12601,2018-02,W6Y330,안덕면,353200.0,164.0
12602,2018-03,W6Y330,안덕면,424250.0,179.0
12603,2018-04,W6Y330,안덕면,394650.0,201.0
12604,2018-05,W6Y330,안덕면,470850.0,299.0
12605,2018-06,W6Y330,안덕면,398150.0,232.0
12606,2018-07,W6Y330,안덕면,757850.0,440.0
12607,2018-08,W6Y330,안덕면,525000.0,295.0
12608,2018-09,W6Y330,안덕면,217800.0,129.0
12609,2018-10,W6Y330,안덕면,204800.0,136.0
12610,2018-11,W6Y330,안덕면,325000.0,211.0
12611,2018-12,W6Y330,안덕면,646150.0,325.0
12612,2019-01,W6Y330,안덕면,837900.0,450.0
12613,2019-02,W6Y330,안덕면,650600.0,376.0
12614,2019-03,W6Y330,안덕면,1004700.0,561.0
12615,2019-04,W6Y330,안덕면,1118450.0,626.0
12616,2019-05,W6Y330,안덕면,1204300.0,711.0
12617,2019-06,W6Y330,안덕면,646100.0,348.0
12618,2019-07,W6Y330,안덕면,585300.0,321.0
12619,2019-08,W6Y330,안덕면,477750.0,279.0
12620,2019-09,W6Y330,안덕면,443050.0,291.0
12621,2019-10,W6Y330,안덕면,490750.0,330.0
12622,2019-11,W6Y330,안덕면,1194400.0,685.0
12623,2019-12,W6Y330,안덕면,1030950.0,513.0
12624,2020-01,W6Y330,안덕면,351800.0,188.0
12625,2020-02,W6Y330,안덕면,294450.0,154.0
12626,2020-03,W6Y330,안덕면,340750.0,205.0
12627,2020-04,W6Y330,안덕면,265800.0,175.0
12628,2020-05,W6Y330,안덕면,327300.0,232.0
12629,2020-06,W6Y330,안덕면,362550.0,231.0
12630,2020-07,W6Y330,안덕면,369050.0,242.0
12631,2020-08,W6Y330,안덕면,312500.0,188.0
12632,2020-09,W6Y330,안덕면,336500.0,227.0
12633,2020-10,W6Y330,안덕면,272600.0,225.0
12634,2020-11,W6Y330,안덕면,290000.0,210.0
12635,2020-12,W6Y330,안덕면,385150.0,248.0
12636,2021-01,W6Y330,안덕면,357650.0,237.0
12637,2021-02,W6Y330,안덕면,317600.0,197.0
12638,2021-03,W6Y330,안덕면,306450.0,214.0
12639,2021-04,W6Y330,안덕면,,
12640,2021-05,W6Y330,안덕면,316650.0,190.0
12641,2021-06,W6Y330,안덕면,323500.0,202.0
12642,2018-01,W6Y344,남원읍,660450.0,234.0
12643,2018-02,W6Y344,남원읍,484200.0,170.0
12644,2018-03,W6Y344,남원읍,507000.0,202.0
12645,2018-04,W6Y344,남원읍,539700.0,177.0
12646,2018-05,W6Y344,남원읍,416400.0,189.0
12647,2018-06,W6Y344,남원읍,531800.0,220.0
12648,2018-07,W6Y344,남원읍,651500.0,270.0
12649,2018-08,W6Y344,남원읍,676850.0,306.0
12650,2018-09,W6Y344,남원읍,565450.0,264.0
12651,2018-10,W6Y344,남원읍,586550.0,252.0
12652,2018-11,W6Y344,남원읍,472000.0,181.0
12653,2018-12,W6Y344,남원읍,591050.0,217.0
12654,2019-01,W6Y344,남원읍,576700.0,210.0
12655,2019-02,W6Y344,남원읍,585800.0,207.0
12656,2019-03,W6Y344,남원읍,460800.0,137.0
12657,2019-04,W6Y344,남원읍,564950.0,155.0
12658,2019-05,W6Y344,남원읍,715750.0,272.0
12659,2019-06,W6Y344,남원읍,627250.0,263.0
12660,2019-07,W6Y344,남원읍,672200.0,278.0
12661,2019-08,W6Y344,남원읍,740350.0,307.0
12662,2019-09,W6Y344,남원읍,667600.0,313.0
12663,2019-10,W6Y344,남원읍,591150.0,269.0
12664,2019-11,W6Y344,남원읍,627150.0,238.0
12665,2019-12,W6Y344,남원읍,765850.0,237.0
12666,2020-01,W6Y344,남원읍,1179750.0,293.0
12667,2020-02,W6Y344,남원읍,836450.0,238.0
12668,2020-03,W6Y344,남원읍,983350.0,290.0
12669,2020-04,W6Y344,남원읍,950850.0,296.0
12670,2020-05,W6Y344,남원읍,1056100.0,314.0
12671,2020-06,W6Y344,남원읍,1039950.0,317.0
12672,2020-07,W6Y344,남원읍,1039100.0,325.0
12673,2020-08,W6Y344,남원읍,1054100.0,332.0
12674,2020-09,W6Y344,남원읍,910350.0,298.0
12675,2020-10,W6Y344,남원읍,798750.0,279.0
12676,2020-11,W6Y344,남원읍,711100.0,189.0
12677,2020-12,W6Y344,남원읍,951250.0,262.0
12678,2021-01,W6Y344,남원읍,1056950.0,270.0
12679,2021-02,W6Y344,남원읍,920800.0,255.0
12680,2021-03,W6Y344,남원읍,923600.0,253.0
12681,2021-04,W6Y344,남원읍,,
12682,2021-05,W6Y344,남원읍,731250.0,199.0
12683,2021-06,W6Y344,남원읍,612750.0,215.0
12684,2018-01,W6Y345,남원읍,3002300.0,709.0
12685,2018-02,W6Y345,남원읍,2213950.0,572.0
12686,2018-03,W6Y345,남원읍,2958450.0,696.0
12687,2018-04,W6Y345,남원읍,2754050.0,654.0
12688,2018-05,W6Y345,남원읍,2936900.0,817.0
12689,2018-06,W6Y345,남원읍,3226350.0,868.0
12690,2018-07,W6Y345,남원읍,4099300.0,1057.0
12691,2018-08,W6Y345,남원읍,4258950.0,1080.0
12692,2018-09,W6Y345,남원읍,5266300.0,1145.0
12693,2018-10,W6Y345,남원읍,5208650.0,1030.0
12694,2018-11,W6Y345,남원읍,5273950.0,1008.0
12695,2018-12,W6Y345,남원읍,5606250.0,999.0
12696,2019-01,W6Y345,남원읍,5899950.0,1034.0
12697,2019-02,W6Y345,남원읍,2739900.0,487.0
12698,2019-03,W6Y345,남원읍,,
12699,2019-04,W6Y345,남원읍,,
12700,2019-05,W6Y345,남원읍,2953250.0,844.0
12701,2019-06,W6Y345,남원읍,4273300.0,1215.0
12702,2019-07,W6Y345,남원읍,5064800.0,1326.0
12703,2019-08,W6Y345,남원읍,5452400.0,1385.0
12704,2019-09,W6Y345,남원읍,4956000.0,1301.0
12705,2019-10,W6Y345,남원읍,5334200.0,1348.0
12706,2019-11,W6Y345,남원읍,5131200.0,1246.0
12707,2019-12,W6Y345,남원읍,5033000.0,1096.0
12708,2020-01,W6Y345,남원읍,6182800.0,1216.0
12709,2020-02,W6Y345,남원읍,5275000.0,1134.0
12710,2020-03,W6Y345,남원읍,5690850.0,1220.0
12711,2020-04,W6Y345,남원읍,6404400.0,1233.0
12712,2020-05,W6Y345,남원읍,6651750.0,1232.0
12713,2020-06,W6Y345,남원읍,4443050.0,737.0
12714,2020-07,W6Y345,남원읍,5143900.0,840.0
12715,2020-08,W6Y345,남원읍,4545200.0,686.0
12716,2020-09,W6Y345,남원읍,4282350.0,650.0
12717,2020-10,W6Y345,남원읍,4619850.0,681.0
12718,2020-11,W6Y345,남원읍,4363750.0,611.0
12719,2020-12,W6Y345,남원읍,5794500.0,929.0
12720,2021-01,W6Y345,남원읍,5207750.0,810.0
12721,2021-02,W6Y345,남원읍,5520000.0,890.0
12722,2021-03,W6Y345,남원읍,6796450.0,1115.0
12723,2021-04,W6Y345,남원읍,,
12724,2021-05,W6Y345,남원읍,5996100.0,1067.0
12725,2021-06,W6Y345,남원읍,5787250.0,1184.0
12726,2018-01,W6Y346,남원읍,1080250.0,440.0
12727,2018-02,W6Y346,남원읍,983850.0,385.0
12728,2018-03,W6Y346,남원읍,1103800.0,459.0
12729,2018-04,W6Y346,남원읍,1119650.0,486.0
12730,2018-05,W6Y346,남원읍,973550.0,520.0
12731,2018-06,W6Y346,남원읍,1025900.0,558.0
12732,2018-07,W6Y346,남원읍,1226300.0,637.0
12733,2018-08,W6Y346,남원읍,1157550.0,612.0
12734,2018-09,W6Y346,남원읍,1087000.0,607.0
12735,2018-10,W6Y346,남원읍,935700.0,549.0
12736,2018-11,W6Y346,남원읍,915300.0,476.0
12737,2018-12,W6Y346,남원읍,984700.0,460.0
12738,2019-01,W6Y346,남원읍,987750.0,471.0
12739,2019-02,W6Y346,남원읍,519100.0,230.0
12740,2019-03,W6Y346,남원읍,,
12741,2019-04,W6Y346,남원읍,,
12742,2019-05,W6Y346,남원읍,543250.0,295.0
12743,2019-06,W6Y346,남원읍,858000.0,445.0
12744,2019-07,W6Y346,남원읍,1078000.0,531.0
12745,2019-08,W6Y346,남원읍,1222800.0,559.0
12746,2019-09,W6Y346,남원읍,1146850.0,531.0
12747,2019-10,W6Y346,남원읍,1160100.0,516.0
12748,2019-11,W6Y346,남원읍,1065900.0,445.0
12749,2019-12,W6Y346,남원읍,1116200.0,415.0
12750,2020-01,W6Y346,남원읍,1226000.0,464.0
12751,2020-02,W6Y346,남원읍,1092500.0,462.0
12752,2020-03,W6Y346,남원읍,789800.0,381.0
12753,2020-04,W6Y346,남원읍,592750.0,346.0
12754,2020-05,W6Y346,남원읍,601100.0,347.0
12755,2020-06,W6Y346,남원읍,553900.0,330.0
12756,2020-07,W6Y346,남원읍,654350.0,366.0
12757,2020-08,W6Y346,남원읍,1017750.0,646.0
12758,2020-09,W6Y346,남원읍,438400.0,326.0
12759,2020-10,W6Y346,남원읍,329500.0,245.0
12760,2020-11,W6Y346,남원읍,29150.0,16.0
12761,2020-12,W6Y346,남원읍,896450.0,518.0
12762,2021-01,W6Y346,남원읍,1006100.0,499.0
12763,2021-02,W6Y346,남원읍,1013400.0,489.0
12764,2021-03,W6Y346,남원읍,976000.0,510.0
12765,2021-04,W6Y346,남원읍,,
12766,2021-05,W6Y346,남원읍,824300.0,486.0
12767,2021-06,W6Y346,남원읍,911800.0,588.0
12768,2018-01,W6Y347,남원읍,1303150.0,353.0
12769,2018-02,W6Y347,남원읍,1311050.0,394.0
12770,2018-03,W6Y347,남원읍,1453350.0,405.0
12771,2018-04,W6Y347,남원읍,1255150.0,414.0
12772,2018-05,W6Y347,남원읍,1217650.0,456.0
12773,2018-06,W6Y347,남원읍,1800700.0,517.0
12774,2018-07,W6Y347,남원읍,2021750.0,576.0
12775,2018-08,W6Y347,남원읍,2030100.0,571.0
12776,2018-09,W6Y347,남원읍,1944200.0,536.0
12777,2018-10,W6Y347,남원읍,1869600.0,550.0
12778,2018-11,W6Y347,남원읍,1673150.0,421.0
12779,2018-12,W6Y347,남원읍,2196850.0,507.0
12780,2019-01,W6Y347,남원읍,256050.0,61.0
12781,2019-02,W6Y347,남원읍,,
12782,2019-03,W6Y347,남원읍,,
12783,2019-04,W6Y347,남원읍,,
12784,2019-05,W6Y347,남원읍,1160350.0,321.0
12785,2019-06,W6Y347,남원읍,1649350.0,482.0
12786,2019-07,W6Y347,남원읍,1895600.0,565.0
12787,2019-08,W6Y347,남원읍,2273850.0,656.0
12788,2019-09,W6Y347,남원읍,1836800.0,545.0
12789,2019-10,W6Y347,남원읍,1711350.0,499.0
12790,2019-11,W6Y347,남원읍,1511750.0,430.0
12791,2019-12,W6Y347,남원읍,1749300.0,384.0
12792,2020-01,W6Y347,남원읍,1942700.0,426.0
12793,2020-02,W6Y347,남원읍,1698950.0,383.0
12794,2020-03,W6Y347,남원읍,1785050.0,431.0
12795,2020-04,W6Y347,남원읍,1590650.0,393.0
12796,2020-05,W6Y347,남원읍,1834750.0,474.0
12797,2020-06,W6Y347,남원읍,1946800.0,554.0
12798,2020-07,W6Y347,남원읍,2377650.0,621.0
12799,2020-08,W6Y347,남원읍,2793950.0,688.0
12800,2020-09,W6Y347,남원읍,1659200.0,520.0
12801,2020-10,W6Y347,남원읍,1739700.0,536.0
12802,2020-11,W6Y347,남원읍,1795800.0,496.0
12803,2020-12,W6Y347,남원읍,1981450.0,540.0
12804,2021-01,W6Y347,남원읍,1981600.0,523.0
12805,2021-02,W6Y347,남원읍,1694700.0,436.0
12806,2021-03,W6Y347,남원읍,1708100.0,480.0
12807,2021-04,W6Y347,남원읍,,
12808,2021-05,W6Y347,남원읍,1761750.0,489.0
12809,2021-06,W6Y347,남원읍,2086200.0,634.0
12810,2018-01,W6Y348,남원읍,1983900.0,284.0
12811,2018-02,W6Y348,남원읍,1900650.0,274.0
12812,2018-03,W6Y348,남원읍,1748050.0,345.0
12813,2018-04,W6Y348,남원읍,1440600.0,147.0
12814,2018-05,W6Y348,남원읍,626450.0,72.0
12815,2018-06,W6Y348,남원읍,172150.0,31.0
12816,2018-07,W6Y348,남원읍,170600.0,30.0
12817,2018-08,W6Y348,남원읍,176650.0,50.0
12818,2018-09,W6Y348,남원읍,106300.0,33.0
12819,2018-10,W6Y348,남원읍,311600.0,66.0
12820,2018-11,W6Y348,남원읍,70900.0,30.0
12821,2018-12,W6Y348,남원읍,191750.0,43.0
12822,2019-01,W6Y348,남원읍,347700.0,82.0
12823,2019-02,W6Y348,남원읍,144800.0,35.0
12824,2019-03,W6Y348,남원읍,,
12825,2019-04,W6Y348,남원읍,,
12826,2019-05,W6Y348,남원읍,930750.0,262.0
12827,2019-06,W6Y348,남원읍,1460100.0,347.0
12828,2019-07,W6Y348,남원읍,1836350.0,458.0
12829,2019-08,W6Y348,남원읍,1858300.0,504.0
12830,2019-09,W6Y348,남원읍,1762100.0,514.0
12831,2019-10,W6Y348,남원읍,1702600.0,434.0
12832,2019-11,W6Y348,남원읍,1479300.0,375.0
12833,2019-12,W6Y348,남원읍,1598500.0,375.0
12834,2020-01,W6Y348,남원읍,1730700.0,383.0
12835,2020-02,W6Y348,남원읍,1582400.0,344.0
12836,2020-03,W6Y348,남원읍,1731800.0,433.0
12837,2020-04,W6Y348,남원읍,1575300.0,410.0
12838,2020-05,W6Y348,남원읍,1503400.0,465.0
12839,2020-06,W6Y348,남원읍,1437000.0,441.0
12840,2020-07,W6Y348,남원읍,22050.0,6.0
12841,2020-08,W6Y348,남원읍,,
12842,2020-09,W6Y348,남원읍,,
12843,2020-10,W6Y348,남원읍,,
12844,2020-11,W6Y348,남원읍,,
12845,2020-12,W6Y348,남원읍,,
12846,2021-01,W6Y348,남원읍,,
12847,2021-02,W6Y348,남원읍,,
12848,2021-03,W6Y348,남원읍,,
12849,2021-04,W6Y348,남원읍,,
12850,2021-05,W6Y348,남원읍,,
12851,2021-06,W6Y348,남원읍,,
12852,2018-01,W6Y349,남원읍,763850.0,242.0
12853,2018-02,W6Y349,남원읍,541100.0,207.0
12854,2018-03,W6Y349,남원읍,985400.0,329.0
12855,2018-04,W6Y349,남원읍,1267950.0,363.0
12856,2018-05,W6Y349,남원읍,1344700.0,366.0
12857,2018-06,W6Y349,남원읍,1328000.0,366.0
12858,2018-07,W6Y349,남원읍,1480000.0,375.0
12859,2018-08,W6Y349,남원읍,1452100.0,384.0
12860,2018-09,W6Y349,남원읍,1068950.0,317.0
12861,2018-10,W6Y349,남원읍,967650.0,328.0
12862,2018-11,W6Y349,남원읍,842700.0,259.0
12863,2018-12,W6Y349,남원읍,826050.0,270.0
12864,2019-01,W6Y349,남원읍,932000.0,251.0
12865,2019-02,W6Y349,남원읍,953450.0,188.0
12866,2019-03,W6Y349,남원읍,909400.0,173.0
12867,2019-04,W6Y349,남원읍,1166750.0,207.0
12868,2019-05,W6Y349,남원읍,1577450.0,285.0
12869,2019-06,W6Y349,남원읍,1485850.0,313.0
12870,2019-07,W6Y349,남원읍,1757300.0,367.0
12871,2019-08,W6Y349,남원읍,2219050.0,450.0
12872,2019-09,W6Y349,남원읍,1474850.0,365.0
12873,2019-10,W6Y349,남원읍,1458000.0,393.0
12874,2019-11,W6Y349,남원읍,1429650.0,377.0
12875,2019-12,W6Y349,남원읍,1442300.0,378.0
12876,2020-01,W6Y349,남원읍,2062250.0,409.0
12877,2020-02,W6Y349,남원읍,1794250.0,359.0
12878,2020-03,W6Y349,남원읍,1961900.0,406.0
12879,2020-04,W6Y349,남원읍,1799150.0,393.0
12880,2020-05,W6Y349,남원읍,2179600.0,466.0
12881,2020-06,W6Y349,남원읍,2094500.0,439.0
12882,2020-07,W6Y349,남원읍,2206600.0,441.0
12883,2020-08,W6Y349,남원읍,2016650.0,446.0
12884,2020-09,W6Y349,남원읍,1764900.0,403.0
12885,2020-10,W6Y349,남원읍,1920450.0,410.0
12886,2020-11,W6Y349,남원읍,1555050.0,298.0
12887,2020-12,W6Y349,남원읍,1580450.0,333.0
12888,2021-01,W6Y349,남원읍,1575050.0,343.0
12889,2021-02,W6Y349,남원읍,1711000.0,329.0
12890,2021-03,W6Y349,남원읍,2113700.0,396.0
12891,2021-04,W6Y349,남원읍,,
12892,2021-05,W6Y349,남원읍,2215100.0,452.0
12893,2021-06,W6Y349,남원읍,2309400.0,476.0
12894,2018-01,W6Y350,남원읍,1142300.0,258.0
12895,2018-02,W6Y350,남원읍,840650.0,228.0
12896,2018-03,W6Y350,남원읍,1028000.0,275.0
12897,2018-04,W6Y350,남원읍,986500.0,309.0
12898,2018-05,W6Y350,남원읍,1089150.0,335.0
12899,2018-06,W6Y350,남원읍,1032450.0,353.0
12900,2018-07,W6Y350,남원읍,1342650.0,448.0
12901,2018-08,W6Y350,남원읍,1349250.0,463.0
12902,2018-09,W6Y350,남원읍,1221800.0,395.0
12903,2018-10,W6Y350,남원읍,1252700.0,404.0
12904,2018-11,W6Y350,남원읍,1246250.0,366.0
12905,2018-12,W6Y350,남원읍,1521350.0,408.0
12906,2019-01,W6Y350,남원읍,1464150.0,400.0
12907,2019-02,W6Y350,남원읍,862700.0,220.0
12908,2019-03,W6Y350,남원읍,504550.0,161.0
12909,2019-04,W6Y350,남원읍,505900.0,197.0
12910,2019-05,W6Y350,남원읍,1186250.0,430.0
12911,2019-06,W6Y350,남원읍,1431450.0,545.0
12912,2019-07,W6Y350,남원읍,1427150.0,547.0
12913,2019-08,W6Y350,남원읍,1547900.0,642.0
12914,2019-09,W6Y350,남원읍,1392050.0,593.0
12915,2019-10,W6Y350,남원읍,1306450.0,584.0
12916,2019-11,W6Y350,남원읍,1114650.0,472.0
12917,2019-12,W6Y350,남원읍,1361800.0,507.0
12918,2020-01,W6Y350,남원읍,1768700.0,526.0
12919,2020-02,W6Y350,남원읍,1447200.0,493.0
12920,2020-03,W6Y350,남원읍,1522600.0,531.0
12921,2020-04,W6Y350,남원읍,1499200.0,542.0
12922,2020-05,W6Y350,남원읍,1528600.0,601.0
12923,2020-06,W6Y350,남원읍,1577500.0,656.0
12924,2020-07,W6Y350,남원읍,1797500.0,732.0
12925,2020-08,W6Y350,남원읍,1883350.0,748.0
12926,2020-09,W6Y350,남원읍,1658450.0,605.0
12927,2020-10,W6Y350,남원읍,1604350.0,576.0
12928,2020-11,W6Y350,남원읍,1559200.0,539.0
12929,2020-12,W6Y350,남원읍,1879650.0,576.0
12930,2021-01,W6Y350,남원읍,1882750.0,603.0
12931,2021-02,W6Y350,남원읍,1534250.0,531.0
12932,2021-03,W6Y350,남원읍,1764550.0,604.0
12933,2021-04,W6Y350,남원읍,,
12934,2021-05,W6Y350,남원읍,1786750.0,635.0
12935,2021-06,W6Y350,남원읍,1817950.0,705.0
12936,2018-01,W6Y351,남원읍,1110500.0,183.0
12937,2018-02,W6Y351,남원읍,944900.0,175.0
12938,2018-03,W6Y351,남원읍,1131450.0,195.0
12939,2018-04,W6Y351,남원읍,1144350.0,203.0
12940,2018-05,W6Y351,남원읍,1491300.0,229.0
12941,2018-06,W6Y351,남원읍,1326950.0,215.0
12942,2018-07,W6Y351,남원읍,1288150.0,256.0
12943,2018-08,W6Y351,남원읍,1093050.0,217.0
12944,2018-09,W6Y351,남원읍,985050.0,219.0
12945,2018-10,W6Y351,남원읍,886900.0,176.0
12946,2018-11,W6Y351,남원읍,925500.0,181.0
12947,2018-12,W6Y351,남원읍,758000.0,164.0
12948,2019-01,W6Y351,남원읍,576500.0,130.0
12949,2019-02,W6Y351,남원읍,356500.0,79.0
12950,2019-03,W6Y351,남원읍,,
12951,2019-04,W6Y351,남원읍,,
12952,2019-05,W6Y351,남원읍,677100.0,143.0
12953,2019-06,W6Y351,남원읍,1231650.0,222.0
12954,2019-07,W6Y351,남원읍,1914800.0,277.0
12955,2019-08,W6Y351,남원읍,1887950.0,305.0
12956,2019-09,W6Y351,남원읍,1522650.0,245.0
12957,2019-10,W6Y351,남원읍,1395000.0,231.0
12958,2019-11,W6Y351,남원읍,1011450.0,186.0
12959,2019-12,W6Y351,남원읍,864500.0,169.0
12960,2020-01,W6Y351,남원읍,999400.0,188.0
12961,2020-02,W6Y351,남원읍,1147800.0,186.0
12962,2020-03,W6Y351,남원읍,1084450.0,174.0
12963,2020-04,W6Y351,남원읍,677850.0,113.0
12964,2020-05,W6Y351,남원읍,1465600.0,202.0
12965,2020-06,W6Y351,남원읍,1496650.0,239.0
12966,2020-07,W6Y351,남원읍,125900.0,38.0
12967,2020-08,W6Y351,남원읍,919350.0,196.0
12968,2020-09,W6Y351,남원읍,608250.0,182.0
12969,2020-10,W6Y351,남원읍,1157100.0,234.0
12970,2020-11,W6Y351,남원읍,1325150.0,220.0
12971,2020-12,W6Y351,남원읍,915250.0,214.0
12972,2021-01,W6Y351,남원읍,790250.0,229.0
12973,2021-02,W6Y351,남원읍,732500.0,216.0
12974,2021-03,W6Y351,남원읍,632600.0,194.0
12975,2021-04,W6Y351,남원읍,,
12976,2021-05,W6Y351,남원읍,490250.0,240.0
12977,2021-06,W6Y351,남원읍,807800.0,289.0
12978,2018-01,W6Y352,남원읍,16600.0,4.0
12979,2018-02,W6Y352,남원읍,8350.0,2.0
12980,2018-03,W6Y352,남원읍,8200.0,5.0
12981,2018-04,W6Y352,남원읍,32650.0,11.0
12982,2018-05,W6Y352,남원읍,317750.0,75.0
12983,2018-06,W6Y352,남원읍,242600.0,88.0
12984,2018-07,W6Y352,남원읍,560500.0,109.0
12985,2018-08,W6Y352,남원읍,669350.0,106.0
12986,2018-09,W6Y352,남원읍,523900.0,114.0
12987,2018-10,W6Y352,남원읍,335300.0,86.0
12988,2018-11,W6Y352,남원읍,221400.0,79.0
12989,2018-12,W6Y352,남원읍,161400.0,56.0
12990,2019-01,W6Y352,남원읍,294850.0,82.0
12991,2019-02,W6Y352,남원읍,228750.0,69.0
12992,2019-03,W6Y352,남원읍,246000.0,77.0
12993,2019-04,W6Y352,남원읍,233200.0,78.0
12994,2019-05,W6Y352,남원읍,427400.0,105.0
12995,2019-06,W6Y352,남원읍,385700.0,90.0
12996,2019-07,W6Y352,남원읍,354000.0,104.0
12997,2019-08,W6Y352,남원읍,372950.0,150.0
12998,2019-09,W6Y352,남원읍,302800.0,121.0
12999,2019-10,W6Y352,남원읍,358500.0,97.0
13000,2019-11,W6Y352,남원읍,149000.0,86.0
13001,2019-12,W6Y352,남원읍,247700.0,97.0
13002,2020-01,W6Y352,남원읍,296100.0,92.0
13003,2020-02,W6Y352,남원읍,293050.0,89.0
13004,2020-03,W6Y352,남원읍,450650.0,110.0
13005,2020-04,W6Y352,남원읍,291850.0,108.0
13006,2020-05,W6Y352,남원읍,340000.0,127.0
13007,2020-06,W6Y352,남원읍,287150.0,115.0
13008,2020-07,W6Y352,남원읍,883000.0,161.0
13009,2020-08,W6Y352,남원읍,482450.0,154.0
13010,2020-09,W6Y352,남원읍,350000.0,141.0
13011,2020-10,W6Y352,남원읍,367550.0,150.0
13012,2020-11,W6Y352,남원읍,241000.0,100.0
13013,2020-12,W6Y352,남원읍,353600.0,110.0
13014,2021-01,W6Y352,남원읍,370900.0,106.0
13015,2021-02,W6Y352,남원읍,548200.0,139.0
13016,2021-03,W6Y352,남원읍,430500.0,123.0
13017,2021-04,W6Y352,남원읍,,
13018,2021-05,W6Y352,남원읍,478100.0,162.0
13019,2021-06,W6Y352,남원읍,368500.0,146.0
13020,2018-01,W6Y353,남원읍,1237500.0,189.0
13021,2018-02,W6Y353,남원읍,967150.0,155.0
13022,2018-03,W6Y353,남원읍,1141350.0,169.0
13023,2018-04,W6Y353,남원읍,1068050.0,149.0
13024,2018-05,W6Y353,남원읍,1165300.0,185.0
13025,2018-06,W6Y353,남원읍,1229350.0,207.0
13026,2018-07,W6Y353,남원읍,1249300.0,204.0
13027,2018-08,W6Y353,남원읍,1220450.0,199.0
13028,2018-09,W6Y353,남원읍,804950.0,172.0
13029,2018-10,W6Y353,남원읍,594650.0,139.0
13030,2018-11,W6Y353,남원읍,795400.0,160.0
13031,2018-12,W6Y353,남원읍,754550.0,156.0
13032,2019-01,W6Y353,남원읍,220200.0,38.0
13033,2019-02,W6Y353,남원읍,,
13034,2019-03,W6Y353,남원읍,,
13035,2019-04,W6Y353,남원읍,,
13036,2019-05,W6Y353,남원읍,599700.0,119.0
13037,2019-06,W6Y353,남원읍,1315500.0,173.0
13038,2019-07,W6Y353,남원읍,1009350.0,181.0
13039,2019-08,W6Y353,남원읍,1201800.0,210.0
13040,2019-09,W6Y353,남원읍,659450.0,161.0
13041,2019-10,W6Y353,남원읍,524400.0,106.0
13042,2019-11,W6Y353,남원읍,707550.0,136.0
13043,2019-12,W6Y353,남원읍,917950.0,151.0
13044,2020-01,W6Y353,남원읍,1026400.0,148.0
13045,2020-02,W6Y353,남원읍,809950.0,138.0
13046,2020-03,W6Y353,남원읍,1115650.0,159.0
13047,2020-04,W6Y353,남원읍,1280050.0,163.0
13048,2020-05,W6Y353,남원읍,881900.0,156.0
13049,2020-06,W6Y353,남원읍,944500.0,181.0
13050,2020-07,W6Y353,남원읍,1826950.0,284.0
13051,2020-08,W6Y353,남원읍,1274400.0,219.0
13052,2020-09,W6Y353,남원읍,830650.0,174.0
13053,2020-10,W6Y353,남원읍,763500.0,160.0
13054,2020-11,W6Y353,남원읍,987450.0,161.0
13055,2020-12,W6Y353,남원읍,844200.0,150.0
13056,2021-01,W6Y353,남원읍,810650.0,162.0
13057,2021-02,W6Y353,남원읍,843600.0,161.0
13058,2021-03,W6Y353,남원읍,762000.0,160.0
13059,2021-04,W6Y353,남원읍,,
13060,2021-05,W6Y353,남원읍,854600.0,160.0
13061,2021-06,W6Y353,남원읍,918450.0,168.0
13062,2018-01,W6Y354,남원읍,519900.0,160.0
13063,2018-02,W6Y354,남원읍,463900.0,146.0
13064,2018-03,W6Y354,남원읍,404500.0,145.0
13065,2018-04,W6Y354,남원읍,413050.0,153.0
13066,2018-05,W6Y354,남원읍,367450.0,173.0
13067,2018-06,W6Y354,남원읍,350800.0,162.0
13068,2018-07,W6Y354,남원읍,423000.0,208.0
13069,2018-08,W6Y354,남원읍,478550.0,224.0
13070,2018-09,W6Y354,남원읍,425850.0,205.0
13071,2018-10,W6Y354,남원읍,537450.0,211.0
13072,2018-11,W6Y354,남원읍,409650.0,173.0
13073,2018-12,W6Y354,남원읍,365250.0,150.0
13074,2019-01,W6Y354,남원읍,404900.0,156.0
13075,2019-02,W6Y354,남원읍,320950.0,118.0
13076,2019-03,W6Y354,남원읍,,
13077,2019-04,W6Y354,남원읍,,
13078,2019-05,W6Y354,남원읍,332800.0,155.0
13079,2019-06,W6Y354,남원읍,510900.0,235.0
13080,2019-07,W6Y354,남원읍,438300.0,231.0
13081,2019-08,W6Y354,남원읍,567750.0,259.0
13082,2019-09,W6Y354,남원읍,520750.0,212.0
13083,2019-10,W6Y354,남원읍,406400.0,188.0
13084,2019-11,W6Y354,남원읍,445750.0,176.0
13085,2019-12,W6Y354,남원읍,464350.0,169.0
13086,2020-01,W6Y354,남원읍,363150.0,170.0
13087,2020-02,W6Y354,남원읍,357050.0,151.0
13088,2020-03,W6Y354,남원읍,386550.0,182.0
13089,2020-04,W6Y354,남원읍,330800.0,162.0
13090,2020-05,W6Y354,남원읍,382200.0,180.0
13091,2020-06,W6Y354,남원읍,373950.0,172.0
13092,2020-07,W6Y354,남원읍,421500.0,225.0
13093,2020-08,W6Y354,남원읍,459400.0,220.0
13094,2020-09,W6Y354,남원읍,413150.0,213.0
13095,2020-10,W6Y354,남원읍,1025300.0,318.0
13096,2020-11,W6Y354,남원읍,680200.0,196.0
13097,2020-12,W6Y354,남원읍,1177100.0,282.0
13098,2021-01,W6Y354,남원읍,1075300.0,260.0
13099,2021-02,W6Y354,남원읍,846950.0,259.0
13100,2021-03,W6Y354,남원읍,1051000.0,256.0
13101,2021-04,W6Y354,남원읍,,
13102,2021-05,W6Y354,남원읍,798150.0,300.0
13103,2021-06,W6Y354,남원읍,856250.0,315.0
13104,2018-01,W6Y355,남원읍,861800.0,154.0
13105,2018-02,W6Y355,남원읍,845600.0,153.0
13106,2018-03,W6Y355,남원읍,970600.0,175.0
13107,2018-04,W6Y355,남원읍,912800.0,183.0
13108,2018-05,W6Y355,남원읍,877550.0,199.0
13109,2018-06,W6Y355,남원읍,1007100.0,227.0
13110,2018-07,W6Y355,남원읍,902900.0,215.0
13111,2018-08,W6Y355,남원읍,1030850.0,257.0
13112,2018-09,W6Y355,남원읍,769000.0,213.0
13113,2018-10,W6Y355,남원읍,966600.0,217.0
13114,2018-11,W6Y355,남원읍,1137350.0,231.0
13115,2018-12,W6Y355,남원읍,887800.0,155.0
13116,2019-01,W6Y355,남원읍,765400.0,145.0
13117,2019-02,W6Y355,남원읍,512150.0,110.0
13118,2019-03,W6Y355,남원읍,708050.0,127.0
13119,2019-04,W6Y355,남원읍,621300.0,127.0
13120,2019-05,W6Y355,남원읍,686000.0,133.0
13121,2019-06,W6Y355,남원읍,572700.0,117.0
13122,2019-07,W6Y355,남원읍,942000.0,193.0
13123,2019-08,W6Y355,남원읍,769100.0,180.0
13124,2019-09,W6Y355,남원읍,510050.0,171.0
13125,2019-10,W6Y355,남원읍,644900.0,178.0
13126,2019-11,W6Y355,남원읍,594950.0,159.0
13127,2019-12,W6Y355,남원읍,673350.0,152.0
13128,2020-01,W6Y355,남원읍,893100.0,155.0
13129,2020-02,W6Y355,남원읍,592350.0,138.0
13130,2020-03,W6Y355,남원읍,623050.0,176.0
13131,2020-04,W6Y355,남원읍,564300.0,154.0
13132,2020-05,W6Y355,남원읍,600900.0,162.0
13133,2020-06,W6Y355,남원읍,615350.0,158.0
13134,2020-07,W6Y355,남원읍,493150.0,131.0
13135,2020-08,W6Y355,남원읍,1170150.0,244.0
13136,2020-09,W6Y355,남원읍,845750.0,155.0
13137,2020-10,W6Y355,남원읍,815650.0,165.0
13138,2020-11,W6Y355,남원읍,680450.0,150.0
13139,2020-12,W6Y355,남원읍,888450.0,168.0
13140,2021-01,W6Y355,남원읍,849150.0,156.0
13141,2021-02,W6Y355,남원읍,995800.0,203.0
13142,2021-03,W6Y355,남원읍,1075250.0,174.0
13143,2021-04,W6Y355,남원읍,,
13144,2021-05,W6Y355,남원읍,811600.0,153.0
13145,2021-06,W6Y355,남원읍,1019350.0,180.0
13146,2018-01,W6Y356,남원읍,295850.0,52.0
13147,2018-02,W6Y356,남원읍,255400.0,45.0
13148,2018-03,W6Y356,남원읍,255850.0,48.0
13149,2018-04,W6Y356,남원읍,167250.0,44.0
13150,2018-05,W6Y356,남원읍,230650.0,61.0
13151,2018-06,W6Y356,남원읍,189150.0,46.0
13152,2018-07,W6Y356,남원읍,196900.0,74.0
13153,2018-08,W6Y356,남원읍,202950.0,62.0
13154,2018-09,W6Y356,남원읍,208200.0,64.0
13155,2018-10,W6Y356,남원읍,195050.0,62.0
13156,2018-11,W6Y356,남원읍,169900.0,56.0
13157,2018-12,W6Y356,남원읍,255100.0,62.0
13158,2019-01,W6Y356,남원읍,163900.0,43.0
13159,2019-02,W6Y356,남원읍,63150.0,24.0
13160,2019-03,W6Y356,남원읍,,
13161,2019-04,W6Y356,남원읍,,
13162,2019-05,W6Y356,남원읍,420050.0,71.0
13163,2019-06,W6Y356,남원읍,537950.0,96.0
13164,2019-07,W6Y356,남원읍,430400.0,99.0
13165,2019-08,W6Y356,남원읍,381150.0,130.0
13166,2019-09,W6Y356,남원읍,306350.0,95.0
13167,2019-10,W6Y356,남원읍,532800.0,120.0
13168,2019-11,W6Y356,남원읍,563500.0,80.0
13169,2019-12,W6Y356,남원읍,655800.0,123.0
13170,2020-01,W6Y356,남원읍,710100.0,124.0
13171,2020-02,W6Y356,남원읍,524700.0,101.0
13172,2020-03,W6Y356,남원읍,593650.0,127.0
13173,2020-04,W6Y356,남원읍,485700.0,122.0
13174,2020-05,W6Y356,남원읍,582050.0,158.0
13175,2020-06,W6Y356,남원읍,594800.0,157.0
13176,2020-07,W6Y356,남원읍,536850.0,184.0
13177,2020-08,W6Y356,남원읍,698800.0,185.0
13178,2020-09,W6Y356,남원읍,540300.0,181.0
13179,2020-10,W6Y356,남원읍,640150.0,136.0
13180,2020-11,W6Y356,남원읍,620550.0,120.0
13181,2020-12,W6Y356,남원읍,629500.0,155.0
13182,2021-01,W6Y356,남원읍,651000.0,153.0
13183,2021-02,W6Y356,남원읍,722750.0,166.0
13184,2021-03,W6Y356,남원읍,708000.0,150.0
13185,2021-04,W6Y356,남원읍,,
13186,2021-05,W6Y356,남원읍,822400.0,195.0
13187,2021-06,W6Y356,남원읍,771850.0,183.0
13188,2018-01,W6Y357,남원읍,225900.0,100.0
13189,2018-02,W6Y357,남원읍,193200.0,77.0
13190,2018-03,W6Y357,남원읍,142000.0,75.0
13191,2018-04,W6Y357,남원읍,168150.0,81.0
13192,2018-05,W6Y357,남원읍,224250.0,99.0
13193,2018-06,W6Y357,남원읍,195550.0,94.0
13194,2018-07,W6Y357,남원읍,252700.0,111.0
13195,2018-08,W6Y357,남원읍,281050.0,110.0
13196,2018-09,W6Y357,남원읍,174300.0,91.0
13197,2018-10,W6Y357,남원읍,222450.0,98.0
13198,2018-11,W6Y357,남원읍,173750.0,71.0
13199,2018-12,W6Y357,남원읍,210850.0,79.0
13200,2019-01,W6Y357,남원읍,268500.0,101.0
13201,2019-02,W6Y357,남원읍,,
13202,2019-03,W6Y357,남원읍,,
13203,2019-04,W6Y357,남원읍,,
13204,2019-05,W6Y357,남원읍,220850.0,79.0
13205,2019-06,W6Y357,남원읍,242300.0,93.0
13206,2019-07,W6Y357,남원읍,326150.0,122.0
13207,2019-08,W6Y357,남원읍,376300.0,111.0
13208,2019-09,W6Y357,남원읍,397300.0,98.0
13209,2019-10,W6Y357,남원읍,361850.0,90.0
13210,2019-11,W6Y357,남원읍,375550.0,77.0
13211,2019-12,W6Y357,남원읍,348200.0,94.0
13212,2020-01,W6Y357,남원읍,419150.0,109.0
13213,2020-02,W6Y357,남원읍,219200.0,79.0
13214,2020-03,W6Y357,남원읍,339700.0,109.0
13215,2020-04,W6Y357,남원읍,324750.0,97.0
13216,2020-05,W6Y357,남원읍,309750.0,106.0
13217,2020-06,W6Y357,남원읍,226300.0,88.0
13218,2020-07,W6Y357,남원읍,226400.0,119.0
13219,2020-08,W6Y357,남원읍,323400.0,116.0
13220,2020-09,W6Y357,남원읍,202450.0,88.0
13221,2020-10,W6Y357,남원읍,259550.0,115.0
13222,2020-11,W6Y357,남원읍,188050.0,80.0
13223,2020-12,W6Y357,남원읍,229400.0,87.0
13224,2021-01,W6Y357,남원읍,212200.0,88.0
13225,2021-02,W6Y357,남원읍,193950.0,95.0
13226,2021-03,W6Y357,남원읍,230250.0,101.0
13227,2021-04,W6Y357,남원읍,,
13228,2021-05,W6Y357,남원읍,415400.0,153.0
13229,2021-06,W6Y357,남원읍,427950.0,155.0
13230,2018-01,W6Y358,남원읍,1381350.0,240.0
13231,2018-02,W6Y358,남원읍,1449200.0,240.0
13232,2018-03,W6Y358,남원읍,1515700.0,269.0
13233,2018-04,W6Y358,남원읍,1604800.0,279.0
13234,2018-05,W6Y358,남원읍,1174350.0,287.0
13235,2018-06,W6Y358,남원읍,946200.0,279.0
13236,2018-07,W6Y358,남원읍,1086400.0,342.0
13237,2018-08,W6Y358,남원읍,1439200.0,381.0
13238,2018-09,W6Y358,남원읍,1704650.0,324.0
13239,2018-10,W6Y358,남원읍,1369500.0,292.0
13240,2018-11,W6Y358,남원읍,853700.0,225.0
13241,2018-12,W6Y358,남원읍,978200.0,224.0
13242,2019-01,W6Y358,남원읍,1255450.0,241.0
13243,2019-02,W6Y358,남원읍,877000.0,202.0
13244,2019-03,W6Y358,남원읍,905350.0,216.0
13245,2019-04,W6Y358,남원읍,849350.0,219.0
13246,2019-05,W6Y358,남원읍,1256550.0,343.0
13247,2019-06,W6Y358,남원읍,1485750.0,434.0
13248,2019-07,W6Y358,남원읍,1896450.0,477.0
13249,2019-08,W6Y358,남원읍,1656550.0,497.0
13250,2019-09,W6Y358,남원읍,1594700.0,467.0
13251,2019-10,W6Y358,남원읍,2143850.0,462.0
13252,2019-11,W6Y358,남원읍,1691500.0,417.0
13253,2019-12,W6Y358,남원읍,1483800.0,360.0
13254,2020-01,W6Y358,남원읍,1955600.0,413.0
13255,2020-02,W6Y358,남원읍,1388650.0,345.0
13256,2020-03,W6Y358,남원읍,1149800.0,348.0
13257,2020-04,W6Y358,남원읍,1311250.0,375.0
13258,2020-05,W6Y358,남원읍,1428450.0,446.0
13259,2020-06,W6Y358,남원읍,1623550.0,484.0
13260,2020-07,W6Y358,남원읍,1882600.0,540.0
13261,2020-08,W6Y358,남원읍,2480350.0,548.0
13262,2020-09,W6Y358,남원읍,2104400.0,531.0
13263,2020-10,W6Y358,남원읍,2907650.0,519.0
13264,2020-11,W6Y358,남원읍,2545450.0,457.0
13265,2020-12,W6Y358,남원읍,1900450.0,413.0
13266,2021-01,W6Y358,남원읍,1515400.0,364.0
13267,2021-02,W6Y358,남원읍,2009700.0,392.0
13268,2021-03,W6Y358,남원읍,2306800.0,448.0
13269,2021-04,W6Y358,남원읍,,
13270,2021-05,W6Y358,남원읍,2329300.0,498.0
13271,2021-06,W6Y358,남원읍,2175150.0,471.0
13272,2018-01,W6Y359,남원읍,124100.0,37.0
13273,2018-02,W6Y359,남원읍,130950.0,38.0
13274,2018-03,W6Y359,남원읍,114900.0,38.0
13275,2018-04,W6Y359,남원읍,144650.0,53.0
13276,2018-05,W6Y359,남원읍,140950.0,50.0
13277,2018-06,W6Y359,남원읍,161400.0,62.0
13278,2018-07,W6Y359,남원읍,224500.0,88.0
13279,2018-08,W6Y359,남원읍,265200.0,93.0
13280,2018-09,W6Y359,남원읍,240750.0,76.0
13281,2018-10,W6Y359,남원읍,184000.0,60.0
13282,2018-11,W6Y359,남원읍,146550.0,65.0
13283,2018-12,W6Y359,남원읍,303900.0,65.0
13284,2019-01,W6Y359,남원읍,323050.0,72.0
13285,2019-02,W6Y359,남원읍,381450.0,67.0
13286,2019-03,W6Y359,남원읍,339550.0,72.0
13287,2019-04,W6Y359,남원읍,261350.0,84.0
13288,2019-05,W6Y359,남원읍,486750.0,118.0
13289,2019-06,W6Y359,남원읍,469500.0,128.0
13290,2019-07,W6Y359,남원읍,581500.0,159.0
13291,2019-08,W6Y359,남원읍,544500.0,155.0
13292,2019-09,W6Y359,남원읍,579550.0,181.0
13293,2019-10,W6Y359,남원읍,527500.0,156.0
13294,2019-11,W6Y359,남원읍,538650.0,148.0
13295,2019-12,W6Y359,남원읍,378050.0,145.0
13296,2020-01,W6Y359,남원읍,497050.0,132.0
13297,2020-02,W6Y359,남원읍,516050.0,148.0
13298,2020-03,W6Y359,남원읍,441600.0,144.0
13299,2020-04,W6Y359,남원읍,659400.0,188.0
13300,2020-05,W6Y359,남원읍,563850.0,172.0
13301,2020-06,W6Y359,남원읍,552900.0,175.0
13302,2020-07,W6Y359,남원읍,631950.0,187.0
13303,2020-08,W6Y359,남원읍,753200.0,202.0
13304,2020-09,W6Y359,남원읍,538700.0,190.0
13305,2020-10,W6Y359,남원읍,642550.0,160.0
13306,2020-11,W6Y359,남원읍,164900.0,42.0
13307,2020-12,W6Y359,남원읍,525350.0,128.0
13308,2021-01,W6Y359,남원읍,643000.0,129.0
13309,2021-02,W6Y359,남원읍,522400.0,113.0
13310,2021-03,W6Y359,남원읍,670800.0,145.0
13311,2021-04,W6Y359,남원읍,,
13312,2021-05,W6Y359,남원읍,602500.0,148.0
13313,2021-06,W6Y359,남원읍,540500.0,175.0
13314,2018-01,W6Y360,남원읍,1284350.0,364.0
13315,2018-02,W6Y360,남원읍,1279700.0,338.0
13316,2018-03,W6Y360,남원읍,1377650.0,401.0
13317,2018-04,W6Y360,남원읍,1267550.0,378.0
13318,2018-05,W6Y360,남원읍,1315000.0,388.0
13319,2018-06,W6Y360,남원읍,1276850.0,388.0
13320,2018-07,W6Y360,남원읍,1742700.0,496.0
13321,2018-08,W6Y360,남원읍,1650700.0,554.0
13322,2018-09,W6Y360,남원읍,1520950.0,512.0
13323,2018-10,W6Y360,남원읍,1266350.0,478.0
13324,2018-11,W6Y360,남원읍,1162300.0,366.0
13325,2018-12,W6Y360,남원읍,1361050.0,364.0
13326,2019-01,W6Y360,남원읍,1006050.0,267.0
13327,2019-02,W6Y360,남원읍,830350.0,225.0
13328,2019-03,W6Y360,남원읍,856050.0,224.0
13329,2019-04,W6Y360,남원읍,746250.0,238.0
13330,2019-05,W6Y360,남원읍,1047850.0,361.0
13331,2019-06,W6Y360,남원읍,1346750.0,427.0
13332,2019-07,W6Y360,남원읍,923050.0,292.0
13333,2019-08,W6Y360,남원읍,159600.0,44.0
13334,2019-09,W6Y360,남원읍,,
13335,2019-10,W6Y360,남원읍,,
13336,2019-11,W6Y360,남원읍,503950.0,282.0
13337,2019-12,W6Y360,남원읍,1980450.0,846.0
13338,2020-01,W6Y360,남원읍,2433350.0,994.0
13339,2020-02,W6Y360,남원읍,2149750.0,796.0
13340,2020-03,W6Y360,남원읍,2512100.0,998.0
13341,2020-04,W6Y360,남원읍,2232600.0,959.0
13342,2020-05,W6Y360,남원읍,2388900.0,1082.0
13343,2020-06,W6Y360,남원읍,2567750.0,1183.0
13344,2020-07,W6Y360,남원읍,2818200.0,1313.0
13345,2020-08,W6Y360,남원읍,1859100.0,847.0
13346,2020-09,W6Y360,남원읍,767300.0,414.0
13347,2020-10,W6Y360,남원읍,778700.0,405.0
13348,2020-11,W6Y360,남원읍,651900.0,327.0
13349,2020-12,W6Y360,남원읍,928850.0,362.0
13350,2021-01,W6Y360,남원읍,941000.0,397.0
13351,2021-02,W6Y360,남원읍,885400.0,368.0
13352,2021-03,W6Y360,남원읍,728550.0,352.0
13353,2021-04,W6Y360,남원읍,,
13354,2021-05,W6Y360,남원읍,790950.0,412.0
13355,2021-06,W6Y360,남원읍,183450.0,104.0
13356,2018-01,W6Y361,남원읍,3244600.0,553.0
13357,2018-02,W6Y361,남원읍,2795400.0,551.0
13358,2018-03,W6Y361,남원읍,3536150.0,651.0
13359,2018-04,W6Y361,남원읍,4478000.0,694.0
13360,2018-05,W6Y361,남원읍,3314950.0,743.0
13361,2018-06,W6Y361,남원읍,2919900.0,740.0
13362,2018-07,W6Y361,남원읍,3512500.0,842.0
13363,2018-08,W6Y361,남원읍,3426100.0,901.0
13364,2018-09,W6Y361,남원읍,3349600.0,822.0
13365,2018-10,W6Y361,남원읍,3240850.0,764.0
13366,2018-11,W6Y361,남원읍,3884500.0,734.0
13367,2018-12,W6Y361,남원읍,4145800.0,700.0
13368,2019-01,W6Y361,남원읍,3446450.0,574.0
13369,2019-02,W6Y361,남원읍,2461400.0,418.0
13370,2019-03,W6Y361,남원읍,1641850.0,255.0
13371,2019-04,W6Y361,남원읍,1232750.0,210.0
13372,2019-05,W6Y361,남원읍,2953650.0,680.0
13373,2019-06,W6Y361,남원읍,3389850.0,818.0
13374,2019-07,W6Y361,남원읍,3702600.0,937.0
13375,2019-08,W6Y361,남원읍,3698150.0,910.0
13376,2019-09,W6Y361,남원읍,3467450.0,822.0
13377,2019-10,W6Y361,남원읍,4278950.0,892.0
13378,2019-11,W6Y361,남원읍,4019400.0,766.0
13379,2019-12,W6Y361,남원읍,4794700.0,816.0
13380,2020-01,W6Y361,남원읍,5718850.0,925.0
13381,2020-02,W6Y361,남원읍,5011850.0,878.0
13382,2020-03,W6Y361,남원읍,4661300.0,869.0
13383,2020-04,W6Y361,남원읍,4199250.0,870.0
13384,2020-05,W6Y361,남원읍,3666400.0,916.0
13385,2020-06,W6Y361,남원읍,3712900.0,935.0
13386,2020-07,W6Y361,남원읍,4428950.0,1084.0
13387,2020-08,W6Y361,남원읍,5287600.0,1097.0
13388,2020-09,W6Y361,남원읍,4303300.0,950.0
13389,2020-10,W6Y361,남원읍,4768200.0,984.0
13390,2020-11,W6Y361,남원읍,5186650.0,907.0
13391,2020-12,W6Y361,남원읍,5783600.0,958.0
13392,2021-01,W6Y361,남원읍,5359600.0,898.0
13393,2021-02,W6Y361,남원읍,4923800.0,838.0
13394,2021-03,W6Y361,남원읍,5436850.0,853.0
13395,2021-04,W6Y361,남원읍,,
13396,2021-05,W6Y361,남원읍,5071350.0,1063.0
13397,2021-06,W6Y361,남원읍,5125650.0,1077.0
13398,2018-01,W6Y362,남원읍,1705900.0,297.0
13399,2018-02,W6Y362,남원읍,1637500.0,270.0
13400,2018-03,W6Y362,남원읍,1846450.0,287.0
13401,2018-04,W6Y362,남원읍,2211350.0,373.0
13402,2018-05,W6Y362,남원읍,2431650.0,416.0
13403,2018-06,W6Y362,남원읍,2371550.0,402.0
13404,2018-07,W6Y362,남원읍,2716150.0,503.0
13405,2018-08,W6Y362,남원읍,2736400.0,536.0
13406,2018-09,W6Y362,남원읍,2561800.0,491.0
13407,2018-10,W6Y362,남원읍,2949400.0,562.0
13408,2018-11,W6Y362,남원읍,3099450.0,474.0
13409,2018-12,W6Y362,남원읍,3181650.0,494.0
13410,2019-01,W6Y362,남원읍,3526750.0,493.0
13411,2019-02,W6Y362,남원읍,1497950.0,243.0
13412,2019-03,W6Y362,남원읍,1659150.0,248.0
13413,2019-04,W6Y362,남원읍,1748300.0,292.0
13414,2019-05,W6Y362,남원읍,3391850.0,548.0
13415,2019-06,W6Y362,남원읍,3679000.0,615.0
13416,2019-07,W6Y362,남원읍,3932600.0,701.0
13417,2019-08,W6Y362,남원읍,4748700.0,740.0
13418,2019-09,W6Y362,남원읍,3681250.0,635.0
13419,2019-10,W6Y362,남원읍,4518300.0,688.0
13420,2019-11,W6Y362,남원읍,4337550.0,593.0
13421,2019-12,W6Y362,남원읍,4377100.0,578.0
13422,2020-01,W6Y362,남원읍,4535950.0,649.0
13423,2020-02,W6Y362,남원읍,4163300.0,584.0
13424,2020-03,W6Y362,남원읍,3848950.0,624.0
13425,2020-04,W6Y362,남원읍,3580200.0,594.0
13426,2020-05,W6Y362,남원읍,3735850.0,669.0
13427,2020-06,W6Y362,남원읍,3517000.0,701.0
13428,2020-07,W6Y362,남원읍,4465550.0,697.0
13429,2020-08,W6Y362,남원읍,4122100.0,635.0
13430,2020-09,W6Y362,남원읍,3370600.0,594.0
13431,2020-10,W6Y362,남원읍,3585900.0,527.0
13432,2020-11,W6Y362,남원읍,3585650.0,502.0
13433,2020-12,W6Y362,남원읍,2577800.0,396.0
13434,2021-01,W6Y362,남원읍,2235700.0,333.0
13435,2021-02,W6Y362,남원읍,2455550.0,386.0
13436,2021-03,W6Y362,남원읍,2948950.0,422.0
13437,2021-04,W6Y362,남원읍,,
13438,2021-05,W6Y362,남원읍,2127600.0,318.0
13439,2021-06,W6Y362,남원읍,2803750.0,444.0
13440,2018-01,W6Y363,남원읍,1028250.0,230.0
13441,2018-02,W6Y363,남원읍,1217100.0,225.0
13442,2018-03,W6Y363,남원읍,1066800.0,243.0
13443,2018-04,W6Y363,남원읍,895400.0,229.0
13444,2018-05,W6Y363,남원읍,1157400.0,265.0
13445,2018-06,W6Y363,남원읍,1174350.0,291.0
13446,2018-07,W6Y363,남원읍,1190850.0,308.0
13447,2018-08,W6Y363,남원읍,1123450.0,300.0
13448,2018-09,W6Y363,남원읍,883750.0,257.0
13449,2018-10,W6Y363,남원읍,1172350.0,286.0
13450,2018-11,W6Y363,남원읍,1081700.0,213.0
13451,2018-12,W6Y363,남원읍,1145300.0,239.0
13452,2019-01,W6Y363,남원읍,1265550.0,275.0
13453,2019-02,W6Y363,남원읍,1050950.0,265.0
13454,2019-03,W6Y363,남원읍,1101800.0,270.0
13455,2019-04,W6Y363,남원읍,1230450.0,294.0
13456,2019-05,W6Y363,남원읍,1246600.0,324.0
13457,2019-06,W6Y363,남원읍,1567550.0,384.0
13458,2019-07,W6Y363,남원읍,2038900.0,441.0
13459,2019-08,W6Y363,남원읍,1664000.0,434.0
13460,2019-09,W6Y363,남원읍,1500900.0,446.0
13461,2019-10,W6Y363,남원읍,1582500.0,460.0
13462,2019-11,W6Y363,남원읍,1299800.0,372.0
13463,2019-12,W6Y363,남원읍,1721950.0,338.0
13464,2020-01,W6Y363,남원읍,1428300.0,307.0
13465,2020-02,W6Y363,남원읍,1406900.0,290.0
13466,2020-03,W6Y363,남원읍,1741850.0,360.0
13467,2020-04,W6Y363,남원읍,1504600.0,352.0
13468,2020-05,W6Y363,남원읍,1834100.0,371.0
13469,2020-06,W6Y363,남원읍,1715400.0,389.0
13470,2020-07,W6Y363,남원읍,2035800.0,469.0
13471,2020-08,W6Y363,남원읍,1893100.0,463.0
13472,2020-09,W6Y363,남원읍,1518850.0,388.0
13473,2020-10,W6Y363,남원읍,1875700.0,407.0
13474,2020-11,W6Y363,남원읍,1252350.0,235.0
13475,2020-12,W6Y363,남원읍,1865600.0,371.0
13476,2021-01,W6Y363,남원읍,1933800.0,390.0
13477,2021-02,W6Y363,남원읍,1838550.0,352.0
13478,2021-03,W6Y363,남원읍,2246350.0,407.0
13479,2021-04,W6Y363,남원읍,,
13480,2021-05,W6Y363,남원읍,1172000.0,294.0
13481,2021-06,W6Y363,남원읍,486750.0,148.0
13482,2018-01,W6Y364,남원읍,986550.0,218.0
13483,2018-02,W6Y364,남원읍,788100.0,167.0
13484,2018-03,W6Y364,남원읍,1175900.0,238.0
13485,2018-04,W6Y364,남원읍,1041800.0,276.0
13486,2018-05,W6Y364,남원읍,1031750.0,277.0
13487,2018-06,W6Y364,남원읍,860400.0,287.0
13488,2018-07,W6Y364,남원읍,1232900.0,330.0
13489,2018-08,W6Y364,남원읍,1064100.0,306.0
13490,2018-09,W6Y364,남원읍,568450.0,219.0
13491,2018-10,W6Y364,남원읍,730650.0,239.0
13492,2018-11,W6Y364,남원읍,760450.0,217.0
13493,2018-12,W6Y364,남원읍,687750.0,183.0
13494,2019-01,W6Y364,남원읍,892950.0,203.0
13495,2019-02,W6Y364,남원읍,644100.0,176.0
13496,2019-03,W6Y364,남원읍,624200.0,155.0
13497,2019-04,W6Y364,남원읍,668150.0,183.0
13498,2019-05,W6Y364,남원읍,755450.0,261.0
13499,2019-06,W6Y364,남원읍,765150.0,284.0
13500,2019-07,W6Y364,남원읍,934150.0,279.0
13501,2019-08,W6Y364,남원읍,944050.0,333.0
13502,2019-09,W6Y364,남원읍,810050.0,281.0
13503,2019-10,W6Y364,남원읍,761850.0,287.0
13504,2019-11,W6Y364,남원읍,767600.0,265.0
13505,2019-12,W6Y364,남원읍,953650.0,250.0
13506,2020-01,W6Y364,남원읍,798750.0,222.0
13507,2020-02,W6Y364,남원읍,609450.0,198.0
13508,2020-03,W6Y364,남원읍,789450.0,263.0
13509,2020-04,W6Y364,남원읍,685400.0,243.0
13510,2020-05,W6Y364,남원읍,784750.0,291.0
13511,2020-06,W6Y364,남원읍,804150.0,308.0
13512,2020-07,W6Y364,남원읍,1024400.0,343.0
13513,2020-08,W6Y364,남원읍,1552300.0,420.0
13514,2020-09,W6Y364,남원읍,1361550.0,376.0
13515,2020-10,W6Y364,남원읍,1369700.0,323.0
13516,2020-11,W6Y364,남원읍,927400.0,199.0
13517,2020-12,W6Y364,남원읍,1158700.0,305.0
13518,2021-01,W6Y364,남원읍,731600.0,219.0
13519,2021-02,W6Y364,남원읍,798350.0,227.0
13520,2021-03,W6Y364,남원읍,1114850.0,335.0
13521,2021-04,W6Y364,남원읍,,
13522,2021-05,W6Y364,남원읍,1101400.0,367.0
13523,2021-06,W6Y364,남원읍,1013650.0,340.0
13524,2018-01,W6Y365,남원읍,572450.0,124.0
13525,2018-02,W6Y365,남원읍,502650.0,88.0
13526,2018-03,W6Y365,남원읍,565200.0,115.0
13527,2018-04,W6Y365,남원읍,531200.0,114.0
13528,2018-05,W6Y365,남원읍,515700.0,113.0
13529,2018-06,W6Y365,남원읍,513850.0,139.0
13530,2018-07,W6Y365,남원읍,578150.0,155.0
13531,2018-08,W6Y365,남원읍,639200.0,169.0
13532,2018-09,W6Y365,남원읍,257400.0,53.0
13533,2018-10,W6Y365,남원읍,245650.0,66.0
13534,2018-11,W6Y365,남원읍,526350.0,129.0
13535,2018-12,W6Y365,남원읍,517950.0,124.0
13536,2019-01,W6Y365,남원읍,675150.0,147.0
13537,2019-02,W6Y365,남원읍,264400.0,57.0
13538,2019-03,W6Y365,남원읍,,
13539,2019-04,W6Y365,남원읍,,
13540,2019-05,W6Y365,남원읍,861400.0,190.0
13541,2019-06,W6Y365,남원읍,1263850.0,273.0
13542,2019-07,W6Y365,남원읍,1272750.0,311.0
13543,2019-08,W6Y365,남원읍,1587450.0,361.0
13544,2019-09,W6Y365,남원읍,1195900.0,315.0
13545,2019-10,W6Y365,남원읍,965550.0,281.0
13546,2019-11,W6Y365,남원읍,905950.0,251.0
13547,2019-12,W6Y365,남원읍,1120150.0,248.0
13548,2020-01,W6Y365,남원읍,1142900.0,246.0
13549,2020-02,W6Y365,남원읍,858950.0,193.0
13550,2020-03,W6Y365,남원읍,967800.0,229.0
13551,2020-04,W6Y365,남원읍,925700.0,224.0
13552,2020-05,W6Y365,남원읍,937900.0,244.0
13553,2020-06,W6Y365,남원읍,1131950.0,279.0
13554,2020-07,W6Y365,남원읍,1298100.0,346.0
13555,2020-08,W6Y365,남원읍,1336000.0,366.0
13556,2020-09,W6Y365,남원읍,964200.0,279.0
13557,2020-10,W6Y365,남원읍,967900.0,334.0
13558,2020-11,W6Y365,남원읍,1148200.0,317.0
13559,2020-12,W6Y365,남원읍,966700.0,269.0
13560,2021-01,W6Y365,남원읍,1026600.0,258.0
13561,2021-02,W6Y365,남원읍,1112850.0,292.0
13562,2021-03,W6Y365,남원읍,1072600.0,288.0
13563,2021-04,W6Y365,남원읍,,
13564,2021-05,W6Y365,남원읍,1028100.0,298.0
13565,2021-06,W6Y365,남원읍,884700.0,279.0
13566,2018-01,W6Y366,남원읍,957100.0,249.0
13567,2018-02,W6Y366,남원읍,612250.0,175.0
13568,2018-03,W6Y366,남원읍,749050.0,223.0
13569,2018-04,W6Y366,남원읍,723900.0,208.0
13570,2018-05,W6Y366,남원읍,799150.0,208.0
13571,2018-06,W6Y366,남원읍,647700.0,202.0
13572,2018-07,W6Y366,남원읍,706000.0,213.0
13573,2018-08,W6Y366,남원읍,723450.0,221.0
13574,2018-09,W6Y366,남원읍,704950.0,237.0
13575,2018-10,W6Y366,남원읍,716400.0,226.0
13576,2018-11,W6Y366,남원읍,683100.0,195.0
13577,2018-12,W6Y366,남원읍,605200.0,120.0
13578,2019-01,W6Y366,남원읍,719700.0,83.0
13579,2019-02,W6Y366,남원읍,319900.0,47.0
13580,2019-03,W6Y366,남원읍,89100.0,27.0
13581,2019-04,W6Y366,남원읍,152750.0,34.0
13582,2019-05,W6Y366,남원읍,1659250.0,456.0
13583,2019-06,W6Y366,남원읍,2296800.0,660.0
13584,2019-07,W6Y366,남원읍,2453550.0,711.0
13585,2019-08,W6Y366,남원읍,2695250.0,769.0
13586,2019-09,W6Y366,남원읍,2610700.0,731.0
13587,2019-10,W6Y366,남원읍,2125300.0,669.0
13588,2019-11,W6Y366,남원읍,2855300.0,627.0
13589,2019-12,W6Y366,남원읍,3157850.0,592.0
13590,2020-01,W6Y366,남원읍,3904550.0,613.0
13591,2020-02,W6Y366,남원읍,3904650.0,596.0
13592,2020-03,W6Y366,남원읍,3807650.0,648.0
13593,2020-04,W6Y366,남원읍,3601550.0,621.0
13594,2020-05,W6Y366,남원읍,3845250.0,688.0
13595,2020-06,W6Y366,남원읍,3976850.0,798.0
13596,2020-07,W6Y366,남원읍,3768800.0,781.0
13597,2020-08,W6Y366,남원읍,2887300.0,567.0
13598,2020-09,W6Y366,남원읍,1971850.0,372.0
13599,2020-10,W6Y366,남원읍,2630150.0,522.0
13600,2020-11,W6Y366,남원읍,2765300.0,483.0
13601,2020-12,W6Y366,남원읍,2710600.0,480.0
13602,2021-01,W6Y366,남원읍,2375100.0,427.0
13603,2021-02,W6Y366,남원읍,2466650.0,380.0
13604,2021-03,W6Y366,남원읍,2978000.0,465.0
13605,2021-04,W6Y366,남원읍,,
13606,2021-05,W6Y366,남원읍,3056800.0,583.0
13607,2021-06,W6Y366,남원읍,3427900.0,793.0
13608,2018-01,W6Y367,남원읍,729000.0,214.0
13609,2018-02,W6Y367,남원읍,782650.0,237.0
13610,2018-03,W6Y367,남원읍,850750.0,240.0
13611,2018-04,W6Y367,남원읍,764650.0,239.0
13612,2018-05,W6Y367,남원읍,891200.0,291.0
13613,2018-06,W6Y367,남원읍,951900.0,322.0
13614,2018-07,W6Y367,남원읍,1084150.0,351.0
13615,2018-08,W6Y367,남원읍,1136100.0,392.0
13616,2018-09,W6Y367,남원읍,1218400.0,354.0
13617,2018-10,W6Y367,남원읍,767550.0,244.0
13618,2018-11,W6Y367,남원읍,827850.0,248.0
13619,2018-12,W6Y367,남원읍,993950.0,223.0
13620,2019-01,W6Y367,남원읍,270650.0,62.0
13621,2019-02,W6Y367,남원읍,,
13622,2019-03,W6Y367,남원읍,,
13623,2019-04,W6Y367,남원읍,,
13624,2019-05,W6Y367,남원읍,801900.0,213.0
13625,2019-06,W6Y367,남원읍,1319550.0,333.0
13626,2019-07,W6Y367,남원읍,1421750.0,364.0
13627,2019-08,W6Y367,남원읍,1205850.0,372.0
13628,2019-09,W6Y367,남원읍,1129100.0,310.0
13629,2019-10,W6Y367,남원읍,1008600.0,278.0
13630,2019-11,W6Y367,남원읍,1109000.0,285.0
13631,2019-12,W6Y367,남원읍,1134900.0,259.0
13632,2020-01,W6Y367,남원읍,936200.0,253.0
13633,2020-02,W6Y367,남원읍,928850.0,217.0
13634,2020-03,W6Y367,남원읍,1122200.0,274.0
13635,2020-04,W6Y367,남원읍,948450.0,229.0
13636,2020-05,W6Y367,남원읍,1268650.0,323.0
13637,2020-06,W6Y367,남원읍,1315150.0,360.0
13638,2020-07,W6Y367,남원읍,1186900.0,331.0
13639,2020-08,W6Y367,남원읍,1489700.0,397.0
13640,2020-09,W6Y367,남원읍,1224850.0,344.0
13641,2020-10,W6Y367,남원읍,302200.0,94.0
13642,2020-11,W6Y367,남원읍,,
13643,2020-12,W6Y367,남원읍,,
13644,2021-01,W6Y367,남원읍,,
13645,2021-02,W6Y367,남원읍,,
13646,2021-03,W6Y367,남원읍,,
13647,2021-04,W6Y367,남원읍,,
13648,2021-05,W6Y367,남원읍,,
13649,2021-06,W6Y367,남원읍,,
13650,2018-01,W6Y368,남원읍,742900.0,83.0
13651,2018-02,W6Y368,남원읍,662000.0,73.0
13652,2018-03,W6Y368,남원읍,1122600.0,125.0
13653,2018-04,W6Y368,남원읍,1056200.0,105.0
13654,2018-05,W6Y368,남원읍,998700.0,119.0
13655,2018-06,W6Y368,남원읍,1093750.0,146.0
13656,2018-07,W6Y368,남원읍,1248500.0,162.0
13657,2018-08,W6Y368,남원읍,1020250.0,147.0
13658,2018-09,W6Y368,남원읍,847850.0,152.0
13659,2018-10,W6Y368,남원읍,957800.0,132.0
13660,2018-11,W6Y368,남원읍,1026750.0,132.0
13661,2018-12,W6Y368,남원읍,942850.0,127.0
13662,2019-01,W6Y368,남원읍,785200.0,117.0
13663,2019-02,W6Y368,남원읍,604050.0,84.0
13664,2019-03,W6Y368,남원읍,519900.0,50.0
13665,2019-04,W6Y368,남원읍,45900.0,2.0
13666,2019-05,W6Y368,남원읍,724700.0,83.0
13667,2019-06,W6Y368,남원읍,995450.0,94.0
13668,2019-07,W6Y368,남원읍,1137600.0,122.0
13669,2019-08,W6Y368,남원읍,1215200.0,125.0
13670,2019-09,W6Y368,남원읍,897450.0,124.0
13671,2019-10,W6Y368,남원읍,1015750.0,150.0
13672,2019-11,W6Y368,남원읍,968400.0,131.0
13673,2019-12,W6Y368,남원읍,926850.0,116.0
13674,2020-01,W6Y368,남원읍,835700.0,109.0
13675,2020-02,W6Y368,남원읍,664350.0,100.0
13676,2020-03,W6Y368,남원읍,798950.0,137.0
13677,2020-04,W6Y368,남원읍,688350.0,120.0
13678,2020-05,W6Y368,남원읍,707900.0,151.0
13679,2020-06,W6Y368,남원읍,818350.0,139.0
13680,2020-07,W6Y368,남원읍,1068000.0,154.0
13681,2020-08,W6Y368,남원읍,846200.0,135.0
13682,2020-09,W6Y368,남원읍,674800.0,145.0
13683,2020-10,W6Y368,남원읍,700100.0,124.0
13684,2020-11,W6Y368,남원읍,586450.0,117.0
13685,2020-12,W6Y368,남원읍,574700.0,102.0
13686,2021-01,W6Y368,남원읍,458650.0,75.0
13687,2021-02,W6Y368,남원읍,482350.0,73.0
13688,2021-03,W6Y368,남원읍,765400.0,114.0
13689,2021-04,W6Y368,남원읍,,
13690,2021-05,W6Y368,남원읍,782700.0,145.0
13691,2021-06,W6Y368,남원읍,836750.0,151.0
13692,2018-01,W6Y369,남원읍,55450.0,7.0
13693,2018-02,W6Y369,남원읍,74250.0,11.0
13694,2018-03,W6Y369,남원읍,25750.0,4.0
13695,2018-04,W6Y369,남원읍,2750.0,1.0
13696,2018-05,W6Y369,남원읍,17250.0,6.0
13697,2018-06,W6Y369,남원읍,3950.0,4.0
13698,2018-07,W6Y369,남원읍,8350.0,3.0
13699,2018-08,W6Y369,남원읍,,
13700,2018-09,W6Y369,남원읍,,
13701,2018-10,W6Y369,남원읍,,
13702,2018-11,W6Y369,남원읍,,
13703,2018-12,W6Y369,남원읍,,
13704,2019-01,W6Y369,남원읍,,
13705,2019-02,W6Y369,남원읍,,
13706,2019-03,W6Y369,남원읍,,
13707,2019-04,W6Y369,남원읍,,
13708,2019-05,W6Y369,남원읍,36550.0,22.0
13709,2019-06,W6Y369,남원읍,40300.0,23.0
13710,2019-07,W6Y369,남원읍,27150.0,16.0
13711,2019-08,W6Y369,남원읍,41100.0,27.0
13712,2019-09,W6Y369,남원읍,78750.0,34.0
13713,2019-10,W6Y369,남원읍,33800.0,31.0
13714,2019-11,W6Y369,남원읍,74550.0,33.0
13715,2019-12,W6Y369,남원읍,57050.0,21.0
13716,2020-01,W6Y369,남원읍,473900.0,55.0
13717,2020-02,W6Y369,남원읍,271850.0,38.0
13718,2020-03,W6Y369,남원읍,28450.0,28.0
13719,2020-04,W6Y369,남원읍,37250.0,34.0
13720,2020-05,W6Y369,남원읍,86650.0,61.0
13721,2020-06,W6Y369,남원읍,65350.0,46.0
13722,2020-07,W6Y369,남원읍,39900.0,37.0
13723,2020-08,W6Y369,남원읍,71700.0,55.0
13724,2020-09,W6Y369,남원읍,27350.0,15.0
13725,2020-10,W6Y369,남원읍,34100.0,18.0
13726,2020-11,W6Y369,남원읍,29400.0,9.0
13727,2020-12,W6Y369,남원읍,44100.0,16.0
13728,2021-01,W6Y369,남원읍,157800.0,24.0
13729,2021-02,W6Y369,남원읍,17450.0,10.0
13730,2021-03,W6Y369,남원읍,21600.0,10.0
13731,2021-04,W6Y369,남원읍,,
13732,2021-05,W6Y369,남원읍,54100.0,8.0
13733,2021-06,W6Y369,남원읍,29400.0,11.0
13734,2018-01,W6Y370,남원읍,15350.0,4.0
13735,2018-02,W6Y370,남원읍,9400.0,2.0
13736,2018-03,W6Y370,남원읍,9750.0,4.0
13737,2018-04,W6Y370,남원읍,92950.0,17.0
13738,2018-05,W6Y370,남원읍,49400.0,9.0
13739,2018-06,W6Y370,남원읍,162800.0,25.0
13740,2018-07,W6Y370,남원읍,96200.0,28.0
13741,2018-08,W6Y370,남원읍,116900.0,30.0
13742,2018-09,W6Y370,남원읍,85400.0,18.0
13743,2018-10,W6Y370,남원읍,61350.0,8.0
13744,2018-11,W6Y370,남원읍,111450.0,18.0
13745,2018-12,W6Y370,남원읍,96650.0,17.0
13746,2019-01,W6Y370,남원읍,143750.0,18.0
13747,2019-02,W6Y370,남원읍,155900.0,28.0
13748,2019-03,W6Y370,남원읍,132100.0,22.0
13749,2019-04,W6Y370,남원읍,149000.0,40.0
13750,2019-05,W6Y370,남원읍,192950.0,50.0
13751,2019-06,W6Y370,남원읍,111700.0,45.0
13752,2019-07,W6Y370,남원읍,173600.0,54.0
13753,2019-08,W6Y370,남원읍,123850.0,51.0
13754,2019-09,W6Y370,남원읍,105550.0,35.0
13755,2019-10,W6Y370,남원읍,82950.0,55.0
13756,2019-11,W6Y370,남원읍,102700.0,50.0
13757,2019-12,W6Y370,남원읍,91400.0,32.0
13758,2020-01,W6Y370,남원읍,326200.0,56.0
13759,2020-02,W6Y370,남원읍,85650.0,27.0
13760,2020-03,W6Y370,남원읍,125350.0,37.0
13761,2020-04,W6Y370,남원읍,78450.0,24.0
13762,2020-05,W6Y370,남원읍,94950.0,36.0
13763,2020-06,W6Y370,남원읍,149400.0,49.0
13764,2020-07,W6Y370,남원읍,131750.0,50.0
13765,2020-08,W6Y370,남원읍,141800.0,53.0
13766,2020-09,W6Y370,남원읍,145050.0,58.0
13767,2020-10,W6Y370,남원읍,214600.0,65.0
13768,2020-11,W6Y370,남원읍,150050.0,54.0
13769,2020-12,W6Y370,남원읍,171850.0,50.0
13770,2021-01,W6Y370,남원읍,141000.0,47.0
13771,2021-02,W6Y370,남원읍,155350.0,42.0
13772,2021-03,W6Y370,남원읍,114000.0,33.0
13773,2021-04,W6Y370,남원읍,,
13774,2021-05,W6Y370,남원읍,243550.0,57.0
13775,2021-06,W6Y370,남원읍,392400.0,77.0
13776,2018-01,W6Y371,남원읍,293900.0,85.0
13777,2018-02,W6Y371,남원읍,226050.0,74.0
13778,2018-03,W6Y371,남원읍,370950.0,98.0
13779,2018-04,W6Y371,남원읍,253950.0,95.0
13780,2018-05,W6Y371,남원읍,351100.0,118.0
13781,2018-06,W6Y371,남원읍,272250.0,104.0
13782,2018-07,W6Y371,남원읍,380000.0,136.0
13783,2018-08,W6Y371,남원읍,334050.0,119.0
13784,2018-09,W6Y371,남원읍,620000.0,100.0
13785,2018-10,W6Y371,남원읍,451050.0,98.0
13786,2018-11,W6Y371,남원읍,676600.0,107.0
13787,2018-12,W6Y371,남원읍,649400.0,103.0
13788,2019-01,W6Y371,남원읍,401000.0,81.0
13789,2019-02,W6Y371,남원읍,282050.0,71.0
13790,2019-03,W6Y371,남원읍,457000.0,98.0
13791,2019-04,W6Y371,남원읍,353000.0,53.0
13792,2019-05,W6Y371,남원읍,660650.0,222.0
13793,2019-06,W6Y371,남원읍,1264950.0,424.0
13794,2019-07,W6Y371,남원읍,1129750.0,307.0
13795,2019-08,W6Y371,남원읍,956250.0,328.0
13796,2019-09,W6Y371,남원읍,801650.0,300.0
13797,2019-10,W6Y371,남원읍,883600.0,335.0
13798,2019-11,W6Y371,남원읍,953100.0,304.0
13799,2019-12,W6Y371,남원읍,985800.0,255.0
13800,2020-01,W6Y371,남원읍,1197250.0,276.0
13801,2020-02,W6Y371,남원읍,905750.0,250.0
13802,2020-03,W6Y371,남원읍,895850.0,267.0
13803,2020-04,W6Y371,남원읍,1015600.0,310.0
13804,2020-05,W6Y371,남원읍,1092800.0,300.0
13805,2020-06,W6Y371,남원읍,1028050.0,335.0
13806,2020-07,W6Y371,남원읍,1078950.0,314.0
13807,2020-08,W6Y371,남원읍,557900.0,158.0
13808,2020-09,W6Y371,남원읍,400950.0,129.0
13809,2020-10,W6Y371,남원읍,189050.0,83.0
13810,2020-11,W6Y371,남원읍,355500.0,82.0
13811,2020-12,W6Y371,남원읍,429400.0,107.0
13812,2021-01,W6Y371,남원읍,220400.0,68.0
13813,2021-02,W6Y371,남원읍,263400.0,72.0
13814,2021-03,W6Y371,남원읍,445350.0,142.0
13815,2021-04,W6Y371,남원읍,,
13816,2021-05,W6Y371,남원읍,377100.0,139.0
13817,2021-06,W6Y371,남원읍,495200.0,133.0
13818,2018-01,W6Y372,남원읍,296500.0,86.0
13819,2018-02,W6Y372,남원읍,326100.0,77.0
13820,2018-03,W6Y372,남원읍,406050.0,125.0
13821,2018-04,W6Y372,남원읍,349600.0,114.0
13822,2018-05,W6Y372,남원읍,326150.0,134.0
13823,2018-06,W6Y372,남원읍,371900.0,153.0
13824,2018-07,W6Y372,남원읍,479350.0,195.0
13825,2018-08,W6Y372,남원읍,496600.0,192.0
13826,2018-09,W6Y372,남원읍,412800.0,171.0
13827,2018-10,W6Y372,남원읍,355350.0,138.0
13828,2018-11,W6Y372,남원읍,292150.0,126.0
13829,2018-12,W6Y372,남원읍,301850.0,124.0
13830,2019-01,W6Y372,남원읍,513700.0,139.0
13831,2019-02,W6Y372,남원읍,335800.0,87.0
13832,2019-03,W6Y372,남원읍,157850.0,55.0
13833,2019-04,W6Y372,남원읍,131900.0,51.0
13834,2019-05,W6Y372,남원읍,182100.0,76.0
13835,2019-06,W6Y372,남원읍,241050.0,106.0
13836,2019-07,W6Y372,남원읍,318800.0,127.0
13837,2019-08,W6Y372,남원읍,344850.0,144.0
13838,2019-09,W6Y372,남원읍,339950.0,119.0
13839,2019-10,W6Y372,남원읍,283700.0,91.0
13840,2019-11,W6Y372,남원읍,196350.0,86.0
13841,2019-12,W6Y372,남원읍,296600.0,88.0
13842,2020-01,W6Y372,남원읍,478000.0,125.0
13843,2020-02,W6Y372,남원읍,321650.0,106.0
13844,2020-03,W6Y372,남원읍,409600.0,114.0
13845,2020-04,W6Y372,남원읍,301500.0,103.0
13846,2020-05,W6Y372,남원읍,273050.0,103.0
13847,2020-06,W6Y372,남원읍,407650.0,143.0
13848,2020-07,W6Y372,남원읍,431750.0,181.0
13849,2020-08,W6Y372,남원읍,437600.0,168.0
13850,2020-09,W6Y372,남원읍,405800.0,128.0
13851,2020-10,W6Y372,남원읍,397950.0,149.0
13852,2020-11,W6Y372,남원읍,373800.0,145.0
13853,2020-12,W6Y372,남원읍,499850.0,152.0
13854,2021-01,W6Y372,남원읍,474000.0,147.0
13855,2021-02,W6Y372,남원읍,475850.0,143.0
13856,2021-03,W6Y372,남원읍,329250.0,133.0
13857,2021-04,W6Y372,남원읍,,
13858,2021-05,W6Y372,남원읍,537050.0,188.0
13859,2021-06,W6Y372,남원읍,533200.0,200.0
13860,2018-01,W6Y373,남원읍,386150.0,106.0
13861,2018-02,W6Y373,남원읍,315150.0,78.0
13862,2018-03,W6Y373,남원읍,261500.0,84.0
13863,2018-04,W6Y373,남원읍,275300.0,88.0
13864,2018-05,W6Y373,남원읍,278050.0,99.0
13865,2018-06,W6Y373,남원읍,274300.0,92.0
13866,2018-07,W6Y373,남원읍,349550.0,117.0
13867,2018-08,W6Y373,남원읍,344150.0,113.0
13868,2018-09,W6Y373,남원읍,413550.0,113.0
13869,2018-10,W6Y373,남원읍,437700.0,119.0
13870,2018-11,W6Y373,남원읍,462600.0,107.0
13871,2018-12,W6Y373,남원읍,309750.0,89.0
13872,2019-01,W6Y373,남원읍,294500.0,69.0
13873,2019-02,W6Y373,남원읍,183300.0,57.0
13874,2019-03,W6Y373,남원읍,235650.0,65.0
13875,2019-04,W6Y373,남원읍,251750.0,86.0
13876,2019-05,W6Y373,남원읍,282900.0,111.0
13877,2019-06,W6Y373,남원읍,359500.0,132.0
13878,2019-07,W6Y373,남원읍,571650.0,167.0
13879,2019-08,W6Y373,남원읍,444750.0,161.0
13880,2019-09,W6Y373,남원읍,460700.0,161.0
13881,2019-10,W6Y373,남원읍,355950.0,125.0
13882,2019-11,W6Y373,남원읍,230500.0,104.0
13883,2019-12,W6Y373,남원읍,309000.0,117.0
13884,2020-01,W6Y373,남원읍,258300.0,102.0
13885,2020-02,W6Y373,남원읍,292050.0,103.0
13886,2020-03,W6Y373,남원읍,322150.0,97.0
13887,2020-04,W6Y373,남원읍,314550.0,99.0
13888,2020-05,W6Y373,남원읍,359600.0,120.0
13889,2020-06,W6Y373,남원읍,371650.0,122.0
13890,2020-07,W6Y373,남원읍,434050.0,144.0
13891,2020-08,W6Y373,남원읍,533350.0,175.0
13892,2020-09,W6Y373,남원읍,400900.0,147.0
13893,2020-10,W6Y373,남원읍,432350.0,123.0
13894,2020-11,W6Y373,남원읍,456350.0,135.0
13895,2020-12,W6Y373,남원읍,473250.0,148.0
13896,2021-01,W6Y373,남원읍,375400.0,107.0
13897,2021-02,W6Y373,남원읍,482200.0,124.0
13898,2021-03,W6Y373,남원읍,379850.0,124.0
13899,2021-04,W6Y373,남원읍,,
13900,2021-05,W6Y373,남원읍,428850.0,135.0
13901,2021-06,W6Y373,남원읍,393400.0,145.0
13902,2018-01,W6Y374,남원읍,371100.0,88.0
13903,2018-02,W6Y374,남원읍,484850.0,103.0
13904,2018-03,W6Y374,남원읍,448500.0,109.0
13905,2018-04,W6Y374,남원읍,491450.0,108.0
13906,2018-05,W6Y374,남원읍,443350.0,109.0
13907,2018-06,W6Y374,남원읍,352200.0,97.0
13908,2018-07,W6Y374,남원읍,335650.0,126.0
13909,2018-08,W6Y374,남원읍,508450.0,152.0
13910,2018-09,W6Y374,남원읍,467250.0,146.0
13911,2018-10,W6Y374,남원읍,616650.0,123.0
13912,2018-11,W6Y374,남원읍,414200.0,111.0
13913,2018-12,W6Y374,남원읍,388950.0,95.0
13914,2019-01,W6Y374,남원읍,591100.0,103.0
13915,2019-02,W6Y374,남원읍,155500.0,48.0
13916,2019-03,W6Y374,남원읍,,
13917,2019-04,W6Y374,남원읍,,
13918,2019-05,W6Y374,남원읍,195150.0,55.0
13919,2019-06,W6Y374,남원읍,322200.0,118.0
13920,2019-07,W6Y374,남원읍,365700.0,148.0
13921,2019-08,W6Y374,남원읍,631150.0,181.0
13922,2019-09,W6Y374,남원읍,523800.0,168.0
13923,2019-10,W6Y374,남원읍,536400.0,201.0
13924,2019-11,W6Y374,남원읍,584350.0,163.0
13925,2019-12,W6Y374,남원읍,447700.0,142.0
13926,2020-01,W6Y374,남원읍,586450.0,148.0
13927,2020-02,W6Y374,남원읍,521500.0,142.0
13928,2020-03,W6Y374,남원읍,434100.0,149.0
13929,2020-04,W6Y374,남원읍,444100.0,148.0
13930,2020-05,W6Y374,남원읍,561600.0,170.0
13931,2020-06,W6Y374,남원읍,494500.0,180.0
13932,2020-07,W6Y374,남원읍,435500.0,164.0
13933,2020-08,W6Y374,남원읍,544500.0,187.0
13934,2020-09,W6Y374,남원읍,560350.0,166.0
13935,2020-10,W6Y374,남원읍,669850.0,205.0
13936,2020-11,W6Y374,남원읍,516850.0,176.0
13937,2020-12,W6Y374,남원읍,546100.0,166.0
13938,2021-01,W6Y374,남원읍,493250.0,134.0
13939,2021-02,W6Y374,남원읍,581750.0,156.0
13940,2021-03,W6Y374,남원읍,570900.0,146.0
13941,2021-04,W6Y374,남원읍,,
13942,2021-05,W6Y374,남원읍,609700.0,198.0
13943,2021-06,W6Y374,남원읍,570650.0,183.0
13944,2018-01,W6Y375,남원읍,34150.0,22.0
13945,2018-02,W6Y375,남원읍,36800.0,23.0
13946,2018-03,W6Y375,남원읍,1850.0,1.0
13947,2018-04,W6Y375,남원읍,,
13948,2018-05,W6Y375,남원읍,,
13949,2018-06,W6Y375,남원읍,,
13950,2018-07,W6Y375,남원읍,,
13951,2018-08,W6Y375,남원읍,,
13952,2018-09,W6Y375,남원읍,,
13953,2018-10,W6Y375,남원읍,,
13954,2018-11,W6Y375,남원읍,,
13955,2018-12,W6Y375,남원읍,,
13956,2019-01,W6Y375,남원읍,,
13957,2019-02,W6Y375,남원읍,,
13958,2019-03,W6Y375,남원읍,,
13959,2019-04,W6Y375,남원읍,,
13960,2019-05,W6Y375,남원읍,47400.0,19.0
13961,2019-06,W6Y375,남원읍,67050.0,29.0
13962,2019-07,W6Y375,남원읍,97000.0,29.0
13963,2019-08,W6Y375,남원읍,78250.0,36.0
13964,2019-09,W6Y375,남원읍,65450.0,27.0
13965,2019-10,W6Y375,남원읍,48800.0,32.0
13966,2019-11,W6Y375,남원읍,52300.0,25.0
13967,2019-12,W6Y375,남원읍,49050.0,33.0
13968,2020-01,W6Y375,남원읍,89250.0,36.0
13969,2020-02,W6Y375,남원읍,86750.0,29.0
13970,2020-03,W6Y375,남원읍,55500.0,24.0
13971,2020-04,W6Y375,남원읍,154650.0,23.0
13972,2020-05,W6Y375,남원읍,75550.0,31.0
13973,2020-06,W6Y375,남원읍,74250.0,39.0
13974,2020-07,W6Y375,남원읍,95450.0,59.0
13975,2020-08,W6Y375,남원읍,98600.0,49.0
13976,2020-09,W6Y375,남원읍,55550.0,38.0
13977,2020-10,W6Y375,남원읍,66250.0,36.0
13978,2020-11,W6Y375,남원읍,53600.0,36.0
13979,2020-12,W6Y375,남원읍,115150.0,39.0
13980,2021-01,W6Y375,남원읍,82200.0,31.0
13981,2021-02,W6Y375,남원읍,94650.0,35.0
13982,2021-03,W6Y375,남원읍,97150.0,48.0
13983,2021-04,W6Y375,남원읍,,
13984,2021-05,W6Y375,남원읍,55600.0,33.0
13985,2021-06,W6Y375,남원읍,123700.0,64.0
13986,2018-01,W6Y376,남원읍,1065900.0,170.0
13987,2018-02,W6Y376,남원읍,885050.0,158.0
13988,2018-03,W6Y376,남원읍,860150.0,177.0
13989,2018-04,W6Y376,남원읍,825650.0,170.0
13990,2018-05,W6Y376,남원읍,806500.0,193.0
13991,2018-06,W6Y376,남원읍,1110300.0,198.0
13992,2018-07,W6Y376,남원읍,1181350.0,255.0
13993,2018-08,W6Y376,남원읍,1386250.0,245.0
13994,2018-09,W6Y376,남원읍,1215050.0,237.0
13995,2018-10,W6Y376,남원읍,846050.0,161.0
13996,2018-11,W6Y376,남원읍,1121150.0,216.0
13997,2018-12,W6Y376,남원읍,922350.0,162.0
13998,2019-01,W6Y376,남원읍,679200.0,153.0
13999,2019-02,W6Y376,남원읍,101650.0,15.0
14000,2019-03,W6Y376,남원읍,,
14001,2019-04,W6Y376,남원읍,,
14002,2019-05,W6Y376,남원읍,348500.0,83.0
14003,2019-06,W6Y376,남원읍,623400.0,136.0
14004,2019-07,W6Y376,남원읍,487000.0,132.0
14005,2019-08,W6Y376,남원읍,495050.0,163.0
14006,2019-09,W6Y376,남원읍,579200.0,153.0
14007,2019-10,W6Y376,남원읍,422700.0,135.0
14008,2019-11,W6Y376,남원읍,685400.0,150.0
14009,2019-12,W6Y376,남원읍,797700.0,157.0
14010,2020-01,W6Y376,남원읍,793500.0,158.0
14011,2020-02,W6Y376,남원읍,834700.0,126.0
14012,2020-03,W6Y376,남원읍,654800.0,162.0
14013,2020-04,W6Y376,남원읍,704450.0,176.0
14014,2020-05,W6Y376,남원읍,941700.0,170.0
14015,2020-06,W6Y376,남원읍,1420650.0,243.0
14016,2020-07,W6Y376,남원읍,1439050.0,283.0
14017,2020-08,W6Y376,남원읍,1504550.0,247.0
14018,2020-09,W6Y376,남원읍,1122050.0,224.0
14019,2020-10,W6Y376,남원읍,1167000.0,220.0
14020,2020-11,W6Y376,남원읍,1268250.0,243.0
14021,2020-12,W6Y376,남원읍,1225450.0,251.0
14022,2021-01,W6Y376,남원읍,1535200.0,253.0
14023,2021-02,W6Y376,남원읍,1067850.0,214.0
14024,2021-03,W6Y376,남원읍,954300.0,229.0
14025,2021-04,W6Y376,남원읍,,
14026,2021-05,W6Y376,남원읍,1353300.0,236.0
14027,2021-06,W6Y376,남원읍,1240050.0,267.0
14028,2018-01,W6Y377,남원읍,287550.0,85.0
14029,2018-02,W6Y377,남원읍,262700.0,73.0
14030,2018-03,W6Y377,남원읍,369650.0,105.0
14031,2018-04,W6Y377,남원읍,278100.0,86.0
14032,2018-05,W6Y377,남원읍,335650.0,114.0
14033,2018-06,W6Y377,남원읍,325300.0,102.0
14034,2018-07,W6Y377,남원읍,435000.0,133.0
14035,2018-08,W6Y377,남원읍,514850.0,156.0
14036,2018-09,W6Y377,남원읍,549400.0,142.0
14037,2018-10,W6Y377,남원읍,636300.0,128.0
14038,2018-11,W6Y377,남원읍,637800.0,128.0
14039,2018-12,W6Y377,남원읍,702600.0,118.0
14040,2019-01,W6Y377,남원읍,35950.0,6.0
14041,2019-02,W6Y377,남원읍,,
14042,2019-03,W6Y377,남원읍,,
14043,2019-04,W6Y377,남원읍,,
14044,2019-05,W6Y377,남원읍,606200.0,132.0
14045,2019-06,W6Y377,남원읍,812700.0,150.0
14046,2019-07,W6Y377,남원읍,813800.0,170.0
14047,2019-08,W6Y377,남원읍,397550.0,125.0
14048,2019-09,W6Y377,남원읍,342700.0,129.0
14049,2019-10,W6Y377,남원읍,350100.0,133.0
14050,2019-11,W6Y377,남원읍,319950.0,106.0
14051,2019-12,W6Y377,남원읍,357100.0,117.0
14052,2020-01,W6Y377,남원읍,425450.0,108.0
14053,2020-02,W6Y377,남원읍,347200.0,109.0
14054,2020-03,W6Y377,남원읍,377200.0,120.0
14055,2020-04,W6Y377,남원읍,416900.0,122.0
14056,2020-05,W6Y377,남원읍,391050.0,135.0
14057,2020-06,W6Y377,남원읍,618900.0,225.0
14058,2020-07,W6Y377,남원읍,562700.0,218.0
14059,2020-08,W6Y377,남원읍,538550.0,207.0
14060,2020-09,W6Y377,남원읍,416450.0,180.0
14061,2020-10,W6Y377,남원읍,410850.0,168.0
14062,2020-11,W6Y377,남원읍,537250.0,150.0
14063,2020-12,W6Y377,남원읍,522000.0,165.0
14064,2021-01,W6Y377,남원읍,515750.0,171.0
14065,2021-02,W6Y377,남원읍,507000.0,167.0
14066,2021-03,W6Y377,남원읍,481200.0,167.0
14067,2021-04,W6Y377,남원읍,,
14068,2021-05,W6Y377,남원읍,384200.0,163.0
14069,2021-06,W6Y377,남원읍,503350.0,204.0
14070,2018-01,W6Y378,남원읍,571250.0,87.0
14071,2018-02,W6Y378,남원읍,419150.0,73.0
14072,2018-03,W6Y378,남원읍,542500.0,94.0
14073,2018-04,W6Y378,남원읍,416950.0,80.0
14074,2018-05,W6Y378,남원읍,458550.0,98.0
14075,2018-06,W6Y378,남원읍,401800.0,95.0
14076,2018-07,W6Y378,남원읍,456100.0,112.0
14077,2018-08,W6Y378,남원읍,376150.0,86.0
14078,2018-09,W6Y378,남원읍,,
14079,2018-10,W6Y378,남원읍,500450.0,74.0
14080,2018-11,W6Y378,남원읍,1138000.0,188.0
14081,2018-12,W6Y378,남원읍,1265400.0,182.0
14082,2019-01,W6Y378,남원읍,1367050.0,182.0
14083,2019-02,W6Y378,남원읍,492650.0,80.0
14084,2019-03,W6Y378,남원읍,130950.0,21.0
14085,2019-04,W6Y378,남원읍,,
14086,2019-05,W6Y378,남원읍,1124900.0,175.0
14087,2019-06,W6Y378,남원읍,1221600.0,221.0
14088,2019-07,W6Y378,남원읍,1167200.0,229.0
14089,2019-08,W6Y378,남원읍,1098650.0,226.0
14090,2019-09,W6Y378,남원읍,961900.0,222.0
14091,2019-10,W6Y378,남원읍,1204500.0,242.0
14092,2019-11,W6Y378,남원읍,1190500.0,235.0
14093,2019-12,W6Y378,남원읍,1492900.0,229.0
14094,2020-01,W6Y378,남원읍,1230050.0,231.0
14095,2020-02,W6Y378,남원읍,1074450.0,179.0
14096,2020-03,W6Y378,남원읍,1249800.0,218.0
14097,2020-04,W6Y378,남원읍,1088350.0,214.0
14098,2020-05,W6Y378,남원읍,1180450.0,241.0
14099,2020-06,W6Y378,남원읍,1132000.0,235.0
14100,2020-07,W6Y378,남원읍,1146800.0,261.0
14101,2020-08,W6Y378,남원읍,1133150.0,272.0
14102,2020-09,W6Y378,남원읍,832300.0,204.0
14103,2020-10,W6Y378,남원읍,873400.0,200.0
14104,2020-11,W6Y378,남원읍,1111650.0,201.0
14105,2020-12,W6Y378,남원읍,1368050.0,223.0
14106,2021-01,W6Y378,남원읍,1196200.0,204.0
14107,2021-02,W6Y378,남원읍,938850.0,166.0
14108,2021-03,W6Y378,남원읍,1072650.0,196.0
14109,2021-04,W6Y378,남원읍,,
14110,2021-05,W6Y378,남원읍,1082200.0,239.0
14111,2021-06,W6Y378,남원읍,1618350.0,262.0
14112,2018-01,W6Y379,남원읍,28000.0,9.0
14113,2018-02,W6Y379,남원읍,,
14114,2018-03,W6Y379,남원읍,,
14115,2018-04,W6Y379,남원읍,,
14116,2018-05,W6Y379,남원읍,,
14117,2018-06,W6Y379,남원읍,,
14118,2018-07,W6Y379,남원읍,,
14119,2018-08,W6Y379,남원읍,,
14120,2018-09,W6Y379,남원읍,,
14121,2018-10,W6Y379,남원읍,,
14122,2018-11,W6Y379,남원읍,,
14123,2018-12,W6Y379,남원읍,,
14124,2019-01,W6Y379,남원읍,,
14125,2019-02,W6Y379,남원읍,,
14126,2019-03,W6Y379,남원읍,,
14127,2019-04,W6Y379,남원읍,,
14128,2019-05,W6Y379,남원읍,582050.0,87.0
14129,2019-06,W6Y379,남원읍,551200.0,113.0
14130,2019-07,W6Y379,남원읍,517650.0,128.0
14131,2019-08,W6Y379,남원읍,402550.0,89.0
14132,2019-09,W6Y379,남원읍,369750.0,87.0
14133,2019-10,W6Y379,남원읍,411050.0,91.0
14134,2019-11,W6Y379,남원읍,413950.0,78.0
14135,2019-12,W6Y379,남원읍,335900.0,80.0
14136,2020-01,W6Y379,남원읍,403250.0,72.0
14137,2020-02,W6Y379,남원읍,343850.0,67.0
14138,2020-03,W6Y379,남원읍,284050.0,72.0
14139,2020-04,W6Y379,남원읍,242750.0,74.0
14140,2020-05,W6Y379,남원읍,154650.0,56.0
14141,2020-06,W6Y379,남원읍,256800.0,66.0
14142,2020-07,W6Y379,남원읍,288750.0,84.0
14143,2020-08,W6Y379,남원읍,216750.0,69.0
14144,2020-09,W6Y379,남원읍,288250.0,82.0
14145,2020-10,W6Y379,남원읍,249100.0,79.0
14146,2020-11,W6Y379,남원읍,251650.0,73.0
14147,2020-12,W6Y379,남원읍,251600.0,84.0
14148,2021-01,W6Y379,남원읍,326900.0,79.0
14149,2021-02,W6Y379,남원읍,309500.0,69.0
14150,2021-03,W6Y379,남원읍,547900.0,81.0
14151,2021-04,W6Y379,남원읍,,
14152,2021-05,W6Y379,남원읍,313200.0,81.0
14153,2021-06,W6Y379,남원읍,173500.0,51.0
14154,2018-01,W6Y380,남원읍,608500.0,179.0
14155,2018-02,W6Y380,남원읍,509050.0,160.0
14156,2018-03,W6Y380,남원읍,627850.0,170.0
14157,2018-04,W6Y380,남원읍,501100.0,125.0
14158,2018-05,W6Y380,남원읍,636300.0,156.0
14159,2018-06,W6Y380,남원읍,798600.0,209.0
14160,2018-07,W6Y380,남원읍,781500.0,179.0
14161,2018-08,W6Y380,남원읍,588850.0,160.0
14162,2018-09,W6Y380,남원읍,597500.0,181.0
14163,2018-10,W6Y380,남원읍,593250.0,162.0
14164,2018-11,W6Y380,남원읍,528600.0,134.0
14165,2018-12,W6Y380,남원읍,572900.0,146.0
14166,2019-01,W6Y380,남원읍,69550.0,20.0
14167,2019-02,W6Y380,남원읍,,
14168,2019-03,W6Y380,남원읍,,
14169,2019-04,W6Y380,남원읍,,
14170,2019-05,W6Y380,남원읍,303100.0,85.0
14171,2019-06,W6Y380,남원읍,458800.0,146.0
14172,2019-07,W6Y380,남원읍,531350.0,137.0
14173,2019-08,W6Y380,남원읍,502050.0,173.0
14174,2019-09,W6Y380,남원읍,459650.0,165.0
14175,2019-10,W6Y380,남원읍,541050.0,164.0
14176,2019-11,W6Y380,남원읍,637100.0,144.0
14177,2019-12,W6Y380,남원읍,523100.0,132.0
14178,2020-01,W6Y380,남원읍,528250.0,133.0
14179,2020-02,W6Y380,남원읍,495200.0,98.0
14180,2020-03,W6Y380,남원읍,484500.0,130.0
14181,2020-04,W6Y380,남원읍,354150.0,98.0
14182,2020-05,W6Y380,남원읍,471250.0,146.0
14183,2020-06,W6Y380,남원읍,629350.0,166.0
14184,2020-07,W6Y380,남원읍,769350.0,193.0
14185,2020-08,W6Y380,남원읍,763650.0,176.0
14186,2020-09,W6Y380,남원읍,818250.0,202.0
14187,2020-10,W6Y380,남원읍,707600.0,183.0
14188,2020-11,W6Y380,남원읍,509750.0,150.0
14189,2020-12,W6Y380,남원읍,504350.0,157.0
14190,2021-01,W6Y380,남원읍,660750.0,179.0
14191,2021-02,W6Y380,남원읍,787300.0,174.0
14192,2021-03,W6Y380,남원읍,912350.0,201.0
14193,2021-04,W6Y380,남원읍,,
14194,2021-05,W6Y380,남원읍,773350.0,223.0
14195,2021-06,W6Y380,남원읍,741950.0,219.0
14196,2018-01,W6Y381,남원읍,130800.0,38.0
14197,2018-02,W6Y381,남원읍,104100.0,31.0
14198,2018-03,W6Y381,남원읍,109650.0,48.0
14199,2018-04,W6Y381,남원읍,191500.0,50.0
14200,2018-05,W6Y381,남원읍,235250.0,68.0
14201,2018-06,W6Y381,남원읍,198450.0,63.0
14202,2018-07,W6Y381,남원읍,237900.0,60.0
14203,2018-08,W6Y381,남원읍,235400.0,78.0
14204,2018-09,W6Y381,남원읍,160550.0,54.0
14205,2018-10,W6Y381,남원읍,240850.0,71.0
14206,2018-11,W6Y381,남원읍,152000.0,53.0
14207,2018-12,W6Y381,남원읍,114750.0,32.0
14208,2019-01,W6Y381,남원읍,20700.0,6.0
14209,2019-02,W6Y381,남원읍,,
14210,2019-03,W6Y381,남원읍,,
14211,2019-04,W6Y381,남원읍,,
14212,2019-05,W6Y381,남원읍,275350.0,74.0
14213,2019-06,W6Y381,남원읍,293600.0,85.0
14214,2019-07,W6Y381,남원읍,348750.0,92.0
14215,2019-08,W6Y381,남원읍,335750.0,95.0
14216,2019-09,W6Y381,남원읍,285100.0,86.0
14217,2019-10,W6Y381,남원읍,330650.0,93.0
14218,2019-11,W6Y381,남원읍,279350.0,83.0
14219,2019-12,W6Y381,남원읍,328300.0,92.0
14220,2020-01,W6Y381,남원읍,321950.0,90.0
14221,2020-02,W6Y381,남원읍,358350.0,81.0
14222,2020-03,W6Y381,남원읍,343800.0,89.0
14223,2020-04,W6Y381,남원읍,431650.0,103.0
14224,2020-05,W6Y381,남원읍,382350.0,95.0
14225,2020-06,W6Y381,남원읍,373850.0,106.0
14226,2020-07,W6Y381,남원읍,498700.0,122.0
14227,2020-08,W6Y381,남원읍,976750.0,253.0
14228,2020-09,W6Y381,남원읍,720400.0,242.0
14229,2020-10,W6Y381,남원읍,562600.0,174.0
14230,2020-11,W6Y381,남원읍,441350.0,148.0
14231,2020-12,W6Y381,남원읍,666200.0,167.0
14232,2021-01,W6Y381,남원읍,486050.0,121.0
14233,2021-02,W6Y381,남원읍,671650.0,149.0
14234,2021-03,W6Y381,남원읍,733550.0,177.0
14235,2021-04,W6Y381,남원읍,,
14236,2021-05,W6Y381,남원읍,830800.0,261.0
14237,2021-06,W6Y381,남원읍,892100.0,321.0
14238,2018-01,W6Y382,남원읍,84450.0,31.0
14239,2018-02,W6Y382,남원읍,,
14240,2018-03,W6Y382,남원읍,,
14241,2018-04,W6Y382,남원읍,,
14242,2018-05,W6Y382,남원읍,,
14243,2018-06,W6Y382,남원읍,,
14244,2018-07,W6Y382,남원읍,,
14245,2018-08,W6Y382,남원읍,,
14246,2018-09,W6Y382,남원읍,,
14247,2018-10,W6Y382,남원읍,,
14248,2018-11,W6Y382,남원읍,,
14249,2018-12,W6Y382,남원읍,,
14250,2019-01,W6Y382,남원읍,,
14251,2019-02,W6Y382,남원읍,,
14252,2019-03,W6Y382,남원읍,,
14253,2019-04,W6Y382,남원읍,,
14254,2019-05,W6Y382,남원읍,394800.0,102.0
14255,2019-06,W6Y382,남원읍,523100.0,142.0
14256,2019-07,W6Y382,남원읍,629550.0,161.0
14257,2019-08,W6Y382,남원읍,764250.0,193.0
14258,2019-09,W6Y382,남원읍,595850.0,166.0
14259,2019-10,W6Y382,남원읍,534750.0,179.0
14260,2019-11,W6Y382,남원읍,610800.0,159.0
14261,2019-12,W6Y382,남원읍,634600.0,147.0
14262,2020-01,W6Y382,남원읍,482100.0,152.0
14263,2020-02,W6Y382,남원읍,365900.0,116.0
14264,2020-03,W6Y382,남원읍,474350.0,123.0
14265,2020-04,W6Y382,남원읍,442100.0,132.0
14266,2020-05,W6Y382,남원읍,555500.0,177.0
14267,2020-06,W6Y382,남원읍,614850.0,204.0
14268,2020-07,W6Y382,남원읍,517000.0,172.0
14269,2020-08,W6Y382,남원읍,629200.0,189.0
14270,2020-09,W6Y382,남원읍,322700.0,143.0
14271,2020-10,W6Y382,남원읍,505500.0,153.0
14272,2020-11,W6Y382,남원읍,263400.0,72.0
14273,2020-12,W6Y382,남원읍,506850.0,174.0
14274,2021-01,W6Y382,남원읍,424050.0,136.0
14275,2021-02,W6Y382,남원읍,372400.0,131.0
14276,2021-03,W6Y382,남원읍,536000.0,163.0
14277,2021-04,W6Y382,남원읍,,
14278,2021-05,W6Y382,남원읍,709900.0,175.0
14279,2021-06,W6Y382,남원읍,634250.0,200.0
14280,2018-01,W6Y383,남원읍,1979900.0,424.0
14281,2018-02,W6Y383,남원읍,1828900.0,402.0
14282,2018-03,W6Y383,남원읍,1999950.0,464.0
14283,2018-04,W6Y383,남원읍,2007700.0,459.0
14284,2018-05,W6Y383,남원읍,2124000.0,548.0
14285,2018-06,W6Y383,남원읍,2061250.0,548.0
14286,2018-07,W6Y383,남원읍,2347950.0,623.0
14287,2018-08,W6Y383,남원읍,2041550.0,587.0
14288,2018-09,W6Y383,남원읍,1861200.0,559.0
14289,2018-10,W6Y383,남원읍,1770800.0,515.0
14290,2018-11,W6Y383,남원읍,1879350.0,560.0
14291,2018-12,W6Y383,남원읍,1938350.0,530.0
14292,2019-01,W6Y383,남원읍,2289700.0,524.0
14293,2019-02,W6Y383,남원읍,1332000.0,316.0
14294,2019-03,W6Y383,남원읍,,
14295,2019-04,W6Y383,남원읍,,
14296,2019-05,W6Y383,남원읍,1386700.0,375.0
14297,2019-06,W6Y383,남원읍,2128350.0,547.0
14298,2019-07,W6Y383,남원읍,1896900.0,591.0
14299,2019-08,W6Y383,남원읍,2294900.0,687.0
14300,2019-09,W6Y383,남원읍,2122550.0,630.0
14301,2019-10,W6Y383,남원읍,2232650.0,589.0
14302,2019-11,W6Y383,남원읍,1965750.0,517.0
14303,2019-12,W6Y383,남원읍,1932400.0,453.0
14304,2020-01,W6Y383,남원읍,2678300.0,533.0
14305,2020-02,W6Y383,남원읍,2546250.0,564.0
14306,2020-03,W6Y383,남원읍,2374100.0,578.0
14307,2020-04,W6Y383,남원읍,2384250.0,532.0
14308,2020-05,W6Y383,남원읍,2319750.0,576.0
14309,2020-06,W6Y383,남원읍,2276950.0,531.0
14310,2020-07,W6Y383,남원읍,2575250.0,718.0
14311,2020-08,W6Y383,남원읍,3440400.0,902.0
14312,2020-09,W6Y383,남원읍,3111650.0,859.0
14313,2020-10,W6Y383,남원읍,3140450.0,820.0
14314,2020-11,W6Y383,남원읍,2993000.0,804.0
14315,2020-12,W6Y383,남원읍,3500650.0,782.0
14316,2021-01,W6Y383,남원읍,3458550.0,791.0
14317,2021-02,W6Y383,남원읍,2901100.0,672.0
14318,2021-03,W6Y383,남원읍,3384200.0,774.0
14319,2021-04,W6Y383,남원읍,,
14320,2021-05,W6Y383,남원읍,3147400.0,771.0
14321,2021-06,W6Y383,남원읍,3867450.0,950.0
14322,2018-01,W6Y384,남원읍,2641400.0,583.0
14323,2018-02,W6Y384,남원읍,2245500.0,478.0
14324,2018-03,W6Y384,남원읍,2693900.0,538.0
14325,2018-04,W6Y384,남원읍,2650900.0,570.0
14326,2018-05,W6Y384,남원읍,2407400.0,599.0
14327,2018-06,W6Y384,남원읍,2395100.0,741.0
14328,2018-07,W6Y384,남원읍,2844250.0,782.0
14329,2018-08,W6Y384,남원읍,2724400.0,740.0
14330,2018-09,W6Y384,남원읍,2464900.0,684.0
14331,2018-10,W6Y384,남원읍,2371100.0,686.0
14332,2018-11,W6Y384,남원읍,2560300.0,629.0
14333,2018-12,W6Y384,남원읍,2824650.0,590.0
14334,2019-01,W6Y384,남원읍,2458400.0,476.0
14335,2019-02,W6Y384,남원읍,1009850.0,206.0
14336,2019-03,W6Y384,남원읍,743800.0,141.0
14337,2019-04,W6Y384,남원읍,780450.0,198.0
14338,2019-05,W6Y384,남원읍,2323250.0,605.0
14339,2019-06,W6Y384,남원읍,2859100.0,809.0
14340,2019-07,W6Y384,남원읍,3636300.0,1069.0
14341,2019-08,W6Y384,남원읍,4086250.0,1118.0
14342,2019-09,W6Y384,남원읍,3350650.0,979.0
14343,2019-10,W6Y384,남원읍,3020350.0,922.0
14344,2019-11,W6Y384,남원읍,3206100.0,857.0
14345,2019-12,W6Y384,남원읍,3169000.0,813.0
14346,2020-01,W6Y384,남원읍,3519650.0,791.0
14347,2020-02,W6Y384,남원읍,3049600.0,750.0
14348,2020-03,W6Y384,남원읍,2808350.0,785.0
14349,2020-04,W6Y384,남원읍,2988400.0,741.0
14350,2020-05,W6Y384,남원읍,2879950.0,815.0
14351,2020-06,W6Y384,남원읍,2856700.0,816.0
14352,2020-07,W6Y384,남원읍,3695700.0,965.0
14353,2020-08,W6Y384,남원읍,4907150.0,964.0
14354,2020-09,W6Y384,남원읍,3470800.0,806.0
14355,2020-10,W6Y384,남원읍,3386000.0,815.0
14356,2020-11,W6Y384,남원읍,2787350.0,567.0
14357,2020-12,W6Y384,남원읍,3407050.0,761.0
14358,2021-01,W6Y384,남원읍,3133700.0,727.0
14359,2021-02,W6Y384,남원읍,3073800.0,677.0
14360,2021-03,W6Y384,남원읍,3176300.0,687.0
14361,2021-04,W6Y384,남원읍,,
14362,2021-05,W6Y384,남원읍,3550700.0,851.0
14363,2021-06,W6Y384,남원읍,3468350.0,832.0
14364,2018-01,W6Y385,남원읍,710850.0,213.0
14365,2018-02,W6Y385,남원읍,841300.0,211.0
14366,2018-03,W6Y385,남원읍,1084150.0,273.0
14367,2018-04,W6Y385,남원읍,860600.0,276.0
14368,2018-05,W6Y385,남원읍,908350.0,322.0
14369,2018-06,W6Y385,남원읍,897950.0,318.0
14370,2018-07,W6Y385,남원읍,1152050.0,396.0
14371,2018-08,W6Y385,남원읍,1304000.0,386.0
14372,2018-09,W6Y385,남원읍,934800.0,301.0
14373,2018-10,W6Y385,남원읍,985850.0,276.0
14374,2018-11,W6Y385,남원읍,1087800.0,261.0
14375,2018-12,W6Y385,남원읍,1043850.0,226.0
14376,2019-01,W6Y385,남원읍,950700.0,243.0
14377,2019-02,W6Y385,남원읍,702650.0,170.0
14378,2019-03,W6Y385,남원읍,847700.0,186.0
14379,2019-04,W6Y385,남원읍,655250.0,183.0
14380,2019-05,W6Y385,남원읍,920750.0,282.0
14381,2019-06,W6Y385,남원읍,1449800.0,346.0
14382,2019-07,W6Y385,남원읍,1296950.0,378.0
14383,2019-08,W6Y385,남원읍,1137500.0,364.0
14384,2019-09,W6Y385,남원읍,1220450.0,266.0
14385,2019-10,W6Y385,남원읍,709500.0,176.0
14386,2019-11,W6Y385,남원읍,666150.0,180.0
14387,2019-12,W6Y385,남원읍,682650.0,182.0
14388,2020-01,W6Y385,남원읍,725300.0,210.0
14389,2020-02,W6Y385,남원읍,571500.0,170.0
14390,2020-03,W6Y385,남원읍,554100.0,190.0
14391,2020-04,W6Y385,남원읍,763550.0,194.0
14392,2020-05,W6Y385,남원읍,747250.0,216.0
14393,2020-06,W6Y385,남원읍,674050.0,251.0
14394,2020-07,W6Y385,남원읍,800800.0,287.0
14395,2020-08,W6Y385,남원읍,1396200.0,481.0
14396,2020-09,W6Y385,남원읍,905300.0,361.0
14397,2020-10,W6Y385,남원읍,235600.0,100.0
14398,2020-11,W6Y385,남원읍,,
14399,2020-12,W6Y385,남원읍,,
14400,2021-01,W6Y385,남원읍,,
14401,2021-02,W6Y385,남원읍,,
14402,2021-03,W6Y385,남원읍,,
14403,2021-04,W6Y385,남원읍,,
14404,2021-05,W6Y385,남원읍,,
14405,2021-06,W6Y385,남원읍,,
14406,2018-01,W6Y386,남원읍,752250.0,246.0
14407,2018-02,W6Y386,남원읍,791650.0,232.0
14408,2018-03,W6Y386,남원읍,804150.0,242.0
14409,2018-04,W6Y386,남원읍,912300.0,242.0
14410,2018-05,W6Y386,남원읍,855700.0,277.0
14411,2018-06,W6Y386,남원읍,898200.0,261.0
14412,2018-07,W6Y386,남원읍,966650.0,272.0
14413,2018-08,W6Y386,남원읍,977600.0,287.0
14414,2018-09,W6Y386,남원읍,820050.0,253.0
14415,2018-10,W6Y386,남원읍,673700.0,206.0
14416,2018-11,W6Y386,남원읍,557300.0,194.0
14417,2018-12,W6Y386,남원읍,833100.0,213.0
14418,2019-01,W6Y386,남원읍,964900.0,248.0
14419,2019-02,W6Y386,남원읍,635300.0,165.0
14420,2019-03,W6Y386,남원읍,335350.0,74.0
14421,2019-04,W6Y386,남원읍,234100.0,69.0
14422,2019-05,W6Y386,남원읍,700000.0,203.0
14423,2019-06,W6Y386,남원읍,867750.0,271.0
14424,2019-07,W6Y386,남원읍,1161900.0,316.0
14425,2019-08,W6Y386,남원읍,1059650.0,361.0
14426,2019-09,W6Y386,남원읍,876500.0,287.0
14427,2019-10,W6Y386,남원읍,791600.0,280.0
14428,2019-11,W6Y386,남원읍,816600.0,250.0
14429,2019-12,W6Y386,남원읍,1024400.0,269.0
14430,2020-01,W6Y386,남원읍,1177350.0,316.0
14431,2020-02,W6Y386,남원읍,759350.0,211.0
14432,2020-03,W6Y386,남원읍,739000.0,250.0
14433,2020-04,W6Y386,남원읍,749050.0,264.0
14434,2020-05,W6Y386,남원읍,977750.0,328.0
14435,2020-06,W6Y386,남원읍,952350.0,315.0
14436,2020-07,W6Y386,남원읍,1205400.0,343.0
14437,2020-08,W6Y386,남원읍,1547200.0,448.0
14438,2020-09,W6Y386,남원읍,1081500.0,351.0
14439,2020-10,W6Y386,남원읍,1032150.0,326.0
14440,2020-11,W6Y386,남원읍,956900.0,331.0
14441,2020-12,W6Y386,남원읍,951650.0,298.0
14442,2021-01,W6Y386,남원읍,817900.0,295.0
14443,2021-02,W6Y386,남원읍,918450.0,311.0
14444,2021-03,W6Y386,남원읍,922950.0,345.0
14445,2021-04,W6Y386,남원읍,,
14446,2021-05,W6Y386,남원읍,1032300.0,355.0
14447,2021-06,W6Y386,남원읍,987650.0,334.0
14448,2018-01,W6Y387,남원읍,448050.0,203.0
14449,2018-02,W6Y387,남원읍,479600.0,206.0
14450,2018-03,W6Y387,남원읍,462400.0,216.0
14451,2018-04,W6Y387,남원읍,382150.0,196.0
14452,2018-05,W6Y387,남원읍,497450.0,264.0
14453,2018-06,W6Y387,남원읍,475400.0,254.0
14454,2018-07,W6Y387,남원읍,476400.0,272.0
14455,2018-08,W6Y387,남원읍,496650.0,253.0
14456,2018-09,W6Y387,남원읍,450850.0,196.0
14457,2018-10,W6Y387,남원읍,496000.0,169.0
14458,2018-11,W6Y387,남원읍,535400.0,159.0
14459,2018-12,W6Y387,남원읍,586050.0,171.0
14460,2019-01,W6Y387,남원읍,626450.0,189.0
14461,2019-02,W6Y387,남원읍,411750.0,136.0
14462,2019-03,W6Y387,남원읍,248500.0,74.0
14463,2019-04,W6Y387,남원읍,257800.0,82.0
14464,2019-05,W6Y387,남원읍,431350.0,179.0
14465,2019-06,W6Y387,남원읍,464900.0,221.0
14466,2019-07,W6Y387,남원읍,527800.0,209.0
14467,2019-08,W6Y387,남원읍,528650.0,226.0
14468,2019-09,W6Y387,남원읍,525550.0,238.0
14469,2019-10,W6Y387,남원읍,513850.0,257.0
14470,2019-11,W6Y387,남원읍,551100.0,259.0
14471,2019-12,W6Y387,남원읍,567800.0,242.0
14472,2020-01,W6Y387,남원읍,786200.0,288.0
14473,2020-02,W6Y387,남원읍,730700.0,277.0
14474,2020-03,W6Y387,남원읍,617700.0,280.0
14475,2020-04,W6Y387,남원읍,545400.0,260.0
14476,2020-05,W6Y387,남원읍,726900.0,328.0
14477,2020-06,W6Y387,남원읍,598650.0,312.0
14478,2020-07,W6Y387,남원읍,649550.0,342.0
14479,2020-08,W6Y387,남원읍,541050.0,306.0
14480,2020-09,W6Y387,남원읍,577150.0,313.0
14481,2020-10,W6Y387,남원읍,573500.0,292.0
14482,2020-11,W6Y387,남원읍,628300.0,282.0
14483,2020-12,W6Y387,남원읍,590950.0,254.0
14484,2021-01,W6Y387,남원읍,653950.0,250.0
14485,2021-02,W6Y387,남원읍,633250.0,228.0
14486,2021-03,W6Y387,남원읍,657550.0,245.0
14487,2021-04,W6Y387,남원읍,,
14488,2021-05,W6Y387,남원읍,1042050.0,328.0
14489,2021-06,W6Y387,남원읍,1072000.0,318.0
14490,2018-01,W6Y388,남원읍,895450.0,224.0
14491,2018-02,W6Y388,남원읍,785050.0,202.0
14492,2018-03,W6Y388,남원읍,840700.0,231.0
14493,2018-04,W6Y388,남원읍,812350.0,252.0
14494,2018-05,W6Y388,남원읍,656500.0,239.0
14495,2018-06,W6Y388,남원읍,674900.0,285.0
14496,2018-07,W6Y388,남원읍,1056200.0,382.0
14497,2018-08,W6Y388,남원읍,1008100.0,345.0
14498,2018-09,W6Y388,남원읍,921900.0,327.0
14499,2018-10,W6Y388,남원읍,696950.0,260.0
14500,2018-11,W6Y388,남원읍,638250.0,215.0
14501,2018-12,W6Y388,남원읍,788850.0,204.0
14502,2019-01,W6Y388,남원읍,896300.0,214.0
14503,2019-02,W6Y388,남원읍,764350.0,192.0
14504,2019-03,W6Y388,남원읍,304400.0,78.0
14505,2019-04,W6Y388,남원읍,280850.0,77.0
14506,2019-05,W6Y388,남원읍,540800.0,177.0
14507,2019-06,W6Y388,남원읍,702850.0,222.0
14508,2019-07,W6Y388,남원읍,1187400.0,268.0
14509,2019-08,W6Y388,남원읍,1012600.0,294.0
14510,2019-09,W6Y388,남원읍,887000.0,256.0
14511,2019-10,W6Y388,남원읍,782750.0,227.0
14512,2019-11,W6Y388,남원읍,795850.0,207.0
14513,2019-12,W6Y388,남원읍,828250.0,195.0
14514,2020-01,W6Y388,남원읍,784600.0,176.0
14515,2020-02,W6Y388,남원읍,791750.0,189.0
14516,2020-03,W6Y388,남원읍,1003400.0,202.0
14517,2020-04,W6Y388,남원읍,567450.0,161.0
14518,2020-05,W6Y388,남원읍,549450.0,189.0
14519,2020-06,W6Y388,남원읍,784250.0,241.0
14520,2020-07,W6Y388,남원읍,848450.0,260.0
14521,2020-08,W6Y388,남원읍,808100.0,272.0
14522,2020-09,W6Y388,남원읍,734150.0,260.0
14523,2020-10,W6Y388,남원읍,724600.0,241.0
14524,2020-11,W6Y388,남원읍,595900.0,198.0
14525,2020-12,W6Y388,남원읍,742900.0,209.0
14526,2021-01,W6Y388,남원읍,676550.0,219.0
14527,2021-02,W6Y388,남원읍,782950.0,214.0
14528,2021-03,W6Y388,남원읍,724350.0,213.0
14529,2021-04,W6Y388,남원읍,,
14530,2021-05,W6Y388,남원읍,893550.0,296.0
14531,2021-06,W6Y388,남원읍,870200.0,318.0
14532,2018-01,W6Y389,남원읍,284850.0,83.0
14533,2018-02,W6Y389,남원읍,262000.0,79.0
14534,2018-03,W6Y389,남원읍,228850.0,68.0
14535,2018-04,W6Y389,남원읍,212900.0,81.0
14536,2018-05,W6Y389,남원읍,237550.0,79.0
14537,2018-06,W6Y389,남원읍,267300.0,101.0
14538,2018-07,W6Y389,남원읍,393950.0,144.0
14539,2018-08,W6Y389,남원읍,348750.0,141.0
14540,2018-09,W6Y389,남원읍,328350.0,110.0
14541,2018-10,W6Y389,남원읍,166500.0,77.0
14542,2018-11,W6Y389,남원읍,258250.0,87.0
14543,2018-12,W6Y389,남원읍,218700.0,77.0
14544,2019-01,W6Y389,남원읍,45400.0,12.0
14545,2019-02,W6Y389,남원읍,,
14546,2019-03,W6Y389,남원읍,,
14547,2019-04,W6Y389,남원읍,,
14548,2019-05,W6Y389,남원읍,176950.0,60.0
14549,2019-06,W6Y389,남원읍,309450.0,91.0
14550,2019-07,W6Y389,남원읍,412000.0,133.0
14551,2019-08,W6Y389,남원읍,333050.0,122.0
14552,2019-09,W6Y389,남원읍,389450.0,145.0
14553,2019-10,W6Y389,남원읍,319850.0,112.0
14554,2019-11,W6Y389,남원읍,296300.0,95.0
14555,2019-12,W6Y389,남원읍,255750.0,95.0
14556,2020-01,W6Y389,남원읍,294350.0,101.0
14557,2020-02,W6Y389,남원읍,334400.0,112.0
14558,2020-03,W6Y389,남원읍,408550.0,156.0
14559,2020-04,W6Y389,남원읍,493900.0,134.0
14560,2020-05,W6Y389,남원읍,826450.0,181.0
14561,2020-06,W6Y389,남원읍,737600.0,153.0
14562,2020-07,W6Y389,남원읍,680350.0,151.0
14563,2020-08,W6Y389,남원읍,749450.0,179.0
14564,2020-09,W6Y389,남원읍,668350.0,140.0
14565,2020-10,W6Y389,남원읍,678700.0,152.0
14566,2020-11,W6Y389,남원읍,613250.0,113.0
14567,2020-12,W6Y389,남원읍,566450.0,121.0
14568,2021-01,W6Y389,남원읍,80400.0,18.0
14569,2021-02,W6Y389,남원읍,,
14570,2021-03,W6Y389,남원읍,,
14571,2021-04,W6Y389,남원읍,,
14572,2021-05,W6Y389,남원읍,,
14573,2021-06,W6Y389,남원읍,,
14574,2018-01,W6Y390,남원읍,713700.0,143.0
14575,2018-02,W6Y390,남원읍,433750.0,104.0
14576,2018-03,W6Y390,남원읍,431450.0,114.0
14577,2018-04,W6Y390,남원읍,360650.0,95.0
14578,2018-05,W6Y390,남원읍,653200.0,149.0
14579,2018-06,W6Y390,남원읍,806550.0,164.0
14580,2018-07,W6Y390,남원읍,1070850.0,219.0
14581,2018-08,W6Y390,남원읍,1247500.0,219.0
14582,2018-09,W6Y390,남원읍,1125900.0,255.0
14583,2018-10,W6Y390,남원읍,742550.0,184.0
14584,2018-11,W6Y390,남원읍,547450.0,145.0
14585,2018-12,W6Y390,남원읍,748350.0,167.0
14586,2019-01,W6Y390,남원읍,365500.0,97.0
14587,2019-02,W6Y390,남원읍,237950.0,49.0
14588,2019-03,W6Y390,남원읍,,
14589,2019-04,W6Y390,남원읍,,
14590,2019-05,W6Y390,남원읍,382100.0,100.0
14591,2019-06,W6Y390,남원읍,591850.0,156.0
14592,2019-07,W6Y390,남원읍,767250.0,174.0
14593,2019-08,W6Y390,남원읍,670550.0,221.0
14594,2019-09,W6Y390,남원읍,474050.0,174.0
14595,2019-10,W6Y390,남원읍,392300.0,183.0
14596,2019-11,W6Y390,남원읍,424200.0,189.0
14597,2019-12,W6Y390,남원읍,535150.0,169.0
14598,2020-01,W6Y390,남원읍,558550.0,177.0
14599,2020-02,W6Y390,남원읍,549750.0,166.0
14600,2020-03,W6Y390,남원읍,550750.0,182.0
14601,2020-04,W6Y390,남원읍,539150.0,178.0
14602,2020-05,W6Y390,남원읍,540650.0,184.0
14603,2020-06,W6Y390,남원읍,637550.0,213.0
14604,2020-07,W6Y390,남원읍,762000.0,239.0
14605,2020-08,W6Y390,남원읍,1219450.0,256.0
14606,2020-09,W6Y390,남원읍,870600.0,205.0
14607,2020-10,W6Y390,남원읍,1184300.0,223.0
14608,2020-11,W6Y390,남원읍,925950.0,237.0
14609,2020-12,W6Y390,남원읍,790000.0,214.0
14610,2021-01,W6Y390,남원읍,775500.0,215.0
14611,2021-02,W6Y390,남원읍,998750.0,224.0
14612,2021-03,W6Y390,남원읍,1177300.0,240.0
14613,2021-04,W6Y390,남원읍,,
14614,2021-05,W6Y390,남원읍,1323200.0,307.0
14615,2021-06,W6Y390,남원읍,1511650.0,317.0
14616,2018-01,W6Y391,남원읍,128500.0,30.0
14617,2018-02,W6Y391,남원읍,,
14618,2018-03,W6Y391,남원읍,,
14619,2018-04,W6Y391,남원읍,,
14620,2018-05,W6Y391,남원읍,,
14621,2018-06,W6Y391,남원읍,,
14622,2018-07,W6Y391,남원읍,,
14623,2018-08,W6Y391,남원읍,,
14624,2018-09,W6Y391,남원읍,,
14625,2018-10,W6Y391,남원읍,,
14626,2018-11,W6Y391,남원읍,,
14627,2018-12,W6Y391,남원읍,,
14628,2019-01,W6Y391,남원읍,,
14629,2019-02,W6Y391,남원읍,,
14630,2019-03,W6Y391,남원읍,,
14631,2019-04,W6Y391,남원읍,,
14632,2019-05,W6Y391,남원읍,454100.0,72.0
14633,2019-06,W6Y391,남원읍,632700.0,132.0
14634,2019-07,W6Y391,남원읍,711600.0,168.0
14635,2019-08,W6Y391,남원읍,936250.0,188.0
14636,2019-09,W6Y391,남원읍,819700.0,166.0
14637,2019-10,W6Y391,남원읍,743250.0,140.0
14638,2019-11,W6Y391,남원읍,732550.0,106.0
14639,2019-12,W6Y391,남원읍,757300.0,142.0
14640,2020-01,W6Y391,남원읍,897750.0,155.0
14641,2020-02,W6Y391,남원읍,838100.0,146.0
14642,2020-03,W6Y391,남원읍,964150.0,158.0
14643,2020-04,W6Y391,남원읍,908650.0,137.0
14644,2020-05,W6Y391,남원읍,1008950.0,151.0
14645,2020-06,W6Y391,남원읍,1102450.0,190.0
14646,2020-07,W6Y391,남원읍,1028550.0,211.0
14647,2020-08,W6Y391,남원읍,1352500.0,261.0
14648,2020-09,W6Y391,남원읍,1204600.0,209.0
14649,2020-10,W6Y391,남원읍,1034650.0,201.0
14650,2020-11,W6Y391,남원읍,1200900.0,205.0
14651,2020-12,W6Y391,남원읍,1212900.0,210.0
14652,2021-01,W6Y391,남원읍,875900.0,177.0
14653,2021-02,W6Y391,남원읍,1015500.0,190.0
14654,2021-03,W6Y391,남원읍,1182500.0,210.0
14655,2021-04,W6Y391,남원읍,,
14656,2021-05,W6Y391,남원읍,1252700.0,282.0
14657,2021-06,W6Y391,남원읍,1439000.0,311.0
14658,2018-01,W6Y392,남원읍,1410000.0,197.0
14659,2018-02,W6Y392,남원읍,1057000.0,175.0
14660,2018-03,W6Y392,남원읍,1260500.0,243.0
14661,2018-04,W6Y392,남원읍,1212550.0,231.0
14662,2018-05,W6Y392,남원읍,1396250.0,269.0
14663,2018-06,W6Y392,남원읍,1507750.0,319.0
14664,2018-07,W6Y392,남원읍,1780650.0,370.0
14665,2018-08,W6Y392,남원읍,1597250.0,385.0
14666,2018-09,W6Y392,남원읍,1422100.0,293.0
14667,2018-10,W6Y392,남원읍,1391350.0,317.0
14668,2018-11,W6Y392,남원읍,1253750.0,226.0
14669,2018-12,W6Y392,남원읍,926300.0,211.0
14670,2019-01,W6Y392,남원읍,1064950.0,228.0
14671,2019-02,W6Y392,남원읍,824900.0,173.0
14672,2019-03,W6Y392,남원읍,560150.0,117.0
14673,2019-04,W6Y392,남원읍,682850.0,150.0
14674,2019-05,W6Y392,남원읍,1195000.0,257.0
14675,2019-06,W6Y392,남원읍,1307550.0,303.0
14676,2019-07,W6Y392,남원읍,1298900.0,307.0
14677,2019-08,W6Y392,남원읍,1430450.0,298.0
14678,2019-09,W6Y392,남원읍,1057400.0,239.0
14679,2019-10,W6Y392,남원읍,1301600.0,266.0
14680,2019-11,W6Y392,남원읍,718950.0,157.0
14681,2019-12,W6Y392,남원읍,815700.0,132.0
14682,2020-01,W6Y392,남원읍,917900.0,187.0
14683,2020-02,W6Y392,남원읍,1457650.0,205.0
14684,2020-03,W6Y392,남원읍,1164050.0,196.0
14685,2020-04,W6Y392,남원읍,699050.0,201.0
14686,2020-05,W6Y392,남원읍,862600.0,246.0
14687,2020-06,W6Y392,남원읍,1033250.0,289.0
14688,2020-07,W6Y392,남원읍,314750.0,104.0
14689,2020-08,W6Y392,남원읍,,
14690,2020-09,W6Y392,남원읍,,
14691,2020-10,W6Y392,남원읍,,
14692,2020-11,W6Y392,남원읍,,
14693,2020-12,W6Y392,남원읍,,
14694,2021-01,W6Y392,남원읍,,
14695,2021-02,W6Y392,남원읍,,
14696,2021-03,W6Y392,남원읍,,
14697,2021-04,W6Y392,남원읍,,
14698,2021-05,W6Y392,남원읍,,
14699,2021-06,W6Y392,남원읍,,
14700,2018-01,W6Y393,남원읍,1282900.0,256.0
14701,2018-02,W6Y393,남원읍,899200.0,251.0
14702,2018-03,W6Y393,남원읍,1389000.0,311.0
14703,2018-04,W6Y393,남원읍,1622700.0,343.0
14704,2018-05,W6Y393,남원읍,1892950.0,370.0
14705,2018-06,W6Y393,남원읍,1454500.0,390.0
14706,2018-07,W6Y393,남원읍,1740150.0,435.0
14707,2018-08,W6Y393,남원읍,1622400.0,399.0
14708,2018-09,W6Y393,남원읍,1558050.0,353.0
14709,2018-10,W6Y393,남원읍,1929150.0,373.0
14710,2018-11,W6Y393,남원읍,1731750.0,362.0
14711,2018-12,W6Y393,남원읍,1493650.0,337.0
14712,2019-01,W6Y393,남원읍,1485000.0,313.0
14713,2019-02,W6Y393,남원읍,1333700.0,218.0
14714,2019-03,W6Y393,남원읍,557500.0,113.0
14715,2019-04,W6Y393,남원읍,715100.0,117.0
14716,2019-05,W6Y393,남원읍,1731150.0,314.0
14717,2019-06,W6Y393,남원읍,2439400.0,418.0
14718,2019-07,W6Y393,남원읍,1574050.0,381.0
14719,2019-08,W6Y393,남원읍,2120900.0,457.0
14720,2019-09,W6Y393,남원읍,1854100.0,423.0
14721,2019-10,W6Y393,남원읍,1555850.0,363.0
14722,2019-11,W6Y393,남원읍,1526250.0,330.0
14723,2019-12,W6Y393,남원읍,1729800.0,327.0
14724,2020-01,W6Y393,남원읍,1785850.0,324.0
14725,2020-02,W6Y393,남원읍,2052250.0,354.0
14726,2020-03,W6Y393,남원읍,1888550.0,399.0
14727,2020-04,W6Y393,남원읍,2245800.0,389.0
14728,2020-05,W6Y393,남원읍,1961350.0,434.0
14729,2020-06,W6Y393,남원읍,1961050.0,403.0
14730,2020-07,W6Y393,남원읍,1580550.0,420.0
14731,2020-08,W6Y393,남원읍,2277500.0,600.0
14732,2020-09,W6Y393,남원읍,2610650.0,631.0
14733,2020-10,W6Y393,남원읍,4009400.0,723.0
14734,2020-11,W6Y393,남원읍,2901000.0,577.0
14735,2020-12,W6Y393,남원읍,2597850.0,506.0
14736,2021-01,W6Y393,남원읍,2438700.0,507.0
14737,2021-02,W6Y393,남원읍,2536250.0,525.0
14738,2021-03,W6Y393,남원읍,2872800.0,569.0
14739,2021-04,W6Y393,남원읍,,
14740,2021-05,W6Y393,남원읍,3937550.0,716.0
14741,2021-06,W6Y393,남원읍,2925350.0,647.0
14742,2018-01,W6Y394,성산읍,1538800.0,380.0
14743,2018-02,W6Y394,성산읍,1115950.0,333.0
14744,2018-03,W6Y394,성산읍,1424350.0,412.0
14745,2018-04,W6Y394,성산읍,1182150.0,373.0
14746,2018-05,W6Y394,성산읍,1515600.0,505.0
14747,2018-06,W6Y394,성산읍,1744250.0,583.0
14748,2018-07,W6Y394,성산읍,1644050.0,504.0
14749,2018-08,W6Y394,성산읍,1492900.0,406.0
14750,2018-09,W6Y394,성산읍,1246050.0,368.0
14751,2018-10,W6Y394,성산읍,1515900.0,509.0
14752,2018-11,W6Y394,성산읍,903150.0,311.0
14753,2018-12,W6Y394,성산읍,1034150.0,274.0
14754,2019-01,W6Y394,성산읍,842100.0,250.0
14755,2019-02,W6Y394,성산읍,806850.0,257.0
14756,2019-03,W6Y394,성산읍,908900.0,258.0
14757,2019-04,W6Y394,성산읍,1062850.0,382.0
14758,2019-05,W6Y394,성산읍,1196150.0,491.0
14759,2019-06,W6Y394,성산읍,1441850.0,507.0
14760,2019-07,W6Y394,성산읍,1495950.0,543.0
14761,2019-08,W6Y394,성산읍,1895800.0,700.0
14762,2019-09,W6Y394,성산읍,220300.0,94.0
14763,2019-10,W6Y394,성산읍,,
14764,2019-11,W6Y394,성산읍,,
14765,2019-12,W6Y394,성산읍,,
14766,2020-01,W6Y394,성산읍,,
14767,2020-02,W6Y394,성산읍,,
14768,2020-03,W6Y394,성산읍,,
14769,2020-04,W6Y394,성산읍,,
14770,2020-05,W6Y394,성산읍,,
14771,2020-06,W6Y394,성산읍,,
14772,2020-07,W6Y394,성산읍,462100.0,145.0
14773,2020-08,W6Y394,성산읍,2096700.0,695.0
14774,2020-09,W6Y394,성산읍,1107900.0,473.0
14775,2020-10,W6Y394,성산읍,1339550.0,494.0
14776,2020-11,W6Y394,성산읍,1236800.0,408.0
14777,2020-12,W6Y394,성산읍,439250.0,139.0
14778,2021-01,W6Y394,성산읍,436150.0,130.0
14779,2021-02,W6Y394,성산읍,303900.0,95.0
14780,2021-03,W6Y394,성산읍,627650.0,180.0
14781,2021-04,W6Y394,성산읍,,
14782,2021-05,W6Y394,성산읍,655000.0,268.0
14783,2021-06,W6Y394,성산읍,1363850.0,480.0
14784,2018-01,W6Y395,성산읍,128100.0,59.0
14785,2018-02,W6Y395,성산읍,107650.0,53.0
14786,2018-03,W6Y395,성산읍,117050.0,60.0
14787,2018-04,W6Y395,성산읍,137300.0,58.0
14788,2018-05,W6Y395,성산읍,199050.0,93.0
14789,2018-06,W6Y395,성산읍,138150.0,67.0
14790,2018-07,W6Y395,성산읍,211250.0,58.0
14791,2018-08,W6Y395,성산읍,127500.0,52.0
14792,2018-09,W6Y395,성산읍,94850.0,52.0
14793,2018-10,W6Y395,성산읍,99300.0,34.0
14794,2018-11,W6Y395,성산읍,148350.0,68.0
14795,2018-12,W6Y395,성산읍,104550.0,45.0
14796,2019-01,W6Y395,성산읍,74700.0,35.0
14797,2019-02,W6Y395,성산읍,35650.0,16.0
14798,2019-03,W6Y395,성산읍,96700.0,21.0
14799,2019-04,W6Y395,성산읍,257550.0,24.0
14800,2019-05,W6Y395,성산읍,84200.0,22.0
14801,2019-06,W6Y395,성산읍,235850.0,32.0
14802,2019-07,W6Y395,성산읍,241450.0,33.0
14803,2019-08,W6Y395,성산읍,,
14804,2019-09,W6Y395,성산읍,,
14805,2019-10,W6Y395,성산읍,,
14806,2019-11,W6Y395,성산읍,,
14807,2019-12,W6Y395,성산읍,,
14808,2020-01,W6Y395,성산읍,,
14809,2020-02,W6Y395,성산읍,,
14810,2020-03,W6Y395,성산읍,,
14811,2020-04,W6Y395,성산읍,,
14812,2020-05,W6Y395,성산읍,,
14813,2020-06,W6Y395,성산읍,,
14814,2020-07,W6Y395,성산읍,81650.0,47.0
14815,2020-08,W6Y395,성산읍,385150.0,192.0
14816,2020-09,W6Y395,성산읍,281250.0,165.0
14817,2020-10,W6Y395,성산읍,282000.0,175.0
14818,2020-11,W6Y395,성산읍,313000.0,159.0
14819,2020-12,W6Y395,성산읍,291750.0,145.0
14820,2021-01,W6Y395,성산읍,246300.0,103.0
14821,2021-02,W6Y395,성산읍,268450.0,127.0
14822,2021-03,W6Y395,성산읍,297400.0,128.0
14823,2021-04,W6Y395,성산읍,,
14824,2021-05,W6Y395,성산읍,227850.0,161.0
14825,2021-06,W6Y395,성산읍,233450.0,173.0
14826,2018-01,W6Y396,성산읍,1688200.0,415.0
14827,2018-02,W6Y396,성산읍,1317250.0,379.0
14828,2018-03,W6Y396,성산읍,2093900.0,463.0
14829,2018-04,W6Y396,성산읍,2253550.0,450.0
14830,2018-05,W6Y396,성산읍,2266000.0,477.0
14831,2018-06,W6Y396,성산읍,2427350.0,501.0
14832,2018-07,W6Y396,성산읍,2977750.0,665.0
14833,2018-08,W6Y396,성산읍,2946400.0,651.0
14834,2018-09,W6Y396,성산읍,2780750.0,674.0
14835,2018-10,W6Y396,성산읍,2993050.0,662.0
14836,2018-11,W6Y396,성산읍,2115900.0,595.0
14837,2018-12,W6Y396,성산읍,1998050.0,472.0
14838,2019-01,W6Y396,성산읍,2355050.0,518.0
14839,2019-02,W6Y396,성산읍,2012200.0,464.0
14840,2019-03,W6Y396,성산읍,2162650.0,527.0
14841,2019-04,W6Y396,성산읍,1834050.0,499.0
14842,2019-05,W6Y396,성산읍,2099850.0,527.0
14843,2019-06,W6Y396,성산읍,1852650.0,546.0
14844,2019-07,W6Y396,성산읍,2259400.0,633.0
14845,2019-08,W6Y396,성산읍,1975800.0,498.0
14846,2019-09,W6Y396,성산읍,529600.0,92.0
14847,2019-10,W6Y396,성산읍,,
14848,2019-11,W6Y396,성산읍,,
14849,2019-12,W6Y396,성산읍,,
14850,2020-01,W6Y396,성산읍,,
14851,2020-02,W6Y396,성산읍,,
14852,2020-03,W6Y396,성산읍,,
14853,2020-04,W6Y396,성산읍,,
14854,2020-05,W6Y396,성산읍,,
14855,2020-06,W6Y396,성산읍,,
14856,2020-07,W6Y396,성산읍,698650.0,230.0
14857,2020-08,W6Y396,성산읍,2743200.0,929.0
14858,2020-09,W6Y396,성산읍,1977650.0,737.0
14859,2020-10,W6Y396,성산읍,920750.0,348.0
14860,2020-11,W6Y396,성산읍,708100.0,227.0
14861,2020-12,W6Y396,성산읍,736250.0,223.0
14862,2021-01,W6Y396,성산읍,744300.0,226.0
14863,2021-02,W6Y396,성산읍,819250.0,266.0
14864,2021-03,W6Y396,성산읍,1489350.0,499.0
14865,2021-04,W6Y396,성산읍,,
14866,2021-05,W6Y396,성산읍,2009500.0,770.0
14867,2021-06,W6Y396,성산읍,2014800.0,879.0
14868,2018-01,W6Y397,성산읍,2068850.0,364.0
14869,2018-02,W6Y397,성산읍,1982150.0,396.0
14870,2018-03,W6Y397,성산읍,2396350.0,398.0
14871,2018-04,W6Y397,성산읍,2279350.0,367.0
14872,2018-05,W6Y397,성산읍,2291650.0,449.0
14873,2018-06,W6Y397,성산읍,1946300.0,437.0
14874,2018-07,W6Y397,성산읍,2251250.0,501.0
14875,2018-08,W6Y397,성산읍,2532700.0,522.0
14876,2018-09,W6Y397,성산읍,1507200.0,376.0
14877,2018-10,W6Y397,성산읍,1364650.0,310.0
14878,2018-11,W6Y397,성산읍,1892700.0,395.0
14879,2018-12,W6Y397,성산읍,1995450.0,429.0
14880,2019-01,W6Y397,성산읍,2111650.0,428.0
14881,2019-02,W6Y397,성산읍,1619200.0,390.0
14882,2019-03,W6Y397,성산읍,456500.0,75.0
14883,2019-04,W6Y397,성산읍,330250.0,67.0
14884,2019-05,W6Y397,성산읍,761050.0,90.0
14885,2019-06,W6Y397,성산읍,710150.0,78.0
14886,2019-07,W6Y397,성산읍,524650.0,70.0
14887,2019-08,W6Y397,성산읍,,
14888,2019-09,W6Y397,성산읍,,
14889,2019-10,W6Y397,성산읍,,
14890,2019-11,W6Y397,성산읍,,
14891,2019-12,W6Y397,성산읍,,
14892,2020-01,W6Y397,성산읍,,
14893,2020-02,W6Y397,성산읍,,
14894,2020-03,W6Y397,성산읍,,
14895,2020-04,W6Y397,성산읍,,
14896,2020-05,W6Y397,성산읍,,
14897,2020-06,W6Y397,성산읍,,
14898,2020-07,W6Y397,성산읍,704400.0,160.0
14899,2020-08,W6Y397,성산읍,3126400.0,722.0
14900,2020-09,W6Y397,성산읍,2041500.0,519.0
14901,2020-10,W6Y397,성산읍,2486300.0,586.0
14902,2020-11,W6Y397,성산읍,2428900.0,515.0
14903,2020-12,W6Y397,성산읍,2348050.0,516.0
14904,2021-01,W6Y397,성산읍,2150050.0,507.0
14905,2021-02,W6Y397,성산읍,2472100.0,523.0
14906,2021-03,W6Y397,성산읍,2414250.0,538.0
14907,2021-04,W6Y397,성산읍,,
14908,2021-05,W6Y397,성산읍,2313200.0,533.0
14909,2021-06,W6Y397,성산읍,2407000.0,591.0
14910,2018-01,W6Y398,성산읍,,
14911,2018-02,W6Y398,성산읍,,
14912,2018-03,W6Y398,성산읍,,
14913,2018-04,W6Y398,성산읍,,
14914,2018-05,W6Y398,성산읍,,
14915,2018-06,W6Y398,성산읍,,
14916,2018-07,W6Y398,성산읍,,
14917,2018-08,W6Y398,성산읍,,
14918,2018-09,W6Y398,성산읍,,
14919,2018-10,W6Y398,성산읍,,
14920,2018-11,W6Y398,성산읍,,
14921,2018-12,W6Y398,성산읍,,
14922,2019-01,W6Y398,성산읍,,
14923,2019-02,W6Y398,성산읍,,
14924,2019-03,W6Y398,성산읍,,
14925,2019-04,W6Y398,성산읍,,
14926,2019-05,W6Y398,성산읍,,
14927,2019-06,W6Y398,성산읍,,
14928,2019-07,W6Y398,성산읍,,
14929,2019-08,W6Y398,성산읍,,
14930,2019-09,W6Y398,성산읍,,
14931,2019-10,W6Y398,성산읍,,
14932,2019-11,W6Y398,성산읍,,
14933,2019-12,W6Y398,성산읍,,
14934,2020-01,W6Y398,성산읍,,
14935,2020-02,W6Y398,성산읍,,
14936,2020-03,W6Y398,성산읍,,
14937,2020-04,W6Y398,성산읍,,
14938,2020-05,W6Y398,성산읍,,
14939,2020-06,W6Y398,성산읍,,
14940,2020-07,W6Y398,성산읍,,
14941,2020-08,W6Y398,성산읍,,
14942,2020-09,W6Y398,성산읍,,
14943,2020-10,W6Y398,성산읍,,
14944,2020-11,W6Y398,성산읍,,
14945,2020-12,W6Y398,성산읍,,
14946,2021-01,W6Y398,성산읍,,
14947,2021-02,W6Y398,성산읍,,
14948,2021-03,W6Y398,성산읍,,
14949,2021-04,W6Y398,성산읍,,
14950,2021-05,W6Y398,성산읍,,
14951,2021-06,W6Y398,성산읍,,
14952,2018-01,W6Y399,성산읍,3982350.0,719.0
14953,2018-02,W6Y399,성산읍,3900950.0,692.0
14954,2018-03,W6Y399,성산읍,5307050.0,860.0
14955,2018-04,W6Y399,성산읍,5513250.0,888.0
14956,2018-05,W6Y399,성산읍,5028300.0,1003.0
14957,2018-06,W6Y399,성산읍,4897050.0,914.0
14958,2018-07,W6Y399,성산읍,5909200.0,964.0
14959,2018-08,W6Y399,성산읍,6011800.0,830.0
14960,2018-09,W6Y399,성산읍,6030400.0,851.0
14961,2018-10,W6Y399,성산읍,6275350.0,911.0
14962,2018-11,W6Y399,성산읍,5417600.0,847.0
14963,2018-12,W6Y399,성산읍,5829200.0,755.0
14964,2019-01,W6Y399,성산읍,5536750.0,675.0
14965,2019-02,W6Y399,성산읍,3759850.0,343.0
14966,2019-03,W6Y399,성산읍,4018700.0,333.0
14967,2019-04,W6Y399,성산읍,4219850.0,359.0
14968,2019-05,W6Y399,성산읍,3900370.0,335.0
14969,2019-06,W6Y399,성산읍,3982000.0,328.0
14970,2019-07,W6Y399,성산읍,1624900.0,152.0
14971,2019-08,W6Y399,성산읍,,
14972,2019-09,W6Y399,성산읍,,
14973,2019-10,W6Y399,성산읍,,
14974,2019-11,W6Y399,성산읍,,
14975,2019-12,W6Y399,성산읍,,
14976,2020-01,W6Y399,성산읍,,
14977,2020-02,W6Y399,성산읍,,
14978,2020-03,W6Y399,성산읍,,
14979,2020-04,W6Y399,성산읍,,
14980,2020-05,W6Y399,성산읍,,
14981,2020-06,W6Y399,성산읍,,
14982,2020-07,W6Y399,성산읍,2165550.0,359.0
14983,2020-08,W6Y399,성산읍,11353900.0,1675.0
14984,2020-09,W6Y399,성산읍,9475400.0,1543.0
14985,2020-10,W6Y399,성산읍,9163650.0,1513.0
14986,2020-11,W6Y399,성산읍,8554050.0,1350.0
14987,2020-12,W6Y399,성산읍,7571800.0,1232.0
14988,2021-01,W6Y399,성산읍,6381650.0,1063.0
14989,2021-02,W6Y399,성산읍,6073300.0,964.0
14990,2021-03,W6Y399,성산읍,6580750.0,1101.0
14991,2021-04,W6Y399,성산읍,,
14992,2021-05,W6Y399,성산읍,7163550.0,1150.0
14993,2021-06,W6Y399,성산읍,9713660.0,1703.0
14994,2018-01,W6Y400,성산읍,1936800.0,519.0
14995,2018-02,W6Y400,성산읍,1685900.0,466.0
14996,2018-03,W6Y400,성산읍,2342350.0,563.0
14997,2018-04,W6Y400,성산읍,2749900.0,577.0
14998,2018-05,W6Y400,성산읍,2959100.0,705.0
14999,2018-06,W6Y400,성산읍,3007600.0,738.0
15000,2018-07,W6Y400,성산읍,2924850.0,757.0
15001,2018-08,W6Y400,성산읍,3043050.0,821.0
15002,2018-09,W6Y400,성산읍,1822450.0,514.0
15003,2018-10,W6Y400,성산읍,1526550.0,374.0
15004,2018-11,W6Y400,성산읍,2909750.0,663.0
15005,2018-12,W6Y400,성산읍,3269700.0,677.0
15006,2019-01,W6Y400,성산읍,3314850.0,664.0
15007,2019-02,W6Y400,성산읍,2856900.0,604.0
15008,2019-03,W6Y400,성산읍,3435700.0,687.0
15009,2019-04,W6Y400,성산읍,3837350.0,707.0
15010,2019-05,W6Y400,성산읍,5219500.0,945.0
15011,2019-06,W6Y400,성산읍,4419350.0,969.0
15012,2019-07,W6Y400,성산읍,2348450.0,594.0
15013,2019-08,W6Y400,성산읍,,
15014,2019-09,W6Y400,성산읍,,
15015,2019-10,W6Y400,성산읍,,
15016,2019-11,W6Y400,성산읍,,
15017,2019-12,W6Y400,성산읍,,
15018,2020-01,W6Y400,성산읍,,
15019,2020-02,W6Y400,성산읍,,
15020,2020-03,W6Y400,성산읍,,
15021,2020-04,W6Y400,성산읍,,
15022,2020-05,W6Y400,성산읍,,
15023,2020-06,W6Y400,성산읍,,
15024,2020-07,W6Y400,성산읍,1202550.0,301.0
15025,2020-08,W6Y400,성산읍,4958150.0,1149.0
15026,2020-09,W6Y400,성산읍,4151100.0,1062.0
15027,2020-10,W6Y400,성산읍,4654650.0,1152.0
15028,2020-11,W6Y400,성산읍,2579950.0,608.0
15029,2020-12,W6Y400,성산읍,1808850.0,425.0
15030,2021-01,W6Y400,성산읍,1308400.0,349.0
15031,2021-02,W6Y400,성산읍,1240150.0,344.0
15032,2021-03,W6Y400,성산읍,1145100.0,310.0
15033,2021-04,W6Y400,성산읍,,
15034,2021-05,W6Y400,성산읍,1112700.0,334.0
15035,2021-06,W6Y400,성산읍,4656800.0,1317.0
15036,2018-01,W6Y401,표선면,4176050.0,870.0
15037,2018-02,W6Y401,표선면,4354650.0,893.0
15038,2018-03,W6Y401,표선면,4483500.0,1008.0
15039,2018-04,W6Y401,표선면,3943050.0,960.0
15040,2018-05,W6Y401,표선면,4554750.0,1132.0
15041,2018-06,W6Y401,표선면,2088850.0,487.0
15042,2018-07,W6Y401,표선면,1819250.0,495.0
15043,2018-08,W6Y401,표선면,2749550.0,707.0
15044,2018-09,W6Y401,표선면,1830850.0,440.0
15045,2018-10,W6Y401,표선면,1959800.0,492.0
15046,2018-11,W6Y401,표선면,4102650.0,1093.0
15047,2018-12,W6Y401,표선면,4569450.0,1176.0
15048,2019-01,W6Y401,표선면,2320750.0,582.0
15049,2019-02,W6Y401,표선면,586750.0,106.0
15050,2019-03,W6Y401,표선면,1828350.0,296.0
15051,2019-04,W6Y401,표선면,1615350.0,335.0
15052,2019-05,W6Y401,표선면,1647700.0,355.0
15053,2019-06,W6Y401,표선면,1612500.0,350.0
15054,2019-07,W6Y401,표선면,2160000.0,456.0
15055,2019-08,W6Y401,표선면,,
15056,2019-09,W6Y401,표선면,,
15057,2019-10,W6Y401,표선면,,
15058,2019-11,W6Y401,표선면,,
15059,2019-12,W6Y401,표선면,,
15060,2020-01,W6Y401,표선면,,
15061,2020-02,W6Y401,표선면,,
15062,2020-03,W6Y401,표선면,,
15063,2020-04,W6Y401,표선면,,
15064,2020-05,W6Y401,표선면,,
15065,2020-06,W6Y401,표선면,,
15066,2020-07,W6Y401,표선면,,
15067,2020-08,W6Y401,표선면,,
15068,2020-09,W6Y401,표선면,,
15069,2020-10,W6Y401,표선면,,
15070,2020-11,W6Y401,표선면,,
15071,2020-12,W6Y401,표선면,,
15072,2021-01,W6Y401,표선면,,
15073,2021-02,W6Y401,표선면,,
15074,2021-03,W6Y401,표선면,,
15075,2021-04,W6Y401,표선면,,
15076,2021-05,W6Y401,표선면,2640350.0,785.0
15077,2021-06,W6Y401,표선면,5915000.0,1724.0
15078,2018-01,W6Y403,표선면,2468500.0,485.0
15079,2018-02,W6Y403,표선면,2337950.0,466.0
15080,2018-03,W6Y403,표선면,2904750.0,591.0
15081,2018-04,W6Y403,표선면,2550750.0,565.0
15082,2018-05,W6Y403,표선면,2491450.0,597.0
15083,2018-06,W6Y403,표선면,2435050.0,603.0
15084,2018-07,W6Y403,표선면,3478400.0,769.0
15085,2018-08,W6Y403,표선면,3139050.0,742.0
15086,2018-09,W6Y403,표선면,2428200.0,528.0
15087,2018-10,W6Y403,표선면,2632750.0,570.0
15088,2018-11,W6Y403,표선면,2583250.0,519.0
15089,2018-12,W6Y403,표선면,1250500.0,218.0
15090,2019-01,W6Y403,표선면,946700.0,165.0
15091,2019-02,W6Y403,표선면,153150.0,17.0
15092,2019-03,W6Y403,표선면,229050.0,25.0
15093,2019-04,W6Y403,표선면,569600.0,102.0
15094,2019-05,W6Y403,표선면,1782500.0,446.0
15095,2019-06,W6Y403,표선면,2008800.0,472.0
15096,2019-07,W6Y403,표선면,2177300.0,507.0
15097,2019-08,W6Y403,표선면,77800.0,35.0
15098,2019-09,W6Y403,표선면,,
15099,2019-10,W6Y403,표선면,,
15100,2019-11,W6Y403,표선면,,
15101,2019-12,W6Y403,표선면,,
15102,2020-01,W6Y403,표선면,,
15103,2020-02,W6Y403,표선면,,
15104,2020-03,W6Y403,표선면,,
15105,2020-04,W6Y403,표선면,,
15106,2020-05,W6Y403,표선면,,
15107,2020-06,W6Y403,표선면,,
15108,2020-07,W6Y403,표선면,,
15109,2020-08,W6Y403,표선면,,
15110,2020-09,W6Y403,표선면,,
15111,2020-10,W6Y403,표선면,,
15112,2020-11,W6Y403,표선면,,
15113,2020-12,W6Y403,표선면,,
15114,2021-01,W6Y403,표선면,,
15115,2021-02,W6Y403,표선면,,
15116,2021-03,W6Y403,표선면,,
15117,2021-04,W6Y403,표선면,,
15118,2021-05,W6Y403,표선면,200.0,1.0
15119,2021-06,W6Y403,표선면,,
15120,2018-01,W6Y404,표선면,1375100.0,455.0
15121,2018-02,W6Y404,표선면,1314150.0,401.0
15122,2018-03,W6Y404,표선면,1445800.0,494.0
15123,2018-04,W6Y404,표선면,1362750.0,506.0
15124,2018-05,W6Y404,표선면,1447000.0,574.0
15125,2018-06,W6Y404,표선면,1355500.0,542.0
15126,2018-07,W6Y404,표선면,1957950.0,648.0
15127,2018-08,W6Y404,표선면,2293950.0,708.0
15128,2018-09,W6Y404,표선면,1860900.0,637.0
15129,2018-10,W6Y404,표선면,1797150.0,616.0
15130,2018-11,W6Y404,표선면,1919800.0,616.0
15131,2018-12,W6Y404,표선면,1802600.0,503.0
15132,2019-01,W6Y404,표선면,1255200.0,337.0
15133,2019-02,W6Y404,표선면,3000.0,2.0
15134,2019-03,W6Y404,표선면,,
15135,2019-04,W6Y404,표선면,40900.0,14.0
15136,2019-05,W6Y404,표선면,53400.0,19.0
15137,2019-06,W6Y404,표선면,217900.0,61.0
15138,2019-07,W6Y404,표선면,94000.0,26.0
15139,2019-08,W6Y404,표선면,7350.0,5.0
15140,2019-09,W6Y404,표선면,,
15141,2019-10,W6Y404,표선면,,
15142,2019-11,W6Y404,표선면,,
15143,2019-12,W6Y404,표선면,,
15144,2020-01,W6Y404,표선면,,
15145,2020-02,W6Y404,표선면,,
15146,2020-03,W6Y404,표선면,,
15147,2020-04,W6Y404,표선면,,
15148,2020-05,W6Y404,표선면,,
15149,2020-06,W6Y404,표선면,,
15150,2020-07,W6Y404,표선면,,
15151,2020-08,W6Y404,표선면,,
15152,2020-09,W6Y404,표선면,,
15153,2020-10,W6Y404,표선면,,
15154,2020-11,W6Y404,표선면,,
15155,2020-12,W6Y404,표선면,,
15156,2021-01,W6Y404,표선면,,
15157,2021-02,W6Y404,표선면,,
15158,2021-03,W6Y404,표선면,,
15159,2021-04,W6Y404,표선면,,
15160,2021-05,W6Y404,표선면,,
15161,2021-06,W6Y404,표선면,,
15162,2018-01,W6Y405,표선면,755600.0,244.0
15163,2018-02,W6Y405,표선면,638700.0,193.0
15164,2018-03,W6Y405,표선면,651450.0,201.0
15165,2018-04,W6Y405,표선면,579600.0,241.0
15166,2018-05,W6Y405,표선면,701050.0,271.0
15167,2018-06,W6Y405,표선면,697300.0,272.0
15168,2018-07,W6Y405,표선면,921800.0,327.0
15169,2018-08,W6Y405,표선면,934950.0,310.0
15170,2018-09,W6Y405,표선면,803300.0,263.0
15171,2018-10,W6Y405,표선면,743200.0,287.0
15172,2018-11,W6Y405,표선면,781450.0,265.0
15173,2018-12,W6Y405,표선면,117350.0,39.0
15174,2019-01,W6Y405,표선면,,
15175,2019-02,W6Y405,표선면,48600.0,9.0
15176,2019-03,W6Y405,표선면,97950.0,13.0
15177,2019-04,W6Y405,표선면,117250.0,19.0
15178,2019-05,W6Y405,표선면,405300.0,61.0
15179,2019-06,W6Y405,표선면,692100.0,65.0
15180,2019-07,W6Y405,표선면,350200.0,35.0
15181,2019-08,W6Y405,표선면,,
15182,2019-09,W6Y405,표선면,112700.0,48.0
15183,2019-10,W6Y405,표선면,371700.0,225.0
15184,2019-11,W6Y405,표선면,,
15185,2019-12,W6Y405,표선면,,
15186,2020-01,W6Y405,표선면,,
15187,2020-02,W6Y405,표선면,,
15188,2020-03,W6Y405,표선면,,
15189,2020-04,W6Y405,표선면,,
15190,2020-05,W6Y405,표선면,,
15191,2020-06,W6Y405,표선면,,
15192,2020-07,W6Y405,표선면,,
15193,2020-08,W6Y405,표선면,,
15194,2020-09,W6Y405,표선면,,
15195,2020-10,W6Y405,표선면,,
15196,2020-11,W6Y405,표선면,,
15197,2020-12,W6Y405,표선면,,
15198,2021-01,W6Y405,표선면,,
15199,2021-02,W6Y405,표선면,,
15200,2021-03,W6Y405,표선면,,
15201,2021-04,W6Y405,표선면,,
15202,2021-05,W6Y405,표선면,,
15203,2021-06,W6Y405,표선면,29150.0,8.0
15204,2018-01,W6Y406,표선면,688900.0,223.0
15205,2018-02,W6Y406,표선면,701300.0,188.0
15206,2018-03,W6Y406,표선면,1226000.0,295.0
15207,2018-04,W6Y406,표선면,801600.0,198.0
15208,2018-05,W6Y406,표선면,1112800.0,206.0
15209,2018-06,W6Y406,표선면,894350.0,179.0
15210,2018-07,W6Y406,표선면,1338300.0,242.0
15211,2018-08,W6Y406,표선면,942750.0,205.0
15212,2018-09,W6Y406,표선면,945950.0,333.0
15213,2018-10,W6Y406,표선면,1350400.0,344.0
15214,2018-11,W6Y406,표선면,873300.0,266.0
15215,2018-12,W6Y406,표선면,365350.0,130.0
15216,2019-01,W6Y406,표선면,2154900.0,254.0
15217,2019-02,W6Y406,표선면,147200.0,10.0
15218,2019-03,W6Y406,표선면,255550.0,18.0
15219,2019-04,W6Y406,표선면,174250.0,15.0
15220,2019-05,W6Y406,표선면,295500.0,32.0
15221,2019-06,W6Y406,표선면,254950.0,16.0
15222,2019-07,W6Y406,표선면,141850.0,16.0
15223,2019-08,W6Y406,표선면,,
15224,2019-09,W6Y406,표선면,,
15225,2019-10,W6Y406,표선면,,
15226,2019-11,W6Y406,표선면,,
15227,2019-12,W6Y406,표선면,,
15228,2020-01,W6Y406,표선면,,
15229,2020-02,W6Y406,표선면,,
15230,2020-03,W6Y406,표선면,,
15231,2020-04,W6Y406,표선면,,
15232,2020-05,W6Y406,표선면,,
15233,2020-06,W6Y406,표선면,,
15234,2020-07,W6Y406,표선면,,
15235,2020-08,W6Y406,표선면,,
15236,2020-09,W6Y406,표선면,,
15237,2020-10,W6Y406,표선면,,
15238,2020-11,W6Y406,표선면,,
15239,2020-12,W6Y406,표선면,,
15240,2021-01,W6Y406,표선면,,
15241,2021-02,W6Y406,표선면,,
15242,2021-03,W6Y406,표선면,,
15243,2021-04,W6Y406,표선면,,
15244,2021-05,W6Y406,표선면,,
15245,2021-06,W6Y406,표선면,150.0,1.0
15246,2018-01,W6Y408,표선면,146150.0,50.0
15247,2018-02,W6Y408,표선면,159300.0,51.0
15248,2018-03,W6Y408,표선면,135600.0,56.0
15249,2018-04,W6Y408,표선면,168200.0,61.0
15250,2018-05,W6Y408,표선면,191550.0,72.0
15251,2018-06,W6Y408,표선면,109000.0,85.0
15252,2018-07,W6Y408,표선면,88900.0,56.0
15253,2018-08,W6Y408,표선면,92450.0,32.0
15254,2018-09,W6Y408,표선면,22500.0,12.0
15255,2018-10,W6Y408,표선면,4950.0,5.0
15256,2018-11,W6Y408,표선면,49350.0,33.0
15257,2018-12,W6Y408,표선면,14250.0,6.0
15258,2019-01,W6Y408,표선면,404250.0,115.0
15259,2019-02,W6Y408,표선면,4550.0,5.0
15260,2019-03,W6Y408,표선면,81300.0,10.0
15261,2019-04,W6Y408,표선면,60600.0,11.0
15262,2019-05,W6Y408,표선면,56450.0,13.0
15263,2019-06,W6Y408,표선면,242850.0,25.0
15264,2019-07,W6Y408,표선면,68000.0,12.0
15265,2019-08,W6Y408,표선면,,
15266,2019-09,W6Y408,표선면,,
15267,2019-10,W6Y408,표선면,,
15268,2019-11,W6Y408,표선면,,
15269,2019-12,W6Y408,표선면,,
15270,2020-01,W6Y408,표선면,,
15271,2020-02,W6Y408,표선면,,
15272,2020-03,W6Y408,표선면,,
15273,2020-04,W6Y408,표선면,,
15274,2020-05,W6Y408,표선면,,
15275,2020-06,W6Y408,표선면,,
15276,2020-07,W6Y408,표선면,,
15277,2020-08,W6Y408,표선면,,
15278,2020-09,W6Y408,표선면,,
15279,2020-10,W6Y408,표선면,,
15280,2020-11,W6Y408,표선면,,
15281,2020-12,W6Y408,표선면,,
15282,2021-01,W6Y408,표선면,,
15283,2021-02,W6Y408,표선면,,
15284,2021-03,W6Y408,표선면,,
15285,2021-04,W6Y408,표선면,,
15286,2021-05,W6Y408,표선면,,
15287,2021-06,W6Y408,표선면,,
15288,2018-01,W6Y410,표선면,3105750.0,864.0
15289,2018-02,W6Y410,표선면,2673000.0,664.0
15290,2018-03,W6Y410,표선면,3172000.0,794.0
15291,2018-04,W6Y410,표선면,3258300.0,837.0
15292,2018-05,W6Y410,표선면,3385050.0,952.0
15293,2018-06,W6Y410,표선면,3828200.0,1159.0
15294,2018-07,W6Y410,표선면,4803500.0,1274.0
15295,2018-08,W6Y410,표선면,4701350.0,1314.0
15296,2018-09,W6Y410,표선면,3323700.0,963.0
15297,2018-10,W6Y410,표선면,3450050.0,1000.0
15298,2018-11,W6Y410,표선면,4165550.0,971.0
15299,2018-12,W6Y410,표선면,3655700.0,758.0
15300,2019-01,W6Y410,표선면,1845400.0,326.0
15301,2019-02,W6Y410,표선면,20700.0,12.0
15302,2019-03,W6Y410,표선면,33850.0,9.0
15303,2019-04,W6Y410,표선면,55150.0,15.0
15304,2019-05,W6Y410,표선면,539200.0,191.0
15305,2019-06,W6Y410,표선면,525500.0,217.0
15306,2019-07,W6Y410,표선면,402100.0,190.0
15307,2019-08,W6Y410,표선면,1152550.0,419.0
15308,2019-09,W6Y410,표선면,398400.0,150.0
15309,2019-10,W6Y410,표선면,,
15310,2019-11,W6Y410,표선면,,
15311,2019-12,W6Y410,표선면,,
15312,2020-01,W6Y410,표선면,,
15313,2020-02,W6Y410,표선면,,
15314,2020-03,W6Y410,표선면,,
15315,2020-04,W6Y410,표선면,,
15316,2020-05,W6Y410,표선면,,
15317,2020-06,W6Y410,표선면,,
15318,2020-07,W6Y410,표선면,,
15319,2020-08,W6Y410,표선면,,
15320,2020-09,W6Y410,표선면,,
15321,2020-10,W6Y410,표선면,,
15322,2020-11,W6Y410,표선면,,
15323,2020-12,W6Y410,표선면,,
15324,2021-01,W6Y410,표선면,,
15325,2021-02,W6Y410,표선면,,
15326,2021-03,W6Y410,표선면,,
15327,2021-04,W6Y410,표선면,,
15328,2021-05,W6Y410,표선면,,
15329,2021-06,W6Y410,표선면,,
15330,2018-01,W6Y411,대정읍,815500.0,189.0
15331,2018-02,W6Y411,대정읍,1287950.0,196.0
15332,2018-03,W6Y411,대정읍,1221000.0,272.0
15333,2018-04,W6Y411,대정읍,780200.0,256.0
15334,2018-05,W6Y411,대정읍,768600.0,258.0
15335,2018-06,W6Y411,대정읍,712000.0,298.0
15336,2018-07,W6Y411,대정읍,893300.0,371.0
15337,2018-08,W6Y411,대정읍,939300.0,363.0
15338,2018-09,W6Y411,대정읍,754100.0,283.0
15339,2018-10,W6Y411,대정읍,719800.0,285.0
15340,2018-11,W6Y411,대정읍,809850.0,273.0
15341,2018-12,W6Y411,대정읍,692400.0,240.0
15342,2019-01,W6Y411,대정읍,677300.0,230.0
15343,2019-02,W6Y411,대정읍,807400.0,227.0
15344,2019-03,W6Y411,대정읍,705050.0,230.0
15345,2019-04,W6Y411,대정읍,690150.0,244.0
15346,2019-05,W6Y411,대정읍,679300.0,260.0
15347,2019-06,W6Y411,대정읍,787950.0,296.0
15348,2019-07,W6Y411,대정읍,1158400.0,333.0
15349,2019-08,W6Y411,대정읍,829950.0,337.0
15350,2019-09,W6Y411,대정읍,755400.0,308.0
15351,2019-10,W6Y411,대정읍,734500.0,301.0
15352,2019-11,W6Y411,대정읍,834500.0,281.0
15353,2019-12,W6Y411,대정읍,784400.0,269.0
15354,2020-01,W6Y411,대정읍,843950.0,266.0
15355,2020-02,W6Y411,대정읍,873150.0,310.0
15356,2020-03,W6Y411,대정읍,1258450.0,472.0
15357,2020-04,W6Y411,대정읍,1188800.0,449.0
15358,2020-05,W6Y411,대정읍,1236750.0,511.0
15359,2020-06,W6Y411,대정읍,1222150.0,555.0
15360,2020-07,W6Y411,대정읍,466250.0,217.0
15361,2020-08,W6Y411,대정읍,,
15362,2020-09,W6Y411,대정읍,,
15363,2020-10,W6Y411,대정읍,,
15364,2020-11,W6Y411,대정읍,200.0,1.0
15365,2020-12,W6Y411,대정읍,108550.0,18.0
15366,2021-01,W6Y411,대정읍,18100.0,12.0
15367,2021-02,W6Y411,대정읍,,
15368,2021-03,W6Y411,대정읍,,
15369,2021-04,W6Y411,대정읍,,
15370,2021-05,W6Y411,대정읍,97450.0,15.0
15371,2021-06,W6Y411,대정읍,527800.0,65.0
15372,2018-01,W6Y412,대정읍,8338900.0,1124.0
15373,2018-02,W6Y412,대정읍,7437300.0,1028.0
15374,2018-03,W6Y412,대정읍,8530700.0,1185.0
15375,2018-04,W6Y412,대정읍,7706950.0,1138.0
15376,2018-05,W6Y412,대정읍,7784150.0,1301.0
15377,2018-06,W6Y412,대정읍,8424050.0,1567.0
15378,2018-07,W6Y412,대정읍,9356950.0,1669.0
15379,2018-08,W6Y412,대정읍,10046050.0,1831.0
15380,2018-09,W6Y412,대정읍,10534300.0,1686.0
15381,2018-10,W6Y412,대정읍,7965100.0,1303.0
15382,2018-11,W6Y412,대정읍,8031650.0,1257.0
15383,2018-12,W6Y412,대정읍,8041300.0,1110.0
15384,2019-01,W6Y412,대정읍,7941100.0,1011.0
15385,2019-02,W6Y412,대정읍,8546950.0,1194.0
15386,2019-03,W6Y412,대정읍,9758800.0,1503.0
15387,2019-04,W6Y412,대정읍,11388900.0,1792.0
15388,2019-05,W6Y412,대정읍,11061750.0,2000.0
15389,2019-06,W6Y412,대정읍,10656300.0,2099.0
15390,2019-07,W6Y412,대정읍,11809350.0,2375.0
15391,2019-08,W6Y412,대정읍,10624000.0,2205.0
15392,2019-09,W6Y412,대정읍,11280300.0,2507.0
15393,2019-10,W6Y412,대정읍,11835900.0,2682.0
15394,2019-11,W6Y412,대정읍,12016050.0,2393.0
15395,2019-12,W6Y412,대정읍,13115150.0,2497.0
15396,2020-01,W6Y412,대정읍,11715250.0,2240.0
15397,2020-02,W6Y412,대정읍,10485550.0,1976.0
15398,2020-03,W6Y412,대정읍,10968050.0,2150.0
15399,2020-04,W6Y412,대정읍,9600900.0,2098.0
15400,2020-05,W6Y412,대정읍,11402148.0,2410.0
15401,2020-06,W6Y412,대정읍,7604199.0,1802.0
15402,2020-07,W6Y412,대정읍,10299744.0,2728.0
15403,2020-08,W6Y412,대정읍,12572498.0,3228.0
15404,2020-09,W6Y412,대정읍,10103499.0,2820.0
15405,2020-10,W6Y412,대정읍,10797400.0,2754.0
15406,2020-11,W6Y412,대정읍,12558600.0,2848.0
15407,2020-12,W6Y412,대정읍,12402550.0,2736.0
15408,2021-01,W6Y412,대정읍,12709950.0,2755.0
15409,2021-02,W6Y412,대정읍,11374400.0,2596.0
15410,2021-03,W6Y412,대정읍,11130500.0,2628.0
15411,2021-04,W6Y412,대정읍,,
15412,2021-05,W6Y412,대정읍,9845850.0,2744.0
15413,2021-06,W6Y412,대정읍,9957550.0,2950.0
15414,2018-01,W6Y413,대정읍,324650.0,58.0
15415,2018-02,W6Y413,대정읍,295750.0,50.0
15416,2018-03,W6Y413,대정읍,421950.0,65.0
15417,2018-04,W6Y413,대정읍,392700.0,58.0
15418,2018-05,W6Y413,대정읍,413150.0,60.0
15419,2018-06,W6Y413,대정읍,900.0,1.0
15420,2018-07,W6Y413,대정읍,,
15421,2018-08,W6Y413,대정읍,17300.0,3.0
15422,2018-09,W6Y413,대정읍,636600.0,104.0
15423,2018-10,W6Y413,대정읍,629700.0,113.0
15424,2018-11,W6Y413,대정읍,607000.0,92.0
15425,2018-12,W6Y413,대정읍,664100.0,99.0
15426,2019-01,W6Y413,대정읍,852000.0,133.0
15427,2019-02,W6Y413,대정읍,787150.0,135.0
15428,2019-03,W6Y413,대정읍,786200.0,131.0
15429,2019-04,W6Y413,대정읍,779100.0,126.0
15430,2019-05,W6Y413,대정읍,707300.0,141.0
15431,2019-06,W6Y413,대정읍,804550.0,145.0
15432,2019-07,W6Y413,대정읍,680700.0,136.0
15433,2019-08,W6Y413,대정읍,557100.0,108.0
15434,2019-09,W6Y413,대정읍,480650.0,82.0
15435,2019-10,W6Y413,대정읍,811750.0,129.0
15436,2019-11,W6Y413,대정읍,876700.0,135.0
15437,2019-12,W6Y413,대정읍,1064800.0,145.0
15438,2020-01,W6Y413,대정읍,1150900.0,163.0
15439,2020-02,W6Y413,대정읍,848950.0,128.0
15440,2020-03,W6Y413,대정읍,1022900.0,165.0
15441,2020-04,W6Y413,대정읍,1114100.0,182.0
15442,2020-05,W6Y413,대정읍,1419500.0,264.0
15443,2020-06,W6Y413,대정읍,1410800.0,279.0
15444,2020-07,W6Y413,대정읍,1505000.0,280.0
15445,2020-08,W6Y413,대정읍,1365850.0,227.0
15446,2020-09,W6Y413,대정읍,1086950.0,210.0
15447,2020-10,W6Y413,대정읍,1193900.0,226.0
15448,2020-11,W6Y413,대정읍,1254200.0,231.0
15449,2020-12,W6Y413,대정읍,1356350.0,268.0
15450,2021-01,W6Y413,대정읍,1282300.0,248.0
15451,2021-02,W6Y413,대정읍,1356150.0,221.0
15452,2021-03,W6Y413,대정읍,1590800.0,281.0
15453,2021-04,W6Y413,대정읍,,
15454,2021-05,W6Y413,대정읍,2042900.0,376.0
15455,2021-06,W6Y413,대정읍,984800.0,202.0
15456,2018-01,W6Y414,대정읍,713150.0,124.0
15457,2018-02,W6Y414,대정읍,720600.0,130.0
15458,2018-03,W6Y414,대정읍,827550.0,170.0
15459,2018-04,W6Y414,대정읍,848750.0,184.0
15460,2018-05,W6Y414,대정읍,763500.0,205.0
15461,2018-06,W6Y414,대정읍,791200.0,225.0
15462,2018-07,W6Y414,대정읍,958450.0,231.0
15463,2018-08,W6Y414,대정읍,932550.0,239.0
15464,2018-09,W6Y414,대정읍,975850.0,265.0
15465,2018-10,W6Y414,대정읍,992700.0,264.0
15466,2018-11,W6Y414,대정읍,842050.0,223.0
15467,2018-12,W6Y414,대정읍,1069100.0,229.0
15468,2019-01,W6Y414,대정읍,983950.0,214.0
15469,2019-02,W6Y414,대정읍,1205400.0,253.0
15470,2019-03,W6Y414,대정읍,1351150.0,270.0
15471,2019-04,W6Y414,대정읍,1818000.0,326.0
15472,2019-05,W6Y414,대정읍,1908250.0,375.0
15473,2019-06,W6Y414,대정읍,2848500.0,580.0
15474,2019-07,W6Y414,대정읍,3091400.0,814.0
15475,2019-08,W6Y414,대정읍,3251450.0,869.0
15476,2019-09,W6Y414,대정읍,2598800.0,717.0
15477,2019-10,W6Y414,대정읍,2152750.0,611.0
15478,2019-11,W6Y414,대정읍,1780300.0,504.0
15479,2019-12,W6Y414,대정읍,2090750.0,530.0
15480,2020-01,W6Y414,대정읍,2225200.0,520.0
15481,2020-02,W6Y414,대정읍,2024250.0,476.0
15482,2020-03,W6Y414,대정읍,2609650.0,704.0
15483,2020-04,W6Y414,대정읍,1962400.0,614.0
15484,2020-05,W6Y414,대정읍,1889300.0,686.0
15485,2020-06,W6Y414,대정읍,1906900.0,613.0
15486,2020-07,W6Y414,대정읍,694200.0,261.0
15487,2020-08,W6Y414,대정읍,1650650.0,539.0
15488,2020-09,W6Y414,대정읍,1163650.0,491.0
15489,2020-10,W6Y414,대정읍,1205650.0,486.0
15490,2020-11,W6Y414,대정읍,1157650.0,420.0
15491,2020-12,W6Y414,대정읍,1277300.0,424.0
15492,2021-01,W6Y414,대정읍,1232650.0,380.0
15493,2021-02,W6Y414,대정읍,1263800.0,358.0
15494,2021-03,W6Y414,대정읍,1205850.0,375.0
15495,2021-04,W6Y414,대정읍,,
15496,2021-05,W6Y414,대정읍,1638800.0,558.0
15497,2021-06,W6Y414,대정읍,1567050.0,585.0
15498,2018-01,W6Y415,대정읍,971500.0,268.0
15499,2018-02,W6Y415,대정읍,1137550.0,291.0
15500,2018-03,W6Y415,대정읍,1962900.0,337.0
15501,2018-04,W6Y415,대정읍,1060350.0,329.0
15502,2018-05,W6Y415,대정읍,1242600.0,428.0
15503,2018-06,W6Y415,대정읍,1447550.0,503.0
15504,2018-07,W6Y415,대정읍,1991150.0,705.0
15505,2018-08,W6Y415,대정읍,1800550.0,655.0
15506,2018-09,W6Y415,대정읍,1657100.0,648.0
15507,2018-10,W6Y415,대정읍,1698500.0,613.0
15508,2018-11,W6Y415,대정읍,2101750.0,650.0
15509,2018-12,W6Y415,대정읍,2430700.0,656.0
15510,2019-01,W6Y415,대정읍,2502850.0,563.0
15511,2019-02,W6Y415,대정읍,3199950.0,783.0
15512,2019-03,W6Y415,대정읍,4001550.0,1006.0
15513,2019-04,W6Y415,대정읍,3864800.0,1048.0
15514,2019-05,W6Y415,대정읍,4660500.0,1272.0
15515,2019-06,W6Y415,대정읍,4328650.0,1277.0
15516,2019-07,W6Y415,대정읍,4339250.0,1411.0
15517,2019-08,W6Y415,대정읍,4337850.0,1259.0
15518,2019-09,W6Y415,대정읍,3789300.0,1121.0
15519,2019-10,W6Y415,대정읍,3245250.0,947.0
15520,2019-11,W6Y415,대정읍,3461400.0,862.0
15521,2019-12,W6Y415,대정읍,3558200.0,819.0
15522,2020-01,W6Y415,대정읍,3954250.0,822.0
15523,2020-02,W6Y415,대정읍,2422200.0,510.0
15524,2020-03,W6Y415,대정읍,1746650.0,442.0
15525,2020-04,W6Y415,대정읍,2490850.0,512.0
15526,2020-05,W6Y415,대정읍,2693400.0,631.0
15527,2020-06,W6Y415,대정읍,4372700.0,1159.0
15528,2020-07,W6Y415,대정읍,4898149.0,1613.0
15529,2020-08,W6Y415,대정읍,3974450.0,1397.0
15530,2020-09,W6Y415,대정읍,2367300.0,917.0
15531,2020-10,W6Y415,대정읍,2746900.0,945.0
15532,2020-11,W6Y415,대정읍,1991150.0,646.0
15533,2020-12,W6Y415,대정읍,1960500.0,573.0
15534,2021-01,W6Y415,대정읍,1892550.0,521.0
15535,2021-02,W6Y415,대정읍,2074400.0,632.0
15536,2021-03,W6Y415,대정읍,2238300.0,702.0
15537,2021-04,W6Y415,대정읍,,
15538,2021-05,W6Y415,대정읍,2479700.0,839.0
15539,2021-06,W6Y415,대정읍,1252150.0,552.0
15540,2018-01,W6Y416,대정읍,,
15541,2018-02,W6Y416,대정읍,,
15542,2018-03,W6Y416,대정읍,100500.0,32.0
15543,2018-04,W6Y416,대정읍,140700.0,75.0
15544,2018-05,W6Y416,대정읍,215100.0,107.0
15545,2018-06,W6Y416,대정읍,473800.0,128.0
15546,2018-07,W6Y416,대정읍,467850.0,141.0
15547,2018-08,W6Y416,대정읍,305300.0,113.0
15548,2018-09,W6Y416,대정읍,294500.0,117.0
15549,2018-10,W6Y416,대정읍,303450.0,96.0
15550,2018-11,W6Y416,대정읍,352000.0,71.0
15551,2018-12,W6Y416,대정읍,226650.0,56.0
15552,2019-01,W6Y416,대정읍,411900.0,86.0
15553,2019-02,W6Y416,대정읍,283700.0,65.0
15554,2019-03,W6Y416,대정읍,375000.0,84.0
15555,2019-04,W6Y416,대정읍,447350.0,96.0
15556,2019-05,W6Y416,대정읍,470800.0,129.0
15557,2019-06,W6Y416,대정읍,580950.0,173.0
15558,2019-07,W6Y416,대정읍,638550.0,184.0
15559,2019-08,W6Y416,대정읍,573250.0,139.0
15560,2019-09,W6Y416,대정읍,522950.0,143.0
15561,2019-10,W6Y416,대정읍,541550.0,143.0
15562,2019-11,W6Y416,대정읍,485750.0,126.0
15563,2019-12,W6Y416,대정읍,472800.0,126.0
15564,2020-01,W6Y416,대정읍,479050.0,103.0
15565,2020-02,W6Y416,대정읍,347500.0,85.0
15566,2020-03,W6Y416,대정읍,499200.0,107.0
15567,2020-04,W6Y416,대정읍,507900.0,101.0
15568,2020-05,W6Y416,대정읍,535600.0,117.0
15569,2020-06,W6Y416,대정읍,534750.0,121.0
15570,2020-07,W6Y416,대정읍,614000.0,141.0
15571,2020-08,W6Y416,대정읍,657500.0,177.0
15572,2020-09,W6Y416,대정읍,494050.0,157.0
15573,2020-10,W6Y416,대정읍,590400.0,133.0
15574,2020-11,W6Y416,대정읍,615500.0,135.0
15575,2020-12,W6Y416,대정읍,688650.0,175.0
15576,2021-01,W6Y416,대정읍,665100.0,200.0
15577,2021-02,W6Y416,대정읍,588200.0,169.0
15578,2021-03,W6Y416,대정읍,659850.0,193.0
15579,2021-04,W6Y416,대정읍,,
15580,2021-05,W6Y416,대정읍,663950.0,230.0
15581,2021-06,W6Y416,대정읍,254250.0,83.0
15582,2018-01,W6Y417,대정읍,1373900.0,300.0
15583,2018-02,W6Y417,대정읍,1282050.0,308.0
15584,2018-03,W6Y417,대정읍,1713800.0,355.0
15585,2018-04,W6Y417,대정읍,3227200.0,399.0
15586,2018-05,W6Y417,대정읍,2706600.0,456.0
15587,2018-06,W6Y417,대정읍,2826700.0,503.0
15588,2018-07,W6Y417,대정읍,2623050.0,556.0
15589,2018-08,W6Y417,대정읍,2265000.0,568.0
15590,2018-09,W6Y417,대정읍,1606700.0,474.0
15591,2018-10,W6Y417,대정읍,1689300.0,458.0
15592,2018-11,W6Y417,대정읍,1882200.0,421.0
15593,2018-12,W6Y417,대정읍,2898300.0,441.0
15594,2019-01,W6Y417,대정읍,3713750.0,462.0
15595,2019-02,W6Y417,대정읍,4090000.0,536.0
15596,2019-03,W6Y417,대정읍,4430500.0,630.0
15597,2019-04,W6Y417,대정읍,2491350.0,553.0
15598,2019-05,W6Y417,대정읍,2785350.0,622.0
15599,2019-06,W6Y417,대정읍,3177400.0,722.0
15600,2019-07,W6Y417,대정읍,3605350.0,805.0
15601,2019-08,W6Y417,대정읍,3393950.0,814.0
15602,2019-09,W6Y417,대정읍,2804400.0,771.0
15603,2019-10,W6Y417,대정읍,2098700.0,656.0
15604,2019-11,W6Y417,대정읍,1779350.0,605.0
15605,2019-12,W6Y417,대정읍,1978900.0,560.0
15606,2020-01,W6Y417,대정읍,1765650.0,516.0
15607,2020-02,W6Y417,대정읍,1617950.0,463.0
15608,2020-03,W6Y417,대정읍,1878000.0,495.0
15609,2020-04,W6Y417,대정읍,1654500.0,513.0
15610,2020-05,W6Y417,대정읍,2092350.0,537.0
15611,2020-06,W6Y417,대정읍,1504050.0,392.0
15612,2020-07,W6Y417,대정읍,1801200.0,553.0
15613,2020-08,W6Y417,대정읍,3490300.0,966.0
15614,2020-09,W6Y417,대정읍,3010700.0,837.0
15615,2020-10,W6Y417,대정읍,2813700.0,805.0
15616,2020-11,W6Y417,대정읍,2724500.0,726.0
15617,2020-12,W6Y417,대정읍,2828050.0,723.0
15618,2021-01,W6Y417,대정읍,2691650.0,625.0
15619,2021-02,W6Y417,대정읍,2852300.0,632.0
15620,2021-03,W6Y417,대정읍,2675350.0,679.0
15621,2021-04,W6Y417,대정읍,,
15622,2021-05,W6Y417,대정읍,3041000.0,830.0
15623,2021-06,W6Y417,대정읍,2837900.0,868.0
15624,2018-01,W6Y418,대정읍,,
15625,2018-02,W6Y418,대정읍,,
15626,2018-03,W6Y418,대정읍,,
15627,2018-04,W6Y418,대정읍,,
15628,2018-05,W6Y418,대정읍,,
15629,2018-06,W6Y418,대정읍,,
15630,2018-07,W6Y418,대정읍,,
15631,2018-08,W6Y418,대정읍,,
15632,2018-09,W6Y418,대정읍,,
15633,2018-10,W6Y418,대정읍,,
15634,2018-11,W6Y418,대정읍,,
15635,2018-12,W6Y418,대정읍,,
15636,2019-01,W6Y418,대정읍,,
15637,2019-02,W6Y418,대정읍,,
15638,2019-03,W6Y418,대정읍,,
15639,2019-04,W6Y418,대정읍,,
15640,2019-05,W6Y418,대정읍,,
15641,2019-06,W6Y418,대정읍,,
15642,2019-07,W6Y418,대정읍,,
15643,2019-08,W6Y418,대정읍,,
15644,2019-09,W6Y418,대정읍,,
15645,2019-10,W6Y418,대정읍,,
15646,2019-11,W6Y418,대정읍,,
15647,2019-12,W6Y418,대정읍,,
15648,2020-01,W6Y418,대정읍,,
15649,2020-02,W6Y418,대정읍,,
15650,2020-03,W6Y418,대정읍,,
15651,2020-04,W6Y418,대정읍,,
15652,2020-05,W6Y418,대정읍,,
15653,2020-06,W6Y418,대정읍,,
15654,2020-07,W6Y418,대정읍,,
15655,2020-08,W6Y418,대정읍,,
15656,2020-09,W6Y418,대정읍,,
15657,2020-10,W6Y418,대정읍,,
15658,2020-11,W6Y418,대정읍,,
15659,2020-12,W6Y418,대정읍,,
15660,2021-01,W6Y418,대정읍,,
15661,2021-02,W6Y418,대정읍,,
15662,2021-03,W6Y418,대정읍,,
15663,2021-04,W6Y418,대정읍,,
15664,2021-05,W6Y418,대정읍,,
15665,2021-06,W6Y418,대정읍,,
15666,2018-01,W6Y419,대정읍,754550.0,253.0
15667,2018-02,W6Y419,대정읍,761000.0,273.0
15668,2018-03,W6Y419,대정읍,978850.0,325.0
15669,2018-04,W6Y419,대정읍,683050.0,271.0
15670,2018-05,W6Y419,대정읍,744750.0,298.0
15671,2018-06,W6Y419,대정읍,757450.0,312.0
15672,2018-07,W6Y419,대정읍,927700.0,374.0
15673,2018-08,W6Y419,대정읍,889900.0,375.0
15674,2018-09,W6Y419,대정읍,836950.0,360.0
15675,2018-10,W6Y419,대정읍,705900.0,343.0
15676,2018-11,W6Y419,대정읍,745750.0,306.0
15677,2018-12,W6Y419,대정읍,787550.0,281.0
15678,2019-01,W6Y419,대정읍,761100.0,270.0
15679,2019-02,W6Y419,대정읍,1274400.0,369.0
15680,2019-03,W6Y419,대정읍,1174600.0,329.0
15681,2019-04,W6Y419,대정읍,1312700.0,384.0
15682,2019-05,W6Y419,대정읍,1469700.0,483.0
15683,2019-06,W6Y419,대정읍,2265450.0,758.0
15684,2019-07,W6Y419,대정읍,2680350.0,901.0
15685,2019-08,W6Y419,대정읍,2875000.0,895.0
15686,2019-09,W6Y419,대정읍,2516500.0,922.0
15687,2019-10,W6Y419,대정읍,2161050.0,782.0
15688,2019-11,W6Y419,대정읍,2006700.0,692.0
15689,2019-12,W6Y419,대정읍,2022500.0,641.0
15690,2020-01,W6Y419,대정읍,2539300.0,788.0
15691,2020-02,W6Y419,대정읍,2822350.0,834.0
15692,2020-03,W6Y419,대정읍,3226150.0,1013.0
15693,2020-04,W6Y419,대정읍,3035500.0,1036.0
15694,2020-05,W6Y419,대정읍,3286500.0,1209.0
15695,2020-06,W6Y419,대정읍,2348800.0,912.0
15696,2020-07,W6Y419,대정읍,1429500.0,564.0
15697,2020-08,W6Y419,대정읍,1920850.0,757.0
15698,2020-09,W6Y419,대정읍,1638750.0,706.0
15699,2020-10,W6Y419,대정읍,1588250.0,718.0
15700,2020-11,W6Y419,대정읍,1600200.0,713.0
15701,2020-12,W6Y419,대정읍,1946400.0,742.0
15702,2021-01,W6Y419,대정읍,1905550.0,713.0
15703,2021-02,W6Y419,대정읍,1733100.0,642.0
15704,2021-03,W6Y419,대정읍,1787700.0,703.0
15705,2021-04,W6Y419,대정읍,,
15706,2021-05,W6Y419,대정읍,2024550.0,770.0
15707,2021-06,W6Y419,대정읍,2057100.0,855.0
15708,2018-01,W6Y420,대정읍,293800.0,68.0
15709,2018-02,W6Y420,대정읍,180600.0,58.0
15710,2018-03,W6Y420,대정읍,250150.0,76.0
15711,2018-04,W6Y420,대정읍,251300.0,72.0
15712,2018-05,W6Y420,대정읍,211450.0,88.0
15713,2018-06,W6Y420,대정읍,229700.0,103.0
15714,2018-07,W6Y420,대정읍,276550.0,113.0
15715,2018-08,W6Y420,대정읍,299300.0,115.0
15716,2018-09,W6Y420,대정읍,283750.0,120.0
15717,2018-10,W6Y420,대정읍,276700.0,126.0
15718,2018-11,W6Y420,대정읍,271100.0,117.0
15719,2018-12,W6Y420,대정읍,254650.0,102.0
15720,2019-01,W6Y420,대정읍,171450.0,88.0
15721,2019-02,W6Y420,대정읍,309300.0,122.0
15722,2019-03,W6Y420,대정읍,455450.0,148.0
15723,2019-04,W6Y420,대정읍,757250.0,198.0
15724,2019-05,W6Y420,대정읍,845050.0,218.0
15725,2019-06,W6Y420,대정읍,692500.0,252.0
15726,2019-07,W6Y420,대정읍,1118100.0,378.0
15727,2019-08,W6Y420,대정읍,1210300.0,433.0
15728,2019-09,W6Y420,대정읍,1169300.0,437.0
15729,2019-10,W6Y420,대정읍,935500.0,382.0
15730,2019-11,W6Y420,대정읍,1132350.0,384.0
15731,2019-12,W6Y420,대정읍,1021500.0,316.0
15732,2020-01,W6Y420,대정읍,1332200.0,385.0
15733,2020-02,W6Y420,대정읍,675100.0,162.0
15734,2020-03,W6Y420,대정읍,528800.0,78.0
15735,2020-04,W6Y420,대정읍,727350.0,143.0
15736,2020-05,W6Y420,대정읍,646350.0,144.0
15737,2020-06,W6Y420,대정읍,429000.0,97.0
15738,2020-07,W6Y420,대정읍,614500.0,136.0
15739,2020-08,W6Y420,대정읍,609250.0,130.0
15740,2020-09,W6Y420,대정읍,671450.0,147.0
15741,2020-10,W6Y420,대정읍,728450.0,128.0
15742,2020-11,W6Y420,대정읍,721100.0,102.0
15743,2020-12,W6Y420,대정읍,710700.0,116.0
15744,2021-01,W6Y420,대정읍,942400.0,182.0
15745,2021-02,W6Y420,대정읍,839250.0,172.0
15746,2021-03,W6Y420,대정읍,906900.0,191.0
15747,2021-04,W6Y420,대정읍,,
15748,2021-05,W6Y420,대정읍,1192200.0,239.0
15749,2021-06,W6Y420,대정읍,1374150.0,289.0
15750,2018-01,W6Y421,대정읍,239200.0,85.0
15751,2018-02,W6Y421,대정읍,283250.0,84.0
15752,2018-03,W6Y421,대정읍,318750.0,94.0
15753,2018-04,W6Y421,대정읍,324500.0,102.0
15754,2018-05,W6Y421,대정읍,376100.0,163.0
15755,2018-06,W6Y421,대정읍,431800.0,194.0
15756,2018-07,W6Y421,대정읍,545200.0,205.0
15757,2018-08,W6Y421,대정읍,532350.0,197.0
15758,2018-09,W6Y421,대정읍,420300.0,177.0
15759,2018-10,W6Y421,대정읍,444300.0,171.0
15760,2018-11,W6Y421,대정읍,375150.0,157.0
15761,2018-12,W6Y421,대정읍,530100.0,178.0
15762,2019-01,W6Y421,대정읍,494050.0,162.0
15763,2019-02,W6Y421,대정읍,644300.0,208.0
15764,2019-03,W6Y421,대정읍,714350.0,223.0
15765,2019-04,W6Y421,대정읍,692500.0,245.0
15766,2019-05,W6Y421,대정읍,705400.0,252.0
15767,2019-06,W6Y421,대정읍,1325900.0,410.0
15768,2019-07,W6Y421,대정읍,1690550.0,546.0
15769,2019-08,W6Y421,대정읍,1449250.0,443.0
15770,2019-09,W6Y421,대정읍,1659800.0,529.0
15771,2019-10,W6Y421,대정읍,1486800.0,511.0
15772,2019-11,W6Y421,대정읍,1627750.0,440.0
15773,2019-12,W6Y421,대정읍,1720650.0,472.0
15774,2020-01,W6Y421,대정읍,1943950.0,506.0
15775,2020-02,W6Y421,대정읍,1727600.0,433.0
15776,2020-03,W6Y421,대정읍,1428650.0,301.0
15777,2020-04,W6Y421,대정읍,1604400.0,351.0
15778,2020-05,W6Y421,대정읍,2119900.0,474.0
15779,2020-06,W6Y421,대정읍,1208900.0,270.0
15780,2020-07,W6Y421,대정읍,294350.0,65.0
15781,2020-08,W6Y421,대정읍,,
15782,2020-09,W6Y421,대정읍,,
15783,2020-10,W6Y421,대정읍,,
15784,2020-11,W6Y421,대정읍,,
15785,2020-12,W6Y421,대정읍,,
15786,2021-01,W6Y421,대정읍,108500.0,12.0
15787,2021-02,W6Y421,대정읍,277600.0,44.0
15788,2021-03,W6Y421,대정읍,658900.0,93.0
15789,2021-04,W6Y421,대정읍,,
15790,2021-05,W6Y421,대정읍,385250.0,85.0
15791,2021-06,W6Y421,대정읍,549650.0,111.0
15792,2018-01,W6Y422,대정읍,737600.0,178.0
15793,2018-02,W6Y422,대정읍,740750.0,203.0
15794,2018-03,W6Y422,대정읍,725950.0,202.0
15795,2018-04,W6Y422,대정읍,1075200.0,236.0
15796,2018-05,W6Y422,대정읍,907300.0,267.0
15797,2018-06,W6Y422,대정읍,1373650.0,383.0
15798,2018-07,W6Y422,대정읍,2296700.0,567.0
15799,2018-08,W6Y422,대정읍,2236300.0,565.0
15800,2018-09,W6Y422,대정읍,2133400.0,703.0
15801,2018-10,W6Y422,대정읍,2032800.0,664.0
15802,2018-11,W6Y422,대정읍,1864800.0,600.0
15803,2018-12,W6Y422,대정읍,2295950.0,596.0
15804,2019-01,W6Y422,대정읍,2369700.0,595.0
15805,2019-02,W6Y422,대정읍,2808500.0,700.0
15806,2019-03,W6Y422,대정읍,3361500.0,776.0
15807,2019-04,W6Y422,대정읍,3246650.0,825.0
15808,2019-05,W6Y422,대정읍,3552250.0,952.0
15809,2019-06,W6Y422,대정읍,3707150.0,1078.0
15810,2019-07,W6Y422,대정읍,3579650.0,1190.0
15811,2019-08,W6Y422,대정읍,3663450.0,1195.0
15812,2019-09,W6Y422,대정읍,3409400.0,1214.0
15813,2019-10,W6Y422,대정읍,2913650.0,1037.0
15814,2019-11,W6Y422,대정읍,2866950.0,919.0
15815,2019-12,W6Y422,대정읍,3200350.0,936.0
15816,2020-01,W6Y422,대정읍,2824100.0,931.0
15817,2020-02,W6Y422,대정읍,2993100.0,910.0
15818,2020-03,W6Y422,대정읍,2604850.0,896.0
15819,2020-04,W6Y422,대정읍,2531000.0,885.0
15820,2020-05,W6Y422,대정읍,2328400.0,931.0
15821,2020-06,W6Y422,대정읍,2064550.0,830.0
15822,2020-07,W6Y422,대정읍,2000.0,1.0
15823,2020-08,W6Y422,대정읍,,
15824,2020-09,W6Y422,대정읍,1034600.0,414.0
15825,2020-10,W6Y422,대정읍,2574450.0,1114.0
15826,2020-11,W6Y422,대정읍,2401250.0,918.0
15827,2020-12,W6Y422,대정읍,2589050.0,909.0
15828,2021-01,W6Y422,대정읍,2847900.0,882.0
15829,2021-02,W6Y422,대정읍,1897750.0,542.0
15830,2021-03,W6Y422,대정읍,800.0,2.0
15831,2021-04,W6Y422,대정읍,,
15832,2021-05,W6Y422,대정읍,,
15833,2021-06,W6Y422,대정읍,693650.0,285.0
15834,2018-01,W6Y423,대정읍,3767900.0,428.0
15835,2018-02,W6Y423,대정읍,2786550.0,354.0
15836,2018-03,W6Y423,대정읍,3055850.0,400.0
15837,2018-04,W6Y423,대정읍,2785950.0,377.0
15838,2018-05,W6Y423,대정읍,3174050.0,421.0
15839,2018-06,W6Y423,대정읍,3118950.0,442.0
15840,2018-07,W6Y423,대정읍,3649550.0,513.0
15841,2018-08,W6Y423,대정읍,3468200.0,484.0
15842,2018-09,W6Y423,대정읍,3319650.0,462.0
15843,2018-10,W6Y423,대정읍,4714950.0,585.0
15844,2018-11,W6Y423,대정읍,6107750.0,622.0
15845,2018-12,W6Y423,대정읍,6000600.0,510.0
15846,2019-01,W6Y423,대정읍,5377350.0,569.0
15847,2019-02,W6Y423,대정읍,4405700.0,615.0
15848,2019-03,W6Y423,대정읍,4767750.0,712.0
15849,2019-04,W6Y423,대정읍,4928650.0,763.0
15850,2019-05,W6Y423,대정읍,5542200.0,886.0
15851,2019-06,W6Y423,대정읍,5514100.0,951.0
15852,2019-07,W6Y423,대정읍,4334100.0,821.0
15853,2019-08,W6Y423,대정읍,4143250.0,867.0
15854,2019-09,W6Y423,대정읍,3950100.0,826.0
15855,2019-10,W6Y423,대정읍,4916950.0,989.0
15856,2019-11,W6Y423,대정읍,7005350.0,955.0
15857,2019-12,W6Y423,대정읍,5370550.0,696.0
15858,2020-01,W6Y423,대정읍,4771350.0,667.0
15859,2020-02,W6Y423,대정읍,4120200.0,705.0
15860,2020-03,W6Y423,대정읍,4067100.0,789.0
15861,2020-04,W6Y423,대정읍,3621100.0,794.0
15862,2020-05,W6Y423,대정읍,5061500.0,967.0
15863,2020-06,W6Y423,대정읍,5421499.0,962.0
15864,2020-07,W6Y423,대정읍,4597150.0,884.0
15865,2020-08,W6Y423,대정읍,3257200.0,707.0
15866,2020-09,W6Y423,대정읍,1907650.0,578.0
15867,2020-10,W6Y423,대정읍,2881700.0,689.0
15868,2020-11,W6Y423,대정읍,5030850.0,745.0
15869,2020-12,W6Y423,대정읍,6003900.0,807.0
15870,2021-01,W6Y423,대정읍,5270200.0,847.0
15871,2021-02,W6Y423,대정읍,5167450.0,827.0
15872,2021-03,W6Y423,대정읍,5418050.0,868.0
15873,2021-04,W6Y423,대정읍,,
15874,2021-05,W6Y423,대정읍,5316700.0,1011.0
15875,2021-06,W6Y423,대정읍,4407150.0,887.0
15876,2018-01,W6Y424,대정읍,1840350.0,483.0
15877,2018-02,W6Y424,대정읍,1818600.0,514.0
15878,2018-03,W6Y424,대정읍,1932150.0,548.0
15879,2018-04,W6Y424,대정읍,1802800.0,530.0
15880,2018-05,W6Y424,대정읍,1947500.0,587.0
15881,2018-06,W6Y424,대정읍,1896350.0,668.0
15882,2018-07,W6Y424,대정읍,2362650.0,782.0
15883,2018-08,W6Y424,대정읍,2068550.0,754.0
15884,2018-09,W6Y424,대정읍,1957400.0,754.0
15885,2018-10,W6Y424,대정읍,1489450.0,601.0
15886,2018-11,W6Y424,대정읍,1602550.0,564.0
15887,2018-12,W6Y424,대정읍,1680750.0,529.0
15888,2019-01,W6Y424,대정읍,1648650.0,487.0
15889,2019-02,W6Y424,대정읍,2678650.0,587.0
15890,2019-03,W6Y424,대정읍,2689800.0,609.0
15891,2019-04,W6Y424,대정읍,2666200.0,623.0
15892,2019-05,W6Y424,대정읍,3374650.0,723.0
15893,2019-06,W6Y424,대정읍,3563450.0,827.0
15894,2019-07,W6Y424,대정읍,4311650.0,936.0
15895,2019-08,W6Y424,대정읍,3826950.0,1016.0
15896,2019-09,W6Y424,대정읍,3750850.0,1060.0
15897,2019-10,W6Y424,대정읍,3464900.0,892.0
15898,2019-11,W6Y424,대정읍,2613700.0,689.0
15899,2019-12,W6Y424,대정읍,3342000.0,807.0
15900,2020-01,W6Y424,대정읍,5303650.0,1035.0
15901,2020-02,W6Y424,대정읍,4407650.0,877.0
15902,2020-03,W6Y424,대정읍,4323750.0,895.0
15903,2020-04,W6Y424,대정읍,3834350.0,943.0
15904,2020-05,W6Y424,대정읍,3458400.0,1003.0
15905,2020-06,W6Y424,대정읍,4046550.0,997.0
15906,2020-07,W6Y424,대정읍,4497100.0,1141.0
15907,2020-08,W6Y424,대정읍,3597600.0,1050.0
15908,2020-09,W6Y424,대정읍,3677350.0,1114.0
15909,2020-10,W6Y424,대정읍,4296000.0,1181.0
15910,2020-11,W6Y424,대정읍,4128550.0,1107.0
15911,2020-12,W6Y424,대정읍,4526600.0,1021.0
15912,2021-01,W6Y424,대정읍,4949500.0,978.0
15913,2021-02,W6Y424,대정읍,4695250.0,917.0
15914,2021-03,W6Y424,대정읍,5025800.0,994.0
15915,2021-04,W6Y424,대정읍,,
15916,2021-05,W6Y424,대정읍,4026550.0,1089.0
15917,2021-06,W6Y424,대정읍,4097000.0,1140.0
15918,2018-01,W6Y425,대정읍,759750.0,315.0
15919,2018-02,W6Y425,대정읍,634400.0,275.0
15920,2018-03,W6Y425,대정읍,20950.0,6.0
15921,2018-04,W6Y425,대정읍,,
15922,2018-05,W6Y425,대정읍,13550.0,1.0
15923,2018-06,W6Y425,대정읍,95000.0,17.0
15924,2018-07,W6Y425,대정읍,59550.0,11.0
15925,2018-08,W6Y425,대정읍,98900.0,21.0
15926,2018-09,W6Y425,대정읍,144900.0,32.0
15927,2018-10,W6Y425,대정읍,75400.0,27.0
15928,2018-11,W6Y425,대정읍,105550.0,30.0
15929,2018-12,W6Y425,대정읍,110300.0,34.0
15930,2019-01,W6Y425,대정읍,259450.0,81.0
15931,2019-02,W6Y425,대정읍,267450.0,74.0
15932,2019-03,W6Y425,대정읍,111400.0,36.0
15933,2019-04,W6Y425,대정읍,133000.0,36.0
15934,2019-05,W6Y425,대정읍,77850.0,26.0
15935,2019-06,W6Y425,대정읍,71100.0,24.0
15936,2019-07,W6Y425,대정읍,120200.0,31.0
15937,2019-08,W6Y425,대정읍,118350.0,32.0
15938,2019-09,W6Y425,대정읍,398200.0,170.0
15939,2019-10,W6Y425,대정읍,170500.0,73.0
15940,2019-11,W6Y425,대정읍,194150.0,73.0
15941,2019-12,W6Y425,대정읍,26650.0,9.0
15942,2020-01,W6Y425,대정읍,,
15943,2020-02,W6Y425,대정읍,,
15944,2020-03,W6Y425,대정읍,,
15945,2020-04,W6Y425,대정읍,,
15946,2020-05,W6Y425,대정읍,,
15947,2020-06,W6Y425,대정읍,,
15948,2020-07,W6Y425,대정읍,,
15949,2020-08,W6Y425,대정읍,20800.0,6.0
15950,2020-09,W6Y425,대정읍,92450.0,26.0
15951,2020-10,W6Y425,대정읍,152950.0,30.0
15952,2020-11,W6Y425,대정읍,296750.0,49.0
15953,2020-12,W6Y425,대정읍,81700.0,20.0
15954,2021-01,W6Y425,대정읍,73250.0,32.0
15955,2021-02,W6Y425,대정읍,166350.0,50.0
15956,2021-03,W6Y425,대정읍,332000.0,65.0
15957,2021-04,W6Y425,대정읍,,
15958,2021-05,W6Y425,대정읍,301350.0,72.0
15959,2021-06,W6Y425,대정읍,445550.0,94.0
15960,2018-01,W6Y426,대정읍,119950.0,39.0
15961,2018-02,W6Y426,대정읍,148450.0,47.0
15962,2018-03,W6Y426,대정읍,126200.0,51.0
15963,2018-04,W6Y426,대정읍,155900.0,85.0
15964,2018-05,W6Y426,대정읍,168500.0,98.0
15965,2018-06,W6Y426,대정읍,188100.0,90.0
15966,2018-07,W6Y426,대정읍,253200.0,109.0
15967,2018-08,W6Y426,대정읍,244150.0,103.0
15968,2018-09,W6Y426,대정읍,222200.0,91.0
15969,2018-10,W6Y426,대정읍,168500.0,76.0
15970,2018-11,W6Y426,대정읍,170650.0,77.0
15971,2018-12,W6Y426,대정읍,190700.0,66.0
15972,2019-01,W6Y426,대정읍,174750.0,58.0
15973,2019-02,W6Y426,대정읍,227750.0,66.0
15974,2019-03,W6Y426,대정읍,185400.0,55.0
15975,2019-04,W6Y426,대정읍,174300.0,57.0
15976,2019-05,W6Y426,대정읍,205850.0,72.0
15977,2019-06,W6Y426,대정읍,289600.0,84.0
15978,2019-07,W6Y426,대정읍,229050.0,94.0
15979,2019-08,W6Y426,대정읍,307600.0,108.0
15980,2019-09,W6Y426,대정읍,261600.0,99.0
15981,2019-10,W6Y426,대정읍,187250.0,75.0
15982,2019-11,W6Y426,대정읍,153700.0,61.0
15983,2019-12,W6Y426,대정읍,158000.0,71.0
15984,2020-01,W6Y426,대정읍,242750.0,82.0
15985,2020-02,W6Y426,대정읍,134400.0,51.0
15986,2020-03,W6Y426,대정읍,247550.0,73.0
15987,2020-04,W6Y426,대정읍,188000.0,69.0
15988,2020-05,W6Y426,대정읍,249150.0,94.0
15989,2020-06,W6Y426,대정읍,269750.0,98.0
15990,2020-07,W6Y426,대정읍,313850.0,123.0
15991,2020-08,W6Y426,대정읍,322200.0,136.0
15992,2020-09,W6Y426,대정읍,336500.0,137.0
15993,2020-10,W6Y426,대정읍,210450.0,83.0
15994,2020-11,W6Y426,대정읍,257400.0,80.0
15995,2020-12,W6Y426,대정읍,269050.0,87.0
15996,2021-01,W6Y426,대정읍,241800.0,81.0
15997,2021-02,W6Y426,대정읍,257650.0,78.0
15998,2021-03,W6Y426,대정읍,249900.0,81.0
15999,2021-04,W6Y426,대정읍,,
16000,2021-05,W6Y426,대정읍,283350.0,118.0
16001,2021-06,W6Y426,대정읍,336200.0,108.0
16002,2018-01,W6Y427,대정읍,2894400.0,634.0
16003,2018-02,W6Y427,대정읍,2962850.0,619.0
16004,2018-03,W6Y427,대정읍,3584200.0,778.0
16005,2018-04,W6Y427,대정읍,3007050.0,758.0
16006,2018-05,W6Y427,대정읍,3042100.0,819.0
16007,2018-06,W6Y427,대정읍,3617500.0,1016.0
16008,2018-07,W6Y427,대정읍,4251900.0,1163.0
16009,2018-08,W6Y427,대정읍,4902950.0,1195.0
16010,2018-09,W6Y427,대정읍,4274700.0,1126.0
16011,2018-10,W6Y427,대정읍,3231700.0,836.0
16012,2018-11,W6Y427,대정읍,3026650.0,797.0
16013,2018-12,W6Y427,대정읍,3214400.0,742.0
16014,2019-01,W6Y427,대정읍,3078200.0,733.0
16015,2019-02,W6Y427,대정읍,3880000.0,879.0
16016,2019-03,W6Y427,대정읍,3740000.0,924.0
16017,2019-04,W6Y427,대정읍,3904050.0,878.0
16018,2019-05,W6Y427,대정읍,4900400.0,1179.0
16019,2019-06,W6Y427,대정읍,4587350.0,1288.0
16020,2019-07,W6Y427,대정읍,5483750.0,1409.0
16021,2019-08,W6Y427,대정읍,5503350.0,1521.0
16022,2019-09,W6Y427,대정읍,5653650.0,1635.0
16023,2019-10,W6Y427,대정읍,5394650.0,1500.0
16024,2019-11,W6Y427,대정읍,4819950.0,1279.0
16025,2019-12,W6Y427,대정읍,5018300.0,1254.0
16026,2020-01,W6Y427,대정읍,6006350.0,1355.0
16027,2020-02,W6Y427,대정읍,4475050.0,1060.0
16028,2020-03,W6Y427,대정읍,5621550.0,1374.0
16029,2020-04,W6Y427,대정읍,5007400.0,1247.0
16030,2020-05,W6Y427,대정읍,4664450.0,1308.0
16031,2020-06,W6Y427,대정읍,5120200.0,1428.0
16032,2020-07,W6Y427,대정읍,4910850.0,1207.0
16033,2020-08,W6Y427,대정읍,4309450.0,1109.0
16034,2020-09,W6Y427,대정읍,3053150.0,1076.0
16035,2020-10,W6Y427,대정읍,3146750.0,1059.0
16036,2020-11,W6Y427,대정읍,3751150.0,1063.0
16037,2020-12,W6Y427,대정읍,3608300.0,964.0
16038,2021-01,W6Y427,대정읍,3552800.0,908.0
16039,2021-02,W6Y427,대정읍,3070200.0,841.0
16040,2021-03,W6Y427,대정읍,2802800.0,784.0
16041,2021-04,W6Y427,대정읍,,
16042,2021-05,W6Y427,대정읍,2230450.0,719.0
16043,2021-06,W6Y427,대정읍,2188800.0,793.0
16044,2018-01,W6Y428,대정읍,,
16045,2018-02,W6Y428,대정읍,,
16046,2018-03,W6Y428,대정읍,,
16047,2018-04,W6Y428,대정읍,,
16048,2018-05,W6Y428,대정읍,,
16049,2018-06,W6Y428,대정읍,,
16050,2018-07,W6Y428,대정읍,,
16051,2018-08,W6Y428,대정읍,,
16052,2018-09,W6Y428,대정읍,,
16053,2018-10,W6Y428,대정읍,,
16054,2018-11,W6Y428,대정읍,,
16055,2018-12,W6Y428,대정읍,,
16056,2019-01,W6Y428,대정읍,,
16057,2019-02,W6Y428,대정읍,,
16058,2019-03,W6Y428,대정읍,,
16059,2019-04,W6Y428,대정읍,,
16060,2019-05,W6Y428,대정읍,,
16061,2019-06,W6Y428,대정읍,,
16062,2019-07,W6Y428,대정읍,,
16063,2019-08,W6Y428,대정읍,,
16064,2019-09,W6Y428,대정읍,,
16065,2019-10,W6Y428,대정읍,,
16066,2019-11,W6Y428,대정읍,,
16067,2019-12,W6Y428,대정읍,,
16068,2020-01,W6Y428,대정읍,,
16069,2020-02,W6Y428,대정읍,,
16070,2020-03,W6Y428,대정읍,,
16071,2020-04,W6Y428,대정읍,,
16072,2020-05,W6Y428,대정읍,,
16073,2020-06,W6Y428,대정읍,,
16074,2020-07,W6Y428,대정읍,,
16075,2020-08,W6Y428,대정읍,,
16076,2020-09,W6Y428,대정읍,,
16077,2020-10,W6Y428,대정읍,,
16078,2020-11,W6Y428,대정읍,,
16079,2020-12,W6Y428,대정읍,,
16080,2021-01,W6Y428,대정읍,,
16081,2021-02,W6Y428,대정읍,,
16082,2021-03,W6Y428,대정읍,,
16083,2021-04,W6Y428,대정읍,,
16084,2021-05,W6Y428,대정읍,,
16085,2021-06,W6Y428,대정읍,,
16086,2018-01,W6Y429,안덕면,274800.0,78.0
16087,2018-02,W6Y429,안덕면,287650.0,78.0
16088,2018-03,W6Y429,안덕면,295350.0,94.0
16089,2018-04,W6Y429,안덕면,363500.0,115.0
16090,2018-05,W6Y429,안덕면,712750.0,191.0
16091,2018-06,W6Y429,안덕면,563050.0,174.0
16092,2018-07,W6Y429,안덕면,553350.0,170.0
16093,2018-08,W6Y429,안덕면,438850.0,156.0
16094,2018-09,W6Y429,안덕면,444400.0,174.0
16095,2018-10,W6Y429,안덕면,624200.0,175.0
16096,2018-11,W6Y429,안덕면,335250.0,79.0
16097,2018-12,W6Y429,안덕면,609100.0,129.0
16098,2019-01,W6Y429,안덕면,498050.0,122.0
16099,2019-02,W6Y429,안덕면,492350.0,125.0
16100,2019-03,W6Y429,안덕면,591050.0,141.0
16101,2019-04,W6Y429,안덕면,514700.0,138.0
16102,2019-05,W6Y429,안덕면,347350.0,115.0
16103,2019-06,W6Y429,안덕면,565750.0,224.0
16104,2019-07,W6Y429,안덕면,480800.0,130.0
16105,2019-08,W6Y429,안덕면,628400.0,166.0
16106,2019-09,W6Y429,안덕면,570800.0,185.0
16107,2019-10,W6Y429,안덕면,624900.0,184.0
16108,2019-11,W6Y429,안덕면,637600.0,163.0
16109,2019-12,W6Y429,안덕면,354100.0,69.0
16110,2020-01,W6Y429,안덕면,372200.0,85.0
16111,2020-02,W6Y429,안덕면,283650.0,84.0
16112,2020-03,W6Y429,안덕면,262900.0,79.0
16113,2020-04,W6Y429,안덕면,190900.0,76.0
16114,2020-05,W6Y429,안덕면,613350.0,81.0
16115,2020-06,W6Y429,안덕면,571800.0,212.0
16116,2020-07,W6Y429,안덕면,1502749.0,239.0
16117,2020-08,W6Y429,안덕면,2248150.0,340.0
16118,2020-09,W6Y429,안덕면,1532150.0,297.0
16119,2020-10,W6Y429,안덕면,1591850.0,279.0
16120,2020-11,W6Y429,안덕면,1361700.0,225.0
16121,2020-12,W6Y429,안덕면,909100.0,130.0
16122,2021-01,W6Y429,안덕면,857800.0,115.0
16123,2021-02,W6Y429,안덕면,890200.0,110.0
16124,2021-03,W6Y429,안덕면,1388700.0,131.0
16125,2021-04,W6Y429,안덕면,,
16126,2021-05,W6Y429,안덕면,1012750.0,129.0
16127,2021-06,W6Y429,안덕면,1360200.0,154.0
16128,2018-01,W6Y430,안덕면,,
16129,2018-02,W6Y430,안덕면,,
16130,2018-03,W6Y430,안덕면,,
16131,2018-04,W6Y430,안덕면,,
16132,2018-05,W6Y430,안덕면,,
16133,2018-06,W6Y430,안덕면,,
16134,2018-07,W6Y430,안덕면,,
16135,2018-08,W6Y430,안덕면,,
16136,2018-09,W6Y430,안덕면,,
16137,2018-10,W6Y430,안덕면,,
16138,2018-11,W6Y430,안덕면,,
16139,2018-12,W6Y430,안덕면,,
16140,2019-01,W6Y430,안덕면,,
16141,2019-02,W6Y430,안덕면,,
16142,2019-03,W6Y430,안덕면,,
16143,2019-04,W6Y430,안덕면,,
16144,2019-05,W6Y430,안덕면,,
16145,2019-06,W6Y430,안덕면,,
16146,2019-07,W6Y430,안덕면,,
16147,2019-08,W6Y430,안덕면,,
16148,2019-09,W6Y430,안덕면,,
16149,2019-10,W6Y430,안덕면,,
16150,2019-11,W6Y430,안덕면,,
16151,2019-12,W6Y430,안덕면,,
16152,2020-01,W6Y430,안덕면,,
16153,2020-02,W6Y430,안덕면,,
16154,2020-03,W6Y430,안덕면,,
16155,2020-04,W6Y430,안덕면,,
16156,2020-05,W6Y430,안덕면,,
16157,2020-06,W6Y430,안덕면,,
16158,2020-07,W6Y430,안덕면,,
16159,2020-08,W6Y430,안덕면,,
16160,2020-09,W6Y430,안덕면,,
16161,2020-10,W6Y430,안덕면,,
16162,2020-11,W6Y430,안덕면,,
16163,2020-12,W6Y430,안덕면,,
16164,2021-01,W6Y430,안덕면,,
16165,2021-02,W6Y430,안덕면,,
16166,2021-03,W6Y430,안덕면,,
16167,2021-04,W6Y430,안덕면,,
16168,2021-05,W6Y430,안덕면,,
16169,2021-06,W6Y430,안덕면,,
16170,2018-01,W6Y431,안덕면,408600.0,176.0
16171,2018-02,W6Y431,안덕면,442600.0,142.0
16172,2018-03,W6Y431,안덕면,403450.0,191.0
16173,2018-04,W6Y431,안덕면,397600.0,216.0
16174,2018-05,W6Y431,안덕면,406950.0,241.0
16175,2018-06,W6Y431,안덕면,475750.0,284.0
16176,2018-07,W6Y431,안덕면,673200.0,418.0
16177,2018-08,W6Y431,안덕면,596250.0,359.0
16178,2018-09,W6Y431,안덕면,551950.0,334.0
16179,2018-10,W6Y431,안덕면,461900.0,290.0
16180,2018-11,W6Y431,안덕면,509000.0,263.0
16181,2018-12,W6Y431,안덕면,545900.0,261.0
16182,2019-01,W6Y431,안덕면,480650.0,244.0
16183,2019-02,W6Y431,안덕면,498850.0,235.0
16184,2019-03,W6Y431,안덕면,498200.0,275.0
16185,2019-04,W6Y431,안덕면,461100.0,239.0
16186,2019-05,W6Y431,안덕면,582400.0,289.0
16187,2019-06,W6Y431,안덕면,633350.0,362.0
16188,2019-07,W6Y431,안덕면,716250.0,386.0
16189,2019-08,W6Y431,안덕면,784000.0,398.0
16190,2019-09,W6Y431,안덕면,600350.0,319.0
16191,2019-10,W6Y431,안덕면,870650.0,499.0
16192,2019-11,W6Y431,안덕면,832350.0,410.0
16193,2019-12,W6Y431,안덕면,964850.0,422.0
16194,2020-01,W6Y431,안덕면,994900.0,413.0
16195,2020-02,W6Y431,안덕면,859550.0,395.0
16196,2020-03,W6Y431,안덕면,808150.0,421.0
16197,2020-04,W6Y431,안덕면,776550.0,431.0
16198,2020-05,W6Y431,안덕면,960250.0,512.0
16199,2020-06,W6Y431,안덕면,889000.0,529.0
16200,2020-07,W6Y431,안덕면,794900.0,484.0
16201,2020-08,W6Y431,안덕면,931850.0,483.0
16202,2020-09,W6Y431,안덕면,839950.0,498.0
16203,2020-10,W6Y431,안덕면,799650.0,455.0
16204,2020-11,W6Y431,안덕면,655400.0,412.0
16205,2020-12,W6Y431,안덕면,741000.0,411.0
16206,2021-01,W6Y431,안덕면,715550.0,355.0
16207,2021-02,W6Y431,안덕면,707400.0,361.0
16208,2021-03,W6Y431,안덕면,638900.0,370.0
16209,2021-04,W6Y431,안덕면,,
16210,2021-05,W6Y431,안덕면,780450.0,458.0
16211,2021-06,W6Y431,안덕면,638050.0,372.0
16212,2018-01,W6Y432,안덕면,906000.0,285.0
16213,2018-02,W6Y432,안덕면,933800.0,269.0
16214,2018-03,W6Y432,안덕면,952400.0,270.0
16215,2018-04,W6Y432,안덕면,766050.0,260.0
16216,2018-05,W6Y432,안덕면,947000.0,300.0
16217,2018-06,W6Y432,안덕면,881100.0,310.0
16218,2018-07,W6Y432,안덕면,1215350.0,397.0
16219,2018-08,W6Y432,안덕면,1122700.0,347.0
16220,2018-09,W6Y432,안덕면,1040650.0,336.0
16221,2018-10,W6Y432,안덕면,1107150.0,380.0
16222,2018-11,W6Y432,안덕면,1021600.0,353.0
16223,2018-12,W6Y432,안덕면,1032250.0,312.0
16224,2019-01,W6Y432,안덕면,987250.0,295.0
16225,2019-02,W6Y432,안덕면,1162750.0,317.0
16226,2019-03,W6Y432,안덕면,1060100.0,296.0
16227,2019-04,W6Y432,안덕면,946250.0,307.0
16228,2019-05,W6Y432,안덕면,1093000.0,384.0
16229,2019-06,W6Y432,안덕면,1232500.0,415.0
16230,2019-07,W6Y432,안덕면,1382150.0,413.0
16231,2019-08,W6Y432,안덕면,1621800.0,462.0
16232,2019-09,W6Y432,안덕면,1798600.0,407.0
16233,2019-10,W6Y432,안덕면,1866350.0,417.0
16234,2019-11,W6Y432,안덕면,1903500.0,477.0
16235,2019-12,W6Y432,안덕면,1782750.0,429.0
16236,2020-01,W6Y432,안덕면,1833550.0,417.0
16237,2020-02,W6Y432,안덕면,1817350.0,411.0
16238,2020-03,W6Y432,안덕면,1707350.0,424.0
16239,2020-04,W6Y432,안덕면,1294350.0,329.0
16240,2020-05,W6Y432,안덕면,1881150.0,469.0
16241,2020-06,W6Y432,안덕면,1856000.0,389.0
16242,2020-07,W6Y432,안덕면,1629050.0,365.0
16243,2020-08,W6Y432,안덕면,1560500.0,373.0
16244,2020-09,W6Y432,안덕면,115750.0,34.0
16245,2020-10,W6Y432,안덕면,,
16246,2020-11,W6Y432,안덕면,,
16247,2020-12,W6Y432,안덕면,,
16248,2021-01,W6Y432,안덕면,,
16249,2021-02,W6Y432,안덕면,,
16250,2021-03,W6Y432,안덕면,,
16251,2021-04,W6Y432,안덕면,,
16252,2021-05,W6Y432,안덕면,,
16253,2021-06,W6Y432,안덕면,,
16254,2018-01,W6Y433,안덕면,1055250.0,256.0
16255,2018-02,W6Y433,안덕면,1006050.0,226.0
16256,2018-03,W6Y433,안덕면,1076950.0,259.0
16257,2018-04,W6Y433,안덕면,961200.0,245.0
16258,2018-05,W6Y433,안덕면,1036650.0,317.0
16259,2018-06,W6Y433,안덕면,1096700.0,337.0
16260,2018-07,W6Y433,안덕면,1095350.0,344.0
16261,2018-08,W6Y433,안덕면,1277000.0,412.0
16262,2018-09,W6Y433,안덕면,1119000.0,398.0
16263,2018-10,W6Y433,안덕면,1030500.0,382.0
16264,2018-11,W6Y433,안덕면,969650.0,341.0
16265,2018-12,W6Y433,안덕면,1298400.0,425.0
16266,2019-01,W6Y433,안덕면,1296050.0,450.0
16267,2019-02,W6Y433,안덕면,760650.0,231.0
16268,2019-03,W6Y433,안덕면,839950.0,182.0
16269,2019-04,W6Y433,안덕면,952950.0,230.0
16270,2019-05,W6Y433,안덕면,779600.0,202.0
16271,2019-06,W6Y433,안덕면,997650.0,232.0
16272,2019-07,W6Y433,안덕면,1084700.0,273.0
16273,2019-08,W6Y433,안덕면,1085150.0,294.0
16274,2019-09,W6Y433,안덕면,1230450.0,309.0
16275,2019-10,W6Y433,안덕면,1055650.0,255.0
16276,2019-11,W6Y433,안덕면,1267350.0,231.0
16277,2019-12,W6Y433,안덕면,1378700.0,325.0
16278,2020-01,W6Y433,안덕면,2095800.0,446.0
16279,2020-02,W6Y433,안덕면,2529650.0,397.0
16280,2020-03,W6Y433,안덕면,2505600.0,414.0
16281,2020-04,W6Y433,안덕면,2742600.0,571.0
16282,2020-05,W6Y433,안덕면,3252800.0,624.0
16283,2020-06,W6Y433,안덕면,3459350.0,695.0
16284,2020-07,W6Y433,안덕면,1982400.0,430.0
16285,2020-08,W6Y433,안덕면,1882400.0,390.0
16286,2020-09,W6Y433,안덕면,74200.0,25.0
16287,2020-10,W6Y433,안덕면,,
16288,2020-11,W6Y433,안덕면,,
16289,2020-12,W6Y433,안덕면,,
16290,2021-01,W6Y433,안덕면,,
16291,2021-02,W6Y433,안덕면,,
16292,2021-03,W6Y433,안덕면,,
16293,2021-04,W6Y433,안덕면,,
16294,2021-05,W6Y433,안덕면,,
16295,2021-06,W6Y433,안덕면,,
16296,2018-01,W6Y434,안덕면,2305750.0,325.0
16297,2018-02,W6Y434,안덕면,1720000.0,268.0
16298,2018-03,W6Y434,안덕면,2332900.0,332.0
16299,2018-04,W6Y434,안덕면,2102750.0,319.0
16300,2018-05,W6Y434,안덕면,2093400.0,391.0
16301,2018-06,W6Y434,안덕면,2192950.0,407.0
16302,2018-07,W6Y434,안덕면,1944950.0,415.0
16303,2018-08,W6Y434,안덕면,1841650.0,380.0
16304,2018-09,W6Y434,안덕면,1535250.0,332.0
16305,2018-10,W6Y434,안덕면,1533600.0,302.0
16306,2018-11,W6Y434,안덕면,1389100.0,268.0
16307,2018-12,W6Y434,안덕면,1632700.0,285.0
16308,2019-01,W6Y434,안덕면,1396250.0,279.0
16309,2019-02,W6Y434,안덕면,1701450.0,298.0
16310,2019-03,W6Y434,안덕면,1789000.0,308.0
16311,2019-04,W6Y434,안덕면,1607550.0,301.0
16312,2019-05,W6Y434,안덕면,1386250.0,274.0
16313,2019-06,W6Y434,안덕면,1438800.0,324.0
16314,2019-07,W6Y434,안덕면,1718250.0,416.0
16315,2019-08,W6Y434,안덕면,1811400.0,486.0
16316,2019-09,W6Y434,안덕면,1627550.0,423.0
16317,2019-10,W6Y434,안덕면,1753200.0,410.0
16318,2019-11,W6Y434,안덕면,1056050.0,256.0
16319,2019-12,W6Y434,안덕면,1579750.0,321.0
16320,2020-01,W6Y434,안덕면,2066400.0,409.0
16321,2020-02,W6Y434,안덕면,1708850.0,361.0
16322,2020-03,W6Y434,안덕면,1625600.0,383.0
16323,2020-04,W6Y434,안덕면,1711150.0,382.0
16324,2020-05,W6Y434,안덕면,1829750.0,415.0
16325,2020-06,W6Y434,안덕면,1791350.0,452.0
16326,2020-07,W6Y434,안덕면,1819800.0,475.0
16327,2020-08,W6Y434,안덕면,1877250.0,510.0
16328,2020-09,W6Y434,안덕면,2318400.0,645.0
16329,2020-10,W6Y434,안덕면,2623750.0,638.0
16330,2020-11,W6Y434,안덕면,2775500.0,604.0
16331,2020-12,W6Y434,안덕면,2276200.0,507.0
16332,2021-01,W6Y434,안덕면,2888350.0,620.0
16333,2021-02,W6Y434,안덕면,3247950.0,669.0
16334,2021-03,W6Y434,안덕면,4019150.0,775.0
16335,2021-04,W6Y434,안덕면,,
16336,2021-05,W6Y434,안덕면,4545750.0,833.0
16337,2021-06,W6Y434,안덕면,4589650.0,844.0
16338,2018-01,W6Y435,안덕면,438600.0,180.0
16339,2018-02,W6Y435,안덕면,413050.0,173.0
16340,2018-03,W6Y435,안덕면,524900.0,218.0
16341,2018-04,W6Y435,안덕면,413800.0,187.0
16342,2018-05,W6Y435,안덕면,489550.0,241.0
16343,2018-06,W6Y435,안덕면,593300.0,259.0
16344,2018-07,W6Y435,안덕면,756500.0,299.0
16345,2018-08,W6Y435,안덕면,656350.0,308.0
16346,2018-09,W6Y435,안덕면,558950.0,267.0
16347,2018-10,W6Y435,안덕면,514150.0,262.0
16348,2018-11,W6Y435,안덕면,542550.0,264.0
16349,2018-12,W6Y435,안덕면,596400.0,246.0
16350,2019-01,W6Y435,안덕면,539650.0,234.0
16351,2019-02,W6Y435,안덕면,470400.0,201.0
16352,2019-03,W6Y435,안덕면,570400.0,224.0
16353,2019-04,W6Y435,안덕면,440650.0,197.0
16354,2019-05,W6Y435,안덕면,534300.0,244.0
16355,2019-06,W6Y435,안덕면,505150.0,248.0
16356,2019-07,W6Y435,안덕면,656800.0,271.0
16357,2019-08,W6Y435,안덕면,605950.0,299.0
16358,2019-09,W6Y435,안덕면,391950.0,222.0
16359,2019-10,W6Y435,안덕면,431750.0,196.0
16360,2019-11,W6Y435,안덕면,330750.0,192.0
16361,2019-12,W6Y435,안덕면,202950.0,105.0
16362,2020-01,W6Y435,안덕면,,
16363,2020-02,W6Y435,안덕면,226900.0,31.0
16364,2020-03,W6Y435,안덕면,205850.0,56.0
16365,2020-04,W6Y435,안덕면,135850.0,45.0
16366,2020-05,W6Y435,안덕면,85250.0,43.0
16367,2020-06,W6Y435,안덕면,129200.0,47.0
16368,2020-07,W6Y435,안덕면,367250.0,171.0
16369,2020-08,W6Y435,안덕면,542250.0,307.0
16370,2020-09,W6Y435,안덕면,723300.0,379.0
16371,2020-10,W6Y435,안덕면,557200.0,335.0
16372,2020-11,W6Y435,안덕면,416200.0,235.0
16373,2020-12,W6Y435,안덕면,531850.0,287.0
16374,2021-01,W6Y435,안덕면,569150.0,292.0
16375,2021-02,W6Y435,안덕면,481250.0,215.0
16376,2021-03,W6Y435,안덕면,510000.0,265.0
16377,2021-04,W6Y435,안덕면,,
16378,2021-05,W6Y435,안덕면,826900.0,362.0
16379,2021-06,W6Y435,안덕면,641550.0,335.0
16380,2018-01,W6Y436,안덕면,319300.0,136.0
16381,2018-02,W6Y436,안덕면,250100.0,99.0
16382,2018-03,W6Y436,안덕면,301400.0,126.0
16383,2018-04,W6Y436,안덕면,307100.0,130.0
16384,2018-05,W6Y436,안덕면,297750.0,145.0
16385,2018-06,W6Y436,안덕면,316050.0,163.0
16386,2018-07,W6Y436,안덕면,374200.0,205.0
16387,2018-08,W6Y436,안덕면,428900.0,194.0
16388,2018-09,W6Y436,안덕면,203450.0,138.0
16389,2018-10,W6Y436,안덕면,161950.0,121.0
16390,2018-11,W6Y436,안덕면,146100.0,101.0
16391,2018-12,W6Y436,안덕면,157250.0,91.0
16392,2019-01,W6Y436,안덕면,166150.0,100.0
16393,2019-02,W6Y436,안덕면,213750.0,100.0
16394,2019-03,W6Y436,안덕면,235400.0,120.0
16395,2019-04,W6Y436,안덕면,180750.0,99.0
16396,2019-05,W6Y436,안덕면,259200.0,136.0
16397,2019-06,W6Y436,안덕면,387450.0,139.0
16398,2019-07,W6Y436,안덕면,684950.0,244.0
16399,2019-08,W6Y436,안덕면,1010250.0,274.0
16400,2019-09,W6Y436,안덕면,635150.0,202.0
16401,2019-10,W6Y436,안덕면,962250.0,256.0
16402,2019-11,W6Y436,안덕면,1058300.0,258.0
16403,2019-12,W6Y436,안덕면,1567600.0,301.0
16404,2020-01,W6Y436,안덕면,1308750.0,240.0
16405,2020-02,W6Y436,안덕면,1305350.0,185.0
16406,2020-03,W6Y436,안덕면,1614150.0,244.0
16407,2020-04,W6Y436,안덕면,1435350.0,256.0
16408,2020-05,W6Y436,안덕면,1032700.0,287.0
16409,2020-06,W6Y436,안덕면,1136400.0,229.0
16410,2020-07,W6Y436,안덕면,1546100.0,298.0
16411,2020-08,W6Y436,안덕면,1132350.0,262.0
16412,2020-09,W6Y436,안덕면,409150.0,129.0
16413,2020-10,W6Y436,안덕면,542200.0,145.0
16414,2020-11,W6Y436,안덕면,611700.0,151.0
16415,2020-12,W6Y436,안덕면,602400.0,124.0
16416,2021-01,W6Y436,안덕면,439100.0,115.0
16417,2021-02,W6Y436,안덕면,467050.0,102.0
16418,2021-03,W6Y436,안덕면,509800.0,115.0
16419,2021-04,W6Y436,안덕면,,
16420,2021-05,W6Y436,안덕면,948750.0,213.0
16421,2021-06,W6Y436,안덕면,980450.0,217.0
16422,2018-01,W6Y437,안덕면,707450.0,194.0
16423,2018-02,W6Y437,안덕면,737650.0,185.0
16424,2018-03,W6Y437,안덕면,910900.0,240.0
16425,2018-04,W6Y437,안덕면,786400.0,244.0
16426,2018-05,W6Y437,안덕면,760200.0,231.0
16427,2018-06,W6Y437,안덕면,1008100.0,292.0
16428,2018-07,W6Y437,안덕면,1351800.0,419.0
16429,2018-08,W6Y437,안덕면,1082650.0,434.0
16430,2018-09,W6Y437,안덕면,1029250.0,357.0
16431,2018-10,W6Y437,안덕면,1010300.0,308.0
16432,2018-11,W6Y437,안덕면,1165250.0,351.0
16433,2018-12,W6Y437,안덕면,938350.0,273.0
16434,2019-01,W6Y437,안덕면,821300.0,274.0
16435,2019-02,W6Y437,안덕면,845250.0,256.0
16436,2019-03,W6Y437,안덕면,1172850.0,357.0
16437,2019-04,W6Y437,안덕면,1045150.0,334.0
16438,2019-05,W6Y437,안덕면,1029150.0,402.0
16439,2019-06,W6Y437,안덕면,1189500.0,365.0
16440,2019-07,W6Y437,안덕면,1532150.0,568.0
16441,2019-08,W6Y437,안덕면,1701150.0,565.0
16442,2019-09,W6Y437,안덕면,1408850.0,421.0
16443,2019-10,W6Y437,안덕면,1350900.0,432.0
16444,2019-11,W6Y437,안덕면,1188400.0,326.0
16445,2019-12,W6Y437,안덕면,1143050.0,370.0
16446,2020-01,W6Y437,안덕면,1182600.0,399.0
16447,2020-02,W6Y437,안덕면,1164300.0,337.0
16448,2020-03,W6Y437,안덕면,1122350.0,399.0
16449,2020-04,W6Y437,안덕면,1070550.0,392.0
16450,2020-05,W6Y437,안덕면,1224850.0,424.0
16451,2020-06,W6Y437,안덕면,817250.0,263.0
16452,2020-07,W6Y437,안덕면,1314250.0,516.0
16453,2020-08,W6Y437,안덕면,1214250.0,501.0
16454,2020-09,W6Y437,안덕면,1196600.0,502.0
16455,2020-10,W6Y437,안덕면,1119150.0,481.0
16456,2020-11,W6Y437,안덕면,774300.0,299.0
16457,2020-12,W6Y437,안덕면,195050.0,52.0
16458,2021-01,W6Y437,안덕면,213300.0,55.0
16459,2021-02,W6Y437,안덕면,172800.0,56.0
16460,2021-03,W6Y437,안덕면,182000.0,59.0
16461,2021-04,W6Y437,안덕면,,
16462,2021-05,W6Y437,안덕면,223200.0,93.0
16463,2021-06,W6Y437,안덕면,161450.0,69.0
16464,2018-01,W6Y438,안덕면,787450.0,139.0
16465,2018-02,W6Y438,안덕면,642950.0,117.0
16466,2018-03,W6Y438,안덕면,602500.0,137.0
16467,2018-04,W6Y438,안덕면,633750.0,124.0
16468,2018-05,W6Y438,안덕면,489400.0,117.0
16469,2018-06,W6Y438,안덕면,484250.0,139.0
16470,2018-07,W6Y438,안덕면,294450.0,125.0
16471,2018-08,W6Y438,안덕면,246350.0,110.0
16472,2018-09,W6Y438,안덕면,196950.0,98.0
16473,2018-10,W6Y438,안덕면,253000.0,99.0
16474,2018-11,W6Y438,안덕면,270350.0,98.0
16475,2018-12,W6Y438,안덕면,178300.0,73.0
16476,2019-01,W6Y438,안덕면,231100.0,80.0
16477,2019-02,W6Y438,안덕면,254800.0,97.0
16478,2019-03,W6Y438,안덕면,228150.0,101.0
16479,2019-04,W6Y438,안덕면,230150.0,104.0
16480,2019-05,W6Y438,안덕면,302800.0,141.0
16481,2019-06,W6Y438,안덕면,396150.0,140.0
16482,2019-07,W6Y438,안덕면,474200.0,153.0
16483,2019-08,W6Y438,안덕면,1016150.0,181.0
16484,2019-09,W6Y438,안덕면,1312750.0,229.0
16485,2019-10,W6Y438,안덕면,1587600.0,212.0
16486,2019-11,W6Y438,안덕면,1339400.0,159.0
16487,2019-12,W6Y438,안덕면,1357050.0,134.0
16488,2020-01,W6Y438,안덕면,893500.0,133.0
16489,2020-02,W6Y438,안덕면,1665750.0,128.0
16490,2020-03,W6Y438,안덕면,2066750.0,188.0
16491,2020-04,W6Y438,안덕면,2386950.0,208.0
16492,2020-05,W6Y438,안덕면,1595500.0,204.0
16493,2020-06,W6Y438,안덕면,1875050.0,230.0
16494,2020-07,W6Y438,안덕면,1278900.0,187.0
16495,2020-08,W6Y438,안덕면,525700.0,166.0
16496,2020-09,W6Y438,안덕면,378900.0,129.0
16497,2020-10,W6Y438,안덕면,241450.0,126.0
16498,2020-11,W6Y438,안덕면,256250.0,100.0
16499,2020-12,W6Y438,안덕면,383600.0,110.0
16500,2021-01,W6Y438,안덕면,385550.0,82.0
16501,2021-02,W6Y438,안덕면,737700.0,126.0
16502,2021-03,W6Y438,안덕면,977500.0,127.0
16503,2021-04,W6Y438,안덕면,,
16504,2021-05,W6Y438,안덕면,315600.0,147.0
16505,2021-06,W6Y438,안덕면,440500.0,164.0
16506,2018-01,W6Y439,안덕면,459550.0,122.0
16507,2018-02,W6Y439,안덕면,408350.0,115.0
16508,2018-03,W6Y439,안덕면,455350.0,132.0
16509,2018-04,W6Y439,안덕면,394650.0,121.0
16510,2018-05,W6Y439,안덕면,461900.0,144.0
16511,2018-06,W6Y439,안덕면,428400.0,139.0
16512,2018-07,W6Y439,안덕면,599650.0,202.0
16513,2018-08,W6Y439,안덕면,472500.0,172.0
16514,2018-09,W6Y439,안덕면,345950.0,123.0
16515,2018-10,W6Y439,안덕면,193950.0,91.0
16516,2018-11,W6Y439,안덕면,238450.0,91.0
16517,2018-12,W6Y439,안덕면,218250.0,70.0
16518,2019-01,W6Y439,안덕면,190500.0,39.0
16519,2019-02,W6Y439,안덕면,141050.0,31.0
16520,2019-03,W6Y439,안덕면,218800.0,70.0
16521,2019-04,W6Y439,안덕면,236400.0,80.0
16522,2019-05,W6Y439,안덕면,294100.0,109.0
16523,2019-06,W6Y439,안덕면,353350.0,119.0
16524,2019-07,W6Y439,안덕면,478650.0,155.0
16525,2019-08,W6Y439,안덕면,562350.0,173.0
16526,2019-09,W6Y439,안덕면,29000.0,9.0
16527,2019-10,W6Y439,안덕면,,
16528,2019-11,W6Y439,안덕면,,
16529,2019-12,W6Y439,안덕면,,
16530,2020-01,W6Y439,안덕면,,
16531,2020-02,W6Y439,안덕면,,
16532,2020-03,W6Y439,안덕면,,
16533,2020-04,W6Y439,안덕면,,
16534,2020-05,W6Y439,안덕면,,
16535,2020-06,W6Y439,안덕면,,
16536,2020-07,W6Y439,안덕면,,
16537,2020-08,W6Y439,안덕면,,
16538,2020-09,W6Y439,안덕면,,
16539,2020-10,W6Y439,안덕면,,
16540,2020-11,W6Y439,안덕면,,
16541,2020-12,W6Y439,안덕면,,
16542,2021-01,W6Y439,안덕면,,
16543,2021-02,W6Y439,안덕면,,
16544,2021-03,W6Y439,안덕면,,
16545,2021-04,W6Y439,안덕면,,
16546,2021-05,W6Y439,안덕면,,
16547,2021-06,W6Y439,안덕면,,
16548,2018-01,W6Y440,안덕면,487250.0,207.0
16549,2018-02,W6Y440,안덕면,359300.0,156.0
16550,2018-03,W6Y440,안덕면,423900.0,186.0
16551,2018-04,W6Y440,안덕면,415500.0,186.0
16552,2018-05,W6Y440,안덕면,438250.0,225.0
16553,2018-06,W6Y440,안덕면,326400.0,187.0
16554,2018-07,W6Y440,안덕면,398150.0,204.0
16555,2018-08,W6Y440,안덕면,375150.0,224.0
16556,2018-09,W6Y440,안덕면,352150.0,198.0
16557,2018-10,W6Y440,안덕면,302350.0,202.0
16558,2018-11,W6Y440,안덕면,392200.0,197.0
16559,2018-12,W6Y440,안덕면,428000.0,187.0
16560,2019-01,W6Y440,안덕면,409700.0,200.0
16561,2019-02,W6Y440,안덕면,280400.0,137.0
16562,2019-03,W6Y440,안덕면,397850.0,195.0
16563,2019-04,W6Y440,안덕면,298100.0,181.0
16564,2019-05,W6Y440,안덕면,324400.0,226.0
16565,2019-06,W6Y440,안덕면,338900.0,247.0
16566,2019-07,W6Y440,안덕면,479050.0,302.0
16567,2019-08,W6Y440,안덕면,571150.0,342.0
16568,2019-09,W6Y440,안덕면,406400.0,262.0
16569,2019-10,W6Y440,안덕면,396950.0,272.0
16570,2019-11,W6Y440,안덕면,407200.0,223.0
16571,2019-12,W6Y440,안덕면,341950.0,200.0
16572,2020-01,W6Y440,안덕면,375100.0,196.0
16573,2020-02,W6Y440,안덕면,234050.0,111.0
16574,2020-03,W6Y440,안덕면,263550.0,140.0
16575,2020-04,W6Y440,안덕면,227150.0,132.0
16576,2020-05,W6Y440,안덕면,270900.0,155.0
16577,2020-06,W6Y440,안덕면,242550.0,163.0
16578,2020-07,W6Y440,안덕면,248950.0,162.0
16579,2020-08,W6Y440,안덕면,241400.0,157.0
16580,2020-09,W6Y440,안덕면,200450.0,152.0
16581,2020-10,W6Y440,안덕면,151100.0,121.0
16582,2020-11,W6Y440,안덕면,181850.0,134.0
16583,2020-12,W6Y440,안덕면,196450.0,142.0
16584,2021-01,W6Y440,안덕면,170300.0,116.0
16585,2021-02,W6Y440,안덕면,141100.0,90.0
16586,2021-03,W6Y440,안덕면,144000.0,110.0
16587,2021-04,W6Y440,안덕면,,
16588,2021-05,W6Y440,안덕면,112700.0,94.0
16589,2021-06,W6Y440,안덕면,70200.0,55.0
16590,2018-01,W6Y441,안덕면,965350.0,113.0
16591,2018-02,W6Y441,안덕면,773400.0,97.0
16592,2018-03,W6Y441,안덕면,831550.0,124.0
16593,2018-04,W6Y441,안덕면,967950.0,129.0
16594,2018-05,W6Y441,안덕면,1086300.0,168.0
16595,2018-06,W6Y441,안덕면,1226200.0,204.0
16596,2018-07,W6Y441,안덕면,1141000.0,196.0
16597,2018-08,W6Y441,안덕면,1197250.0,200.0
16598,2018-09,W6Y441,안덕면,963050.0,187.0
16599,2018-10,W6Y441,안덕면,877100.0,164.0
16600,2018-11,W6Y441,안덕면,1043050.0,186.0
16601,2018-12,W6Y441,안덕면,953950.0,166.0
16602,2019-01,W6Y441,안덕면,881850.0,129.0
16603,2019-02,W6Y441,안덕면,784400.0,133.0
16604,2019-03,W6Y441,안덕면,775600.0,132.0
16605,2019-04,W6Y441,안덕면,702000.0,104.0
16606,2019-05,W6Y441,안덕면,782400.0,125.0
16607,2019-06,W6Y441,안덕면,951100.0,146.0
16608,2019-07,W6Y441,안덕면,818250.0,165.0
16609,2019-08,W6Y441,안덕면,1015950.0,185.0
16610,2019-09,W6Y441,안덕면,848900.0,181.0
16611,2019-10,W6Y441,안덕면,595950.0,142.0
16612,2019-11,W6Y441,안덕면,476200.0,100.0
16613,2019-12,W6Y441,안덕면,936650.0,180.0
16614,2020-01,W6Y441,안덕면,929200.0,190.0
16615,2020-02,W6Y441,안덕면,790650.0,161.0
16616,2020-03,W6Y441,안덕면,1093700.0,281.0
16617,2020-04,W6Y441,안덕면,1160650.0,266.0
16618,2020-05,W6Y441,안덕면,934150.0,297.0
16619,2020-06,W6Y441,안덕면,1109250.0,405.0
16620,2020-07,W6Y441,안덕면,1081700.0,400.0
16621,2020-08,W6Y441,안덕면,1401450.0,478.0
16622,2020-09,W6Y441,안덕면,1172800.0,385.0
16623,2020-10,W6Y441,안덕면,1482850.0,451.0
16624,2020-11,W6Y441,안덕면,1336100.0,388.0
16625,2020-12,W6Y441,안덕면,1246150.0,259.0
16626,2021-01,W6Y441,안덕면,1149750.0,297.0
16627,2021-02,W6Y441,안덕면,1006650.0,279.0
16628,2021-03,W6Y441,안덕면,649750.0,263.0
16629,2021-04,W6Y441,안덕면,,
16630,2021-05,W6Y441,안덕면,1359300.0,280.0
16631,2021-06,W6Y441,안덕면,1302150.0,272.0
16632,2018-01,W6Y442,안덕면,5300.0,5.0
16633,2018-02,W6Y442,안덕면,4850.0,5.0
16634,2018-03,W6Y442,안덕면,10000.0,10.0
16635,2018-04,W6Y442,안덕면,9050.0,10.0
16636,2018-05,W6Y442,안덕면,19250.0,16.0
16637,2018-06,W6Y442,안덕면,17600.0,17.0
16638,2018-07,W6Y442,안덕면,21650.0,21.0
16639,2018-08,W6Y442,안덕면,26050.0,16.0
16640,2018-09,W6Y442,안덕면,16850.0,15.0
16641,2018-10,W6Y442,안덕면,12250.0,9.0
16642,2018-11,W6Y442,안덕면,8300.0,8.0
16643,2018-12,W6Y442,안덕면,11550.0,12.0
16644,2019-01,W6Y442,안덕면,10950.0,12.0
16645,2019-02,W6Y442,안덕면,24350.0,18.0
16646,2019-03,W6Y442,안덕면,9600.0,12.0
16647,2019-04,W6Y442,안덕면,13950.0,14.0
16648,2019-05,W6Y442,안덕면,9000.0,10.0
16649,2019-06,W6Y442,안덕면,14450.0,14.0
16650,2019-07,W6Y442,안덕면,7700.0,12.0
16651,2019-08,W6Y442,안덕면,31550.0,20.0
16652,2019-09,W6Y442,안덕면,43850.0,24.0
16653,2019-10,W6Y442,안덕면,62800.0,23.0
16654,2019-11,W6Y442,안덕면,26850.0,14.0
16655,2019-12,W6Y442,안덕면,25050.0,11.0
16656,2020-01,W6Y442,안덕면,58700.0,18.0
16657,2020-02,W6Y442,안덕면,30700.0,16.0
16658,2020-03,W6Y442,안덕면,50900.0,26.0
16659,2020-04,W6Y442,안덕면,65700.0,23.0
16660,2020-05,W6Y442,안덕면,43800.0,20.0
16661,2020-06,W6Y442,안덕면,46600.0,24.0
16662,2020-07,W6Y442,안덕면,47900.0,28.0
16663,2020-08,W6Y442,안덕면,81900.0,38.0
16664,2020-09,W6Y442,안덕면,61350.0,32.0
16665,2020-10,W6Y442,안덕면,7350.0,3.0
16666,2020-11,W6Y442,안덕면,39500.0,14.0
16667,2020-12,W6Y442,안덕면,48550.0,14.0
16668,2021-01,W6Y442,안덕면,52050.0,18.0
16669,2021-02,W6Y442,안덕면,54850.0,23.0
16670,2021-03,W6Y442,안덕면,64250.0,23.0
16671,2021-04,W6Y442,안덕면,,
16672,2021-05,W6Y442,안덕면,36300.0,14.0
16673,2021-06,W6Y442,안덕면,57200.0,23.0
16674,2018-01,W6Y443,안덕면,288400.0,115.0
16675,2018-02,W6Y443,안덕면,206900.0,87.0
16676,2018-03,W6Y443,안덕면,112750.0,69.0
16677,2018-04,W6Y443,안덕면,174550.0,88.0
16678,2018-05,W6Y443,안덕면,302000.0,124.0
16679,2018-06,W6Y443,안덕면,268700.0,145.0
16680,2018-07,W6Y443,안덕면,278750.0,146.0
16681,2018-08,W6Y443,안덕면,258400.0,131.0
16682,2018-09,W6Y443,안덕면,286000.0,144.0
16683,2018-10,W6Y443,안덕면,269100.0,126.0
16684,2018-11,W6Y443,안덕면,301450.0,143.0
16685,2018-12,W6Y443,안덕면,245200.0,107.0
16686,2019-01,W6Y443,안덕면,326800.0,121.0
16687,2019-02,W6Y443,안덕면,291850.0,117.0
16688,2019-03,W6Y443,안덕면,334050.0,137.0
16689,2019-04,W6Y443,안덕면,466300.0,174.0
16690,2019-05,W6Y443,안덕면,439300.0,177.0
16691,2019-06,W6Y443,안덕면,405600.0,166.0
16692,2019-07,W6Y443,안덕면,503950.0,192.0
16693,2019-08,W6Y443,안덕면,584000.0,232.0
16694,2019-09,W6Y443,안덕면,437800.0,197.0
16695,2019-10,W6Y443,안덕면,440700.0,195.0
16696,2019-11,W6Y443,안덕면,450150.0,195.0
16697,2019-12,W6Y443,안덕면,377250.0,163.0
16698,2020-01,W6Y443,안덕면,432300.0,179.0
16699,2020-02,W6Y443,안덕면,312950.0,143.0
16700,2020-03,W6Y443,안덕면,375300.0,183.0
16701,2020-04,W6Y443,안덕면,335450.0,165.0
16702,2020-05,W6Y443,안덕면,353500.0,167.0
16703,2020-06,W6Y443,안덕면,439850.0,191.0
16704,2020-07,W6Y443,안덕면,457450.0,201.0
16705,2020-08,W6Y443,안덕면,516700.0,234.0
16706,2020-09,W6Y443,안덕면,434100.0,218.0
16707,2020-10,W6Y443,안덕면,461550.0,241.0
16708,2020-11,W6Y443,안덕면,460500.0,221.0
16709,2020-12,W6Y443,안덕면,461000.0,206.0
16710,2021-01,W6Y443,안덕면,390750.0,174.0
16711,2021-02,W6Y443,안덕면,409200.0,168.0
16712,2021-03,W6Y443,안덕면,445000.0,166.0
16713,2021-04,W6Y443,안덕면,,
16714,2021-05,W6Y443,안덕면,374700.0,224.0
16715,2021-06,W6Y443,안덕면,272500.0,161.0
16716,2018-01,W6Y444,안덕면,31600.0,20.0
16717,2018-02,W6Y444,안덕면,33700.0,15.0
16718,2018-03,W6Y444,안덕면,45450.0,17.0
16719,2018-04,W6Y444,안덕면,301800.0,59.0
16720,2018-05,W6Y444,안덕면,1170150.0,171.0
16721,2018-06,W6Y444,안덕면,882100.0,144.0
16722,2018-07,W6Y444,안덕면,1044000.0,192.0
16723,2018-08,W6Y444,안덕면,969700.0,149.0
16724,2018-09,W6Y444,안덕면,1120550.0,156.0
16725,2018-10,W6Y444,안덕면,896750.0,163.0
16726,2018-11,W6Y444,안덕면,1094100.0,157.0
16727,2018-12,W6Y444,안덕면,1128150.0,199.0
16728,2019-01,W6Y444,안덕면,1043200.0,148.0
16729,2019-02,W6Y444,안덕면,958200.0,146.0
16730,2019-03,W6Y444,안덕면,993600.0,149.0
16731,2019-04,W6Y444,안덕면,1015100.0,132.0
16732,2019-05,W6Y444,안덕면,1188450.0,203.0
16733,2019-06,W6Y444,안덕면,1543950.0,245.0
16734,2019-07,W6Y444,안덕면,1605450.0,300.0
16735,2019-08,W6Y444,안덕면,1887800.0,333.0
16736,2019-09,W6Y444,안덕면,173650.0,54.0
16737,2019-10,W6Y444,안덕면,77350.0,30.0
16738,2019-11,W6Y444,안덕면,92050.0,28.0
16739,2019-12,W6Y444,안덕면,74150.0,29.0
16740,2020-01,W6Y444,안덕면,107950.0,30.0
16741,2020-02,W6Y444,안덕면,85750.0,30.0
16742,2020-03,W6Y444,안덕면,120000.0,36.0
16743,2020-04,W6Y444,안덕면,89200.0,37.0
16744,2020-05,W6Y444,안덕면,120450.0,48.0
16745,2020-06,W6Y444,안덕면,145350.0,63.0
16746,2020-07,W6Y444,안덕면,127350.0,59.0
16747,2020-08,W6Y444,안덕면,124950.0,62.0
16748,2020-09,W6Y444,안덕면,102450.0,54.0
16749,2020-10,W6Y444,안덕면,104400.0,44.0
16750,2020-11,W6Y444,안덕면,133950.0,51.0
16751,2020-12,W6Y444,안덕면,89200.0,35.0
16752,2021-01,W6Y444,안덕면,148400.0,41.0
16753,2021-02,W6Y444,안덕면,120700.0,36.0
16754,2021-03,W6Y444,안덕면,125750.0,45.0
16755,2021-04,W6Y444,안덕면,,
16756,2021-05,W6Y444,안덕면,101300.0,48.0
16757,2021-06,W6Y444,안덕면,78000.0,42.0
16758,2018-01,W6Y445,안덕면,286150.0,93.0
16759,2018-02,W6Y445,안덕면,263600.0,84.0
16760,2018-03,W6Y445,안덕면,283500.0,96.0
16761,2018-04,W6Y445,안덕면,413200.0,145.0
16762,2018-05,W6Y445,안덕면,347900.0,146.0
16763,2018-06,W6Y445,안덕면,364050.0,178.0
16764,2018-07,W6Y445,안덕면,398900.0,226.0
16765,2018-08,W6Y445,안덕면,392400.0,215.0
16766,2018-09,W6Y445,안덕면,345400.0,213.0
16767,2018-10,W6Y445,안덕면,342850.0,205.0
16768,2018-11,W6Y445,안덕면,341300.0,174.0
16769,2018-12,W6Y445,안덕면,401650.0,155.0
16770,2019-01,W6Y445,안덕면,352000.0,145.0
16771,2019-02,W6Y445,안덕면,362950.0,146.0
16772,2019-03,W6Y445,안덕면,409100.0,150.0
16773,2019-04,W6Y445,안덕면,401000.0,163.0
16774,2019-05,W6Y445,안덕면,368900.0,168.0
16775,2019-06,W6Y445,안덕면,366250.0,185.0
16776,2019-07,W6Y445,안덕면,576100.0,248.0
16777,2019-08,W6Y445,안덕면,587600.0,250.0
16778,2019-09,W6Y445,안덕면,439100.0,219.0
16779,2019-10,W6Y445,안덕면,289000.0,158.0
16780,2019-11,W6Y445,안덕면,394300.0,157.0
16781,2019-12,W6Y445,안덕면,372950.0,141.0
16782,2020-01,W6Y445,안덕면,322100.0,105.0
16783,2020-02,W6Y445,안덕면,404650.0,182.0
16784,2020-03,W6Y445,안덕면,327400.0,176.0
16785,2020-04,W6Y445,안덕면,325400.0,172.0
16786,2020-05,W6Y445,안덕면,390900.0,187.0
16787,2020-06,W6Y445,안덕면,286700.0,137.0
16788,2020-07,W6Y445,안덕면,357050.0,197.0
16789,2020-08,W6Y445,안덕면,316650.0,215.0
16790,2020-09,W6Y445,안덕면,303500.0,184.0
16791,2020-10,W6Y445,안덕면,246950.0,135.0
16792,2020-11,W6Y445,안덕면,219100.0,123.0
16793,2020-12,W6Y445,안덕면,211150.0,125.0
16794,2021-01,W6Y445,안덕면,301300.0,137.0
16795,2021-02,W6Y445,안덕면,312900.0,150.0
16796,2021-03,W6Y445,안덕면,294000.0,145.0
16797,2021-04,W6Y445,안덕면,,
16798,2021-05,W6Y445,안덕면,365450.0,201.0
16799,2021-06,W6Y445,안덕면,428350.0,259.0
16800,2018-01,W6Y446,안덕면,69400.0,22.0
16801,2018-02,W6Y446,안덕면,108500.0,36.0
16802,2018-03,W6Y446,안덕면,131650.0,44.0
16803,2018-04,W6Y446,안덕면,130750.0,43.0
16804,2018-05,W6Y446,안덕면,160950.0,58.0
16805,2018-06,W6Y446,안덕면,136900.0,53.0
16806,2018-07,W6Y446,안덕면,147450.0,55.0
16807,2018-08,W6Y446,안덕면,199850.0,75.0
16808,2018-09,W6Y446,안덕면,162650.0,71.0
16809,2018-10,W6Y446,안덕면,107200.0,49.0
16810,2018-11,W6Y446,안덕면,100950.0,44.0
16811,2018-12,W6Y446,안덕면,103450.0,35.0
16812,2019-01,W6Y446,안덕면,72000.0,22.0
16813,2019-02,W6Y446,안덕면,65700.0,21.0
16814,2019-03,W6Y446,안덕면,67050.0,21.0
16815,2019-04,W6Y446,안덕면,52500.0,22.0
16816,2019-05,W6Y446,안덕면,65200.0,29.0
16817,2019-06,W6Y446,안덕면,87050.0,43.0
16818,2019-07,W6Y446,안덕면,165150.0,51.0
16819,2019-08,W6Y446,안덕면,132850.0,60.0
16820,2019-09,W6Y446,안덕면,161950.0,63.0
16821,2019-10,W6Y446,안덕면,129950.0,51.0
16822,2019-11,W6Y446,안덕면,112850.0,52.0
16823,2019-12,W6Y446,안덕면,159950.0,49.0
16824,2020-01,W6Y446,안덕면,174550.0,56.0
16825,2020-02,W6Y446,안덕면,112450.0,48.0
16826,2020-03,W6Y446,안덕면,135100.0,51.0
16827,2020-04,W6Y446,안덕면,138300.0,56.0
16828,2020-05,W6Y446,안덕면,165850.0,68.0
16829,2020-06,W6Y446,안덕면,247300.0,84.0
16830,2020-07,W6Y446,안덕면,207200.0,77.0
16831,2020-08,W6Y446,안덕면,254100.0,99.0
16832,2020-09,W6Y446,안덕면,170450.0,90.0
16833,2020-10,W6Y446,안덕면,186800.0,88.0
16834,2020-11,W6Y446,안덕면,168650.0,75.0
16835,2020-12,W6Y446,안덕면,200700.0,88.0
16836,2021-01,W6Y446,안덕면,186400.0,77.0
16837,2021-02,W6Y446,안덕면,254400.0,91.0
16838,2021-03,W6Y446,안덕면,153600.0,62.0
16839,2021-04,W6Y446,안덕면,,
16840,2021-05,W6Y446,안덕면,133700.0,72.0
16841,2021-06,W6Y446,안덕면,208150.0,70.0
16842,2018-01,W6Y447,안덕면,105850.0,58.0
16843,2018-02,W6Y447,안덕면,119750.0,51.0
16844,2018-03,W6Y447,안덕면,147050.0,65.0
16845,2018-04,W6Y447,안덕면,131900.0,63.0
16846,2018-05,W6Y447,안덕면,213250.0,73.0
16847,2018-06,W6Y447,안덕면,151150.0,60.0
16848,2018-07,W6Y447,안덕면,194550.0,81.0
16849,2018-08,W6Y447,안덕면,192400.0,102.0
16850,2018-09,W6Y447,안덕면,139450.0,65.0
16851,2018-10,W6Y447,안덕면,124750.0,49.0
16852,2018-11,W6Y447,안덕면,130900.0,52.0
16853,2018-12,W6Y447,안덕면,177650.0,74.0
16854,2019-01,W6Y447,안덕면,144600.0,46.0
16855,2019-02,W6Y447,안덕면,107700.0,31.0
16856,2019-03,W6Y447,안덕면,510600.0,105.0
16857,2019-04,W6Y447,안덕면,777600.0,118.0
16858,2019-05,W6Y447,안덕면,890250.0,190.0
16859,2019-06,W6Y447,안덕면,975700.0,200.0
16860,2019-07,W6Y447,안덕면,893850.0,257.0
16861,2019-08,W6Y447,안덕면,803950.0,209.0
16862,2019-09,W6Y447,안덕면,418100.0,153.0
16863,2019-10,W6Y447,안덕면,374300.0,170.0
16864,2019-11,W6Y447,안덕면,1575600.0,374.0
16865,2019-12,W6Y447,안덕면,1084650.0,233.0
16866,2020-01,W6Y447,안덕면,622300.0,152.0
16867,2020-02,W6Y447,안덕면,893800.0,159.0
16868,2020-03,W6Y447,안덕면,1224900.0,288.0
16869,2020-04,W6Y447,안덕면,2062850.0,260.0
16870,2020-05,W6Y447,안덕면,1967850.0,359.0
16871,2020-06,W6Y447,안덕면,2333150.0,447.0
16872,2020-07,W6Y447,안덕면,948100.0,248.0
16873,2020-08,W6Y447,안덕면,1522250.0,389.0
16874,2020-09,W6Y447,안덕면,225700.0,101.0
16875,2020-10,W6Y447,안덕면,175300.0,85.0
16876,2020-11,W6Y447,안덕면,328950.0,69.0
16877,2020-12,W6Y447,안덕면,418350.0,95.0
16878,2021-01,W6Y447,안덕면,786500.0,122.0
16879,2021-02,W6Y447,안덕면,622900.0,140.0
16880,2021-03,W6Y447,안덕면,662600.0,142.0
16881,2021-04,W6Y447,안덕면,,
16882,2021-05,W6Y447,안덕면,1138350.0,226.0
16883,2021-06,W6Y447,안덕면,1029200.0,205.0
16884,2018-01,W6Y448,대정읍,364650.0,200.0
16885,2018-02,W6Y448,대정읍,468150.0,210.0
16886,2018-03,W6Y448,대정읍,420550.0,198.0
16887,2018-04,W6Y448,대정읍,427100.0,241.0
16888,2018-05,W6Y448,대정읍,430500.0,234.0
16889,2018-06,W6Y448,대정읍,445550.0,228.0
16890,2018-07,W6Y448,대정읍,514300.0,261.0
16891,2018-08,W6Y448,대정읍,624850.0,290.0
16892,2018-09,W6Y448,대정읍,404200.0,244.0
16893,2018-10,W6Y448,대정읍,455250.0,225.0
16894,2018-11,W6Y448,대정읍,433450.0,218.0
16895,2018-12,W6Y448,대정읍,548950.0,211.0
16896,2019-01,W6Y448,대정읍,646750.0,211.0
16897,2019-02,W6Y448,대정읍,469400.0,183.0
16898,2019-03,W6Y448,대정읍,515500.0,212.0
16899,2019-04,W6Y448,대정읍,466000.0,215.0
16900,2019-05,W6Y448,대정읍,457950.0,253.0
16901,2019-06,W6Y448,대정읍,852000.0,329.0
16902,2019-07,W6Y448,대정읍,1047250.0,337.0
16903,2019-08,W6Y448,대정읍,956500.0,347.0
16904,2019-09,W6Y448,대정읍,759600.0,333.0
16905,2019-10,W6Y448,대정읍,678100.0,323.0
16906,2019-11,W6Y448,대정읍,524550.0,241.0
16907,2019-12,W6Y448,대정읍,557550.0,237.0
16908,2020-01,W6Y448,대정읍,634150.0,264.0
16909,2020-02,W6Y448,대정읍,942200.0,270.0
16910,2020-03,W6Y448,대정읍,1225450.0,320.0
16911,2020-04,W6Y448,대정읍,834900.0,284.0
16912,2020-05,W6Y448,대정읍,676000.0,309.0
16913,2020-06,W6Y448,대정읍,733499.0,318.0
16914,2020-07,W6Y448,대정읍,794700.0,342.0
16915,2020-08,W6Y448,대정읍,690000.0,344.0
16916,2020-09,W6Y448,대정읍,709450.0,315.0
16917,2020-10,W6Y448,대정읍,643150.0,283.0
16918,2020-11,W6Y448,대정읍,813950.0,272.0
16919,2020-12,W6Y448,대정읍,754650.0,312.0
16920,2021-01,W6Y448,대정읍,822650.0,309.0
16921,2021-02,W6Y448,대정읍,806600.0,256.0
16922,2021-03,W6Y448,대정읍,703250.0,268.0
16923,2021-04,W6Y448,대정읍,,
16924,2021-05,W6Y448,대정읍,611550.0,301.0
16925,2021-06,W6Y448,대정읍,535700.0,258.0
16926,2018-01,W6Y449,대정읍,800000.0,284.0
16927,2018-02,W6Y449,대정읍,625450.0,221.0
16928,2018-03,W6Y449,대정읍,991400.0,335.0
16929,2018-04,W6Y449,대정읍,1079350.0,341.0
16930,2018-05,W6Y449,대정읍,1199100.0,368.0
16931,2018-06,W6Y449,대정읍,1073550.0,294.0
16932,2018-07,W6Y449,대정읍,757250.0,261.0
16933,2018-08,W6Y449,대정읍,867050.0,314.0
16934,2018-09,W6Y449,대정읍,883650.0,264.0
16935,2018-10,W6Y449,대정읍,794500.0,239.0
16936,2018-11,W6Y449,대정읍,783350.0,225.0
16937,2018-12,W6Y449,대정읍,895000.0,189.0
16938,2019-01,W6Y449,대정읍,908600.0,212.0
16939,2019-02,W6Y449,대정읍,653300.0,194.0
16940,2019-03,W6Y449,대정읍,772150.0,243.0
16941,2019-04,W6Y449,대정읍,586300.0,221.0
16942,2019-05,W6Y449,대정읍,769250.0,281.0
16943,2019-06,W6Y449,대정읍,757750.0,284.0
16944,2019-07,W6Y449,대정읍,559350.0,246.0
16945,2019-08,W6Y449,대정읍,785950.0,318.0
16946,2019-09,W6Y449,대정읍,738500.0,285.0
16947,2019-10,W6Y449,대정읍,641250.0,316.0
16948,2019-11,W6Y449,대정읍,692750.0,310.0
16949,2019-12,W6Y449,대정읍,674650.0,257.0
16950,2020-01,W6Y449,대정읍,780600.0,294.0
16951,2020-02,W6Y449,대정읍,646600.0,306.0
16952,2020-03,W6Y449,대정읍,725350.0,290.0
16953,2020-04,W6Y449,대정읍,628500.0,311.0
16954,2020-05,W6Y449,대정읍,853400.0,399.0
16955,2020-06,W6Y449,대정읍,858900.0,370.0
16956,2020-07,W6Y449,대정읍,693750.0,361.0
16957,2020-08,W6Y449,대정읍,797850.0,348.0
16958,2020-09,W6Y449,대정읍,732400.0,323.0
16959,2020-10,W6Y449,대정읍,708550.0,339.0
16960,2020-11,W6Y449,대정읍,832800.0,331.0
16961,2020-12,W6Y449,대정읍,769050.0,330.0
16962,2021-01,W6Y449,대정읍,805800.0,342.0
16963,2021-02,W6Y449,대정읍,719000.0,283.0
16964,2021-03,W6Y449,대정읍,744750.0,325.0
16965,2021-04,W6Y449,대정읍,,
16966,2021-05,W6Y449,대정읍,840600.0,387.0
16967,2021-06,W6Y449,대정읍,804700.0,316.0
16968,2018-01,W6Y450,대정읍,440850.0,232.0
16969,2018-02,W6Y450,대정읍,374450.0,200.0
16970,2018-03,W6Y450,대정읍,413650.0,213.0
16971,2018-04,W6Y450,대정읍,363150.0,235.0
16972,2018-05,W6Y450,대정읍,450250.0,275.0
16973,2018-06,W6Y450,대정읍,536050.0,296.0
16974,2018-07,W6Y450,대정읍,257700.0,131.0
16975,2018-08,W6Y450,대정읍,460300.0,261.0
16976,2018-09,W6Y450,대정읍,490200.0,296.0
16977,2018-10,W6Y450,대정읍,528100.0,305.0
16978,2018-11,W6Y450,대정읍,544550.0,311.0
16979,2018-12,W6Y450,대정읍,408500.0,196.0
16980,2019-01,W6Y450,대정읍,593500.0,295.0
16981,2019-02,W6Y450,대정읍,468400.0,271.0
16982,2019-03,W6Y450,대정읍,533500.0,318.0
16983,2019-04,W6Y450,대정읍,433850.0,234.0
16984,2019-05,W6Y450,대정읍,511000.0,306.0
16985,2019-06,W6Y450,대정읍,409900.0,238.0
16986,2019-07,W6Y450,대정읍,218250.0,125.0
16987,2019-08,W6Y450,대정읍,449450.0,248.0
16988,2019-09,W6Y450,대정읍,522000.0,280.0
16989,2019-10,W6Y450,대정읍,430650.0,256.0
16990,2019-11,W6Y450,대정읍,456200.0,265.0
16991,2019-12,W6Y450,대정읍,419900.0,236.0
16992,2020-01,W6Y450,대정읍,411400.0,226.0
16993,2020-02,W6Y450,대정읍,498500.0,265.0
16994,2020-03,W6Y450,대정읍,497400.0,255.0
16995,2020-04,W6Y450,대정읍,430200.0,246.0
16996,2020-05,W6Y450,대정읍,484800.0,285.0
16997,2020-06,W6Y450,대정읍,418700.0,252.0
16998,2020-07,W6Y450,대정읍,347000.0,197.0
16999,2020-08,W6Y450,대정읍,513150.0,276.0
17000,2020-09,W6Y450,대정읍,638000.0,342.0
17001,2020-10,W6Y450,대정읍,696000.0,315.0
17002,2020-11,W6Y450,대정읍,633200.0,297.0
17003,2020-12,W6Y450,대정읍,645950.0,277.0
17004,2021-01,W6Y450,대정읍,696650.0,308.0
17005,2021-02,W6Y450,대정읍,535400.0,236.0
17006,2021-03,W6Y450,대정읍,687350.0,283.0
17007,2021-04,W6Y450,대정읍,,
17008,2021-05,W6Y450,대정읍,873350.0,353.0
17009,2021-06,W6Y450,대정읍,779600.0,280.0
17010,2018-01,W6Y451,대정읍,315850.0,99.0
17011,2018-02,W6Y451,대정읍,245400.0,87.0
17012,2018-03,W6Y451,대정읍,281400.0,101.0
17013,2018-04,W6Y451,대정읍,352200.0,107.0
17014,2018-05,W6Y451,대정읍,260750.0,105.0
17015,2018-06,W6Y451,대정읍,251050.0,97.0
17016,2018-07,W6Y451,대정읍,292850.0,99.0
17017,2018-08,W6Y451,대정읍,308700.0,124.0
17018,2018-09,W6Y451,대정읍,237700.0,97.0
17019,2018-10,W6Y451,대정읍,210250.0,102.0
17020,2018-11,W6Y451,대정읍,277500.0,97.0
17021,2018-12,W6Y451,대정읍,247850.0,80.0
17022,2019-01,W6Y451,대정읍,281500.0,86.0
17023,2019-02,W6Y451,대정읍,289050.0,74.0
17024,2019-03,W6Y451,대정읍,237950.0,87.0
17025,2019-04,W6Y451,대정읍,227950.0,106.0
17026,2019-05,W6Y451,대정읍,293400.0,116.0
17027,2019-06,W6Y451,대정읍,292150.0,119.0
17028,2019-07,W6Y451,대정읍,208700.0,85.0
17029,2019-08,W6Y451,대정읍,313350.0,130.0
17030,2019-09,W6Y451,대정읍,262300.0,128.0
17031,2019-10,W6Y451,대정읍,357700.0,143.0
17032,2019-11,W6Y451,대정읍,525050.0,165.0
17033,2019-12,W6Y451,대정읍,524500.0,149.0
17034,2020-01,W6Y451,대정읍,372900.0,136.0
17035,2020-02,W6Y451,대정읍,452650.0,163.0
17036,2020-03,W6Y451,대정읍,666950.0,186.0
17037,2020-04,W6Y451,대정읍,636100.0,195.0
17038,2020-05,W6Y451,대정읍,653300.0,176.0
17039,2020-06,W6Y451,대정읍,596550.0,170.0
17040,2020-07,W6Y451,대정읍,729500.0,160.0
17041,2020-08,W6Y451,대정읍,991300.0,200.0
17042,2020-09,W6Y451,대정읍,874750.0,213.0
17043,2020-10,W6Y451,대정읍,971900.0,212.0
17044,2020-11,W6Y451,대정읍,951200.0,183.0
17045,2020-12,W6Y451,대정읍,980050.0,176.0
17046,2021-01,W6Y451,대정읍,1000400.0,178.0
17047,2021-02,W6Y451,대정읍,897050.0,182.0
17048,2021-03,W6Y451,대정읍,1078850.0,221.0
17049,2021-04,W6Y451,대정읍,,
17050,2021-05,W6Y451,대정읍,1085700.0,254.0
17051,2021-06,W6Y451,대정읍,1069100.0,244.0
17052,2018-01,W6Y453,대정읍,612400.0,256.0
17053,2018-02,W6Y453,대정읍,505600.0,230.0
17054,2018-03,W6Y453,대정읍,670200.0,331.0
17055,2018-04,W6Y453,대정읍,718650.0,359.0
17056,2018-05,W6Y453,대정읍,756800.0,363.0
17057,2018-06,W6Y453,대정읍,825100.0,405.0
17058,2018-07,W6Y453,대정읍,928800.0,463.0
17059,2018-08,W6Y453,대정읍,950550.0,460.0
17060,2018-09,W6Y453,대정읍,816450.0,403.0
17061,2018-10,W6Y453,대정읍,725850.0,403.0
17062,2018-11,W6Y453,대정읍,760500.0,360.0
17063,2018-12,W6Y453,대정읍,781950.0,331.0
17064,2019-01,W6Y453,대정읍,719000.0,295.0
17065,2019-02,W6Y453,대정읍,821150.0,330.0
17066,2019-03,W6Y453,대정읍,777200.0,349.0
17067,2019-04,W6Y453,대정읍,624150.0,308.0
17068,2019-05,W6Y453,대정읍,674250.0,339.0
17069,2019-06,W6Y453,대정읍,627600.0,368.0
17070,2019-07,W6Y453,대정읍,749350.0,390.0
17071,2019-08,W6Y453,대정읍,755050.0,428.0
17072,2019-09,W6Y453,대정읍,670200.0,367.0
17073,2019-10,W6Y453,대정읍,694500.0,350.0
17074,2019-11,W6Y453,대정읍,668450.0,330.0
17075,2019-12,W6Y453,대정읍,589150.0,269.0
17076,2020-01,W6Y453,대정읍,627000.0,257.0
17077,2020-02,W6Y453,대정읍,568650.0,237.0
17078,2020-03,W6Y453,대정읍,582050.0,224.0
17079,2020-04,W6Y453,대정읍,235300.0,68.0
17080,2020-05,W6Y453,대정읍,580950.0,227.0
17081,2020-06,W6Y453,대정읍,596550.0,247.0
17082,2020-07,W6Y453,대정읍,576050.0,229.0
17083,2020-08,W6Y453,대정읍,784000.0,341.0
17084,2020-09,W6Y453,대정읍,764150.0,373.0
17085,2020-10,W6Y453,대정읍,871450.0,386.0
17086,2020-11,W6Y453,대정읍,831400.0,351.0
17087,2020-12,W6Y453,대정읍,1143300.0,359.0
17088,2021-01,W6Y453,대정읍,988400.0,331.0
17089,2021-02,W6Y453,대정읍,861800.0,292.0
17090,2021-03,W6Y453,대정읍,772200.0,270.0
17091,2021-04,W6Y453,대정읍,,
17092,2021-05,W6Y453,대정읍,858450.0,353.0
17093,2021-06,W6Y453,대정읍,936850.0,393.0
17094,2018-01,W6Y456,대정읍,3069450.0,1370.0
17095,2018-02,W6Y456,대정읍,2995400.0,1272.0
17096,2018-03,W6Y456,대정읍,3460800.0,1604.0
17097,2018-04,W6Y456,대정읍,3399200.0,1751.0
17098,2018-05,W6Y456,대정읍,3970300.0,2107.0
17099,2018-06,W6Y456,대정읍,4049500.0,2053.0
17100,2018-07,W6Y456,대정읍,3857100.0,2051.0
17101,2018-08,W6Y456,대정읍,4527100.0,2618.0
17102,2018-09,W6Y456,대정읍,4294900.0,2543.0
17103,2018-10,W6Y456,대정읍,4393900.0,2353.0
17104,2018-11,W6Y456,대정읍,5350500.0,2505.0
17105,2018-12,W6Y456,대정읍,4763900.0,2101.0
17106,2019-01,W6Y456,대정읍,4855550.0,2162.0
17107,2019-02,W6Y456,대정읍,4622900.0,2008.0
17108,2019-03,W6Y456,대정읍,5060850.0,2358.0
17109,2019-04,W6Y456,대정읍,4673850.0,2349.0
17110,2019-05,W6Y456,대정읍,5259500.0,2796.0
17111,2019-06,W6Y456,대정읍,4720900.0,2503.0
17112,2019-07,W6Y456,대정읍,4132750.0,2162.0
17113,2019-08,W6Y456,대정읍,5477700.0,3155.0
17114,2019-09,W6Y456,대정읍,4899450.0,2835.0
17115,2019-10,W6Y456,대정읍,5179450.0,3012.0
17116,2019-11,W6Y456,대정읍,5517100.0,2789.0
17117,2019-12,W6Y456,대정읍,5496450.0,2477.0
17118,2020-01,W6Y456,대정읍,5220950.0,2601.0
17119,2020-02,W6Y456,대정읍,5824000.0,2759.0
17120,2020-03,W6Y456,대정읍,5885150.0,2938.0
17121,2020-04,W6Y456,대정읍,5251700.0,2699.0
17122,2020-05,W6Y456,대정읍,5657650.0,3070.0
17123,2020-06,W6Y456,대정읍,5451150.0,2886.0
17124,2020-07,W6Y456,대정읍,4564400.0,2459.0
17125,2020-08,W6Y456,대정읍,5574700.0,3306.0
17126,2020-09,W6Y456,대정읍,4873650.0,3022.0
17127,2020-10,W6Y456,대정읍,4841750.0,2873.0
17128,2020-11,W6Y456,대정읍,5114900.0,2724.0
17129,2020-12,W6Y456,대정읍,6105200.0,2930.0
17130,2021-01,W6Y456,대정읍,6269650.0,3026.0
17131,2021-02,W6Y456,대정읍,5529400.0,2667.0
17132,2021-03,W6Y456,대정읍,5978350.0,3002.0
17133,2021-04,W6Y456,대정읍,,
17134,2021-05,W6Y456,대정읍,6540650.0,3652.0
17135,2021-06,W6Y456,대정읍,6083350.0,3305.0
17136,2018-01,W6Y457,동홍동,,
17137,2018-02,W6Y457,동홍동,,
17138,2018-03,W6Y457,동홍동,,
17139,2018-04,W6Y457,동홍동,,
17140,2018-05,W6Y457,동홍동,,
17141,2018-06,W6Y457,동홍동,,
17142,2018-07,W6Y457,동홍동,,
17143,2018-08,W6Y457,동홍동,,
17144,2018-09,W6Y457,동홍동,,
17145,2018-10,W6Y457,동홍동,,
17146,2018-11,W6Y457,동홍동,,
17147,2018-12,W6Y457,동홍동,,
17148,2019-01,W6Y457,동홍동,,
17149,2019-02,W6Y457,동홍동,,
17150,2019-03,W6Y457,동홍동,,
17151,2019-04,W6Y457,동홍동,,
17152,2019-05,W6Y457,동홍동,,
17153,2019-06,W6Y457,동홍동,,
17154,2019-07,W6Y457,동홍동,176250.0,89.0
17155,2019-08,W6Y457,동홍동,805650.0,401.0
17156,2019-09,W6Y457,동홍동,691700.0,355.0
17157,2019-10,W6Y457,동홍동,621250.0,369.0
17158,2019-11,W6Y457,동홍동,592900.0,318.0
17159,2019-12,W6Y457,동홍동,698300.0,316.0
17160,2020-01,W6Y457,동홍동,675400.0,330.0
17161,2020-02,W6Y457,동홍동,585200.0,298.0
17162,2020-03,W6Y457,동홍동,615450.0,334.0
17163,2020-04,W6Y457,동홍동,607900.0,326.0
17164,2020-05,W6Y457,동홍동,712850.0,375.0
17165,2020-06,W6Y457,동홍동,907100.0,387.0
17166,2020-07,W6Y457,동홍동,874050.0,471.0
17167,2020-08,W6Y457,동홍동,1002650.0,480.0
17168,2020-09,W6Y457,동홍동,771150.0,420.0
17169,2020-10,W6Y457,동홍동,549050.0,286.0
17170,2020-11,W6Y457,동홍동,703050.0,376.0
17171,2020-12,W6Y457,동홍동,846300.0,387.0
17172,2021-01,W6Y457,동홍동,854250.0,391.0
17173,2021-02,W6Y457,동홍동,679500.0,320.0
17174,2021-03,W6Y457,동홍동,828150.0,408.0
17175,2021-04,W6Y457,동홍동,,
17176,2021-05,W6Y457,동홍동,888850.0,493.0
17177,2021-06,W6Y457,동홍동,942800.0,523.0
17178,2018-01,W6Y458,동홍동,,
17179,2018-02,W6Y458,동홍동,,
17180,2018-03,W6Y458,동홍동,,
17181,2018-04,W6Y458,동홍동,,
17182,2018-05,W6Y458,동홍동,,
17183,2018-06,W6Y458,동홍동,,
17184,2018-07,W6Y458,동홍동,,
17185,2018-08,W6Y458,동홍동,,
17186,2018-09,W6Y458,동홍동,,
17187,2018-10,W6Y458,동홍동,,
17188,2018-11,W6Y458,동홍동,,
17189,2018-12,W6Y458,동홍동,,
17190,2019-01,W6Y458,동홍동,,
17191,2019-02,W6Y458,동홍동,,
17192,2019-03,W6Y458,동홍동,,
17193,2019-04,W6Y458,동홍동,,
17194,2019-05,W6Y458,동홍동,,
17195,2019-06,W6Y458,동홍동,,
17196,2019-07,W6Y458,동홍동,,
17197,2019-08,W6Y458,동홍동,,
17198,2019-09,W6Y458,동홍동,,
17199,2019-10,W6Y458,동홍동,,
17200,2019-11,W6Y458,동홍동,,
17201,2019-12,W6Y458,동홍동,,
17202,2020-01,W6Y458,동홍동,18550.0,5.0
17203,2020-02,W6Y458,동홍동,668000.0,272.0
17204,2020-03,W6Y458,동홍동,543100.0,252.0
17205,2020-04,W6Y458,동홍동,525700.0,280.0
17206,2020-05,W6Y458,동홍동,616350.0,292.0
17207,2020-06,W6Y458,동홍동,559150.0,292.0
17208,2020-07,W6Y458,동홍동,639750.0,348.0
17209,2020-08,W6Y458,동홍동,655750.0,392.0
17210,2020-09,W6Y458,동홍동,543400.0,328.0
17211,2020-10,W6Y458,동홍동,634150.0,324.0
17212,2020-11,W6Y458,동홍동,641500.0,305.0
17213,2020-12,W6Y458,동홍동,698500.0,329.0
17214,2021-01,W6Y458,동홍동,640500.0,301.0
17215,2021-02,W6Y458,동홍동,578500.0,270.0
17216,2021-03,W6Y458,동홍동,626650.0,313.0
17217,2021-04,W6Y458,동홍동,,
17218,2021-05,W6Y458,동홍동,651450.0,390.0
17219,2021-06,W6Y458,동홍동,599100.0,371.0
17220,2018-01,W6Y459,대정읍,,
17221,2018-02,W6Y459,대정읍,,
17222,2018-03,W6Y459,대정읍,,
17223,2018-04,W6Y459,대정읍,,
17224,2018-05,W6Y459,대정읍,,
17225,2018-06,W6Y459,대정읍,,
17226,2018-07,W6Y459,대정읍,,
17227,2018-08,W6Y459,대정읍,,
17228,2018-09,W6Y459,대정읍,,
17229,2018-10,W6Y459,대정읍,,
17230,2018-11,W6Y459,대정읍,,
17231,2018-12,W6Y459,대정읍,,
17232,2019-01,W6Y459,대정읍,,
17233,2019-02,W6Y459,대정읍,,
17234,2019-03,W6Y459,대정읍,,
17235,2019-04,W6Y459,대정읍,,
17236,2019-05,W6Y459,대정읍,,
17237,2019-06,W6Y459,대정읍,,
17238,2019-07,W6Y459,대정읍,,
17239,2019-08,W6Y459,대정읍,,
17240,2019-09,W6Y459,대정읍,,
17241,2019-10,W6Y459,대정읍,,
17242,2019-11,W6Y459,대정읍,,
17243,2019-12,W6Y459,대정읍,,
17244,2020-01,W6Y459,대정읍,27850.0,10.0
17245,2020-02,W6Y459,대정읍,550350.0,293.0
17246,2020-03,W6Y459,대정읍,534200.0,328.0
17247,2020-04,W6Y459,대정읍,547900.0,314.0
17248,2020-05,W6Y459,대정읍,571200.0,343.0
17249,2020-06,W6Y459,대정읍,573800.0,295.0
17250,2020-07,W6Y459,대정읍,523200.0,321.0
17251,2020-08,W6Y459,대정읍,643700.0,366.0
17252,2020-09,W6Y459,대정읍,520200.0,326.0
17253,2020-10,W6Y459,대정읍,573150.0,328.0
17254,2020-11,W6Y459,대정읍,640200.0,296.0
17255,2020-12,W6Y459,대정읍,761150.0,313.0
17256,2021-01,W6Y459,대정읍,659100.0,293.0
17257,2021-02,W6Y459,대정읍,667050.0,277.0
17258,2021-03,W6Y459,대정읍,886350.0,323.0
17259,2021-04,W6Y459,대정읍,,
17260,2021-05,W6Y459,대정읍,998400.0,377.0
17261,2021-06,W6Y459,대정읍,997450.0,382.0
17262,2018-01,W6Y460,대정읍,3750.0,3.0
17263,2018-02,W6Y460,대정읍,25650.0,17.0
17264,2018-03,W6Y460,대정읍,30250.0,21.0
17265,2018-04,W6Y460,대정읍,,
17266,2018-05,W6Y460,대정읍,,
17267,2018-06,W6Y460,대정읍,,
17268,2018-07,W6Y460,대정읍,,
17269,2018-08,W6Y460,대정읍,,
17270,2018-09,W6Y460,대정읍,,
17271,2018-10,W6Y460,대정읍,,
17272,2018-11,W6Y460,대정읍,,
17273,2018-12,W6Y460,대정읍,,
17274,2019-01,W6Y460,대정읍,,
17275,2019-02,W6Y460,대정읍,,
17276,2019-03,W6Y460,대정읍,,
17277,2019-04,W6Y460,대정읍,,
17278,2019-05,W6Y460,대정읍,,
17279,2019-06,W6Y460,대정읍,,
17280,2019-07,W6Y460,대정읍,,
17281,2019-08,W6Y460,대정읍,,
17282,2019-09,W6Y460,대정읍,,
17283,2019-10,W6Y460,대정읍,,
17284,2019-11,W6Y460,대정읍,,
17285,2019-12,W6Y460,대정읍,,
17286,2020-01,W6Y460,대정읍,,
17287,2020-02,W6Y460,대정읍,,
17288,2020-03,W6Y460,대정읍,,
17289,2020-04,W6Y460,대정읍,,
17290,2020-05,W6Y460,대정읍,,
17291,2020-06,W6Y460,대정읍,,
17292,2020-07,W6Y460,대정읍,,
17293,2020-08,W6Y460,대정읍,,
17294,2020-09,W6Y460,대정읍,,
17295,2020-10,W6Y460,대정읍,,
17296,2020-11,W6Y460,대정읍,,
17297,2020-12,W6Y460,대정읍,,
17298,2021-01,W6Y460,대정읍,,
17299,2021-02,W6Y460,대정읍,,
17300,2021-03,W6Y460,대정읍,,
17301,2021-04,W6Y460,대정읍,,
17302,2021-05,W6Y460,대정읍,,
17303,2021-06,W6Y460,대정읍,,
17304,2018-01,W6Y461,대정읍,,
17305,2018-02,W6Y461,대정읍,1647250.0,163.0
17306,2018-03,W6Y461,대정읍,3694000.0,360.0
17307,2018-04,W6Y461,대정읍,2593000.0,291.0
17308,2018-05,W6Y461,대정읍,2538850.0,304.0
17309,2018-06,W6Y461,대정읍,2423050.0,315.0
17310,2018-07,W6Y461,대정읍,3343850.0,366.0
17311,2018-08,W6Y461,대정읍,3002550.0,324.0
17312,2018-09,W6Y461,대정읍,2749250.0,301.0
17313,2018-10,W6Y461,대정읍,3050150.0,318.0
17314,2018-11,W6Y461,대정읍,2547650.0,302.0
17315,2018-12,W6Y461,대정읍,2967450.0,349.0
17316,2019-01,W6Y461,대정읍,3248950.0,347.0
17317,2019-02,W6Y461,대정읍,2514500.0,293.0
17318,2019-03,W6Y461,대정읍,3347400.0,364.0
17319,2019-04,W6Y461,대정읍,2959100.0,332.0
17320,2019-05,W6Y461,대정읍,3267700.0,347.0
17321,2019-06,W6Y461,대정읍,2922100.0,339.0
17322,2019-07,W6Y461,대정읍,4206400.0,472.0
17323,2019-08,W6Y461,대정읍,5224800.0,541.0
17324,2019-09,W6Y461,대정읍,3321900.0,409.0
17325,2019-10,W6Y461,대정읍,4071700.0,497.0
17326,2019-11,W6Y461,대정읍,3521950.0,416.0
17327,2019-12,W6Y461,대정읍,4870150.0,491.0
17328,2020-01,W6Y461,대정읍,4553150.0,437.0
17329,2020-02,W6Y461,대정읍,4340850.0,472.0
17330,2020-03,W6Y461,대정읍,4547350.0,522.0
17331,2020-04,W6Y461,대정읍,4262500.0,471.0
17332,2020-05,W6Y461,대정읍,5427450.0,563.0
17333,2020-06,W6Y461,대정읍,4064850.0,516.0
17334,2020-07,W6Y461,대정읍,5369200.0,631.0
17335,2020-08,W6Y461,대정읍,4453300.0,571.0
17336,2020-09,W6Y461,대정읍,4246900.0,514.0
17337,2020-10,W6Y461,대정읍,4088550.0,537.0
17338,2020-11,W6Y461,대정읍,3054150.0,367.0
17339,2020-12,W6Y461,대정읍,4427750.0,527.0
17340,2021-01,W6Y461,대정읍,4006050.0,519.0
17341,2021-02,W6Y461,대정읍,3485350.0,464.0
17342,2021-03,W6Y461,대정읍,4130500.0,523.0
17343,2021-04,W6Y461,대정읍,,
17344,2021-05,W6Y461,대정읍,5118850.0,604.0
17345,2021-06,W6Y461,대정읍,3693550.0,583.0
17346,2018-01,W6Y464,남원읍,,
17347,2018-02,W6Y464,남원읍,,
17348,2018-03,W6Y464,남원읍,,
17349,2018-04,W6Y464,남원읍,,
17350,2018-05,W6Y464,남원읍,,
17351,2018-06,W6Y464,남원읍,,
17352,2018-07,W6Y464,남원읍,,
17353,2018-08,W6Y464,남원읍,,
17354,2018-09,W6Y464,남원읍,,
17355,2018-10,W6Y464,남원읍,,
17356,2018-11,W6Y464,남원읍,,
17357,2018-12,W6Y464,남원읍,,
17358,2019-01,W6Y464,남원읍,,
17359,2019-02,W6Y464,남원읍,,
17360,2019-03,W6Y464,남원읍,,
17361,2019-04,W6Y464,남원읍,,
17362,2019-05,W6Y464,남원읍,,
17363,2019-06,W6Y464,남원읍,,
17364,2019-07,W6Y464,남원읍,,
17365,2019-08,W6Y464,남원읍,,
17366,2019-09,W6Y464,남원읍,,
17367,2019-10,W6Y464,남원읍,,
17368,2019-11,W6Y464,남원읍,,
17369,2019-12,W6Y464,남원읍,,
17370,2020-01,W6Y464,남원읍,,
17371,2020-02,W6Y464,남원읍,14800.0,8.0
17372,2020-03,W6Y464,남원읍,219000.0,127.0
17373,2020-04,W6Y464,남원읍,183150.0,121.0
17374,2020-05,W6Y464,남원읍,187100.0,113.0
17375,2020-06,W6Y464,남원읍,185500.0,113.0
17376,2020-07,W6Y464,남원읍,185600.0,110.0
17377,2020-08,W6Y464,남원읍,208800.0,154.0
17378,2020-09,W6Y464,남원읍,158150.0,119.0
17379,2020-10,W6Y464,남원읍,112850.0,73.0
17380,2020-11,W6Y464,남원읍,36250.0,25.0
17381,2020-12,W6Y464,남원읍,26600.0,20.0
17382,2021-01,W6Y464,남원읍,,
17383,2021-02,W6Y464,남원읍,94500.0,52.0
17384,2021-03,W6Y464,남원읍,130150.0,63.0
17385,2021-04,W6Y464,남원읍,,
17386,2021-05,W6Y464,남원읍,176550.0,98.0
17387,2021-06,W6Y464,남원읍,160500.0,102.0
17388,2018-01,W6Y465,동홍동,,
17389,2018-02,W6Y465,동홍동,,
17390,2018-03,W6Y465,동홍동,,
17391,2018-04,W6Y465,동홍동,,
17392,2018-05,W6Y465,동홍동,300.0,1.0
17393,2018-06,W6Y465,동홍동,12100.0,7.0
17394,2018-07,W6Y465,동홍동,161500.0,147.0
17395,2018-08,W6Y465,동홍동,319400.0,341.0
17396,2018-09,W6Y465,동홍동,411650.0,421.0
17397,2018-10,W6Y465,동홍동,583900.0,644.0
17398,2018-11,W6Y465,동홍동,796150.0,769.0
17399,2018-12,W6Y465,동홍동,991150.0,825.0
17400,2019-01,W6Y465,동홍동,999700.0,860.0
17401,2019-02,W6Y465,동홍동,1033500.0,870.0
17402,2019-03,W6Y465,동홍동,955600.0,814.0
17403,2019-04,W6Y465,동홍동,954000.0,844.0
17404,2019-05,W6Y465,동홍동,985200.0,871.0
17405,2019-06,W6Y465,동홍동,958450.0,898.0
17406,2019-07,W6Y465,동홍동,1039350.0,942.0
17407,2019-08,W6Y465,동홍동,1024250.0,947.0
17408,2019-09,W6Y465,동홍동,913450.0,927.0
17409,2019-10,W6Y465,동홍동,835200.0,930.0
17410,2019-11,W6Y465,동홍동,863300.0,915.0
17411,2019-12,W6Y465,동홍동,936450.0,901.0
17412,2020-01,W6Y465,동홍동,1049900.0,947.0
17413,2020-02,W6Y465,동홍동,1044800.0,886.0
17414,2020-03,W6Y465,동홍동,969000.0,900.0
17415,2020-04,W6Y465,동홍동,914850.0,968.0
17416,2020-05,W6Y465,동홍동,1033700.0,1046.0
17417,2020-06,W6Y465,동홍동,1049900.0,1016.0
17418,2020-07,W6Y465,동홍동,1122300.0,1093.0
17419,2020-08,W6Y465,동홍동,1040150.0,1122.0
17420,2020-09,W6Y465,동홍동,935750.0,1032.0
17421,2020-10,W6Y465,동홍동,939250.0,1051.0
17422,2020-11,W6Y465,동홍동,962500.0,1041.0
17423,2020-12,W6Y465,동홍동,1207750.0,1084.0
17424,2021-01,W6Y465,동홍동,1222700.0,1113.0
17425,2021-02,W6Y465,동홍동,1108500.0,980.0
17426,2021-03,W6Y465,동홍동,1206300.0,1149.0
17427,2021-04,W6Y465,동홍동,,
17428,2021-05,W6Y465,동홍동,1158300.0,1205.0
17429,2021-06,W6Y465,동홍동,1180100.0,1215.0
17430,2018-01,W6Y466,서홍동,,
17431,2018-02,W6Y466,서홍동,,
17432,2018-03,W6Y466,서홍동,,
17433,2018-04,W6Y466,서홍동,,
17434,2018-05,W6Y466,서홍동,,
17435,2018-06,W6Y466,서홍동,,
17436,2018-07,W6Y466,서홍동,,
17437,2018-08,W6Y466,서홍동,,
17438,2018-09,W6Y466,서홍동,,
17439,2018-10,W6Y466,서홍동,,
17440,2018-11,W6Y466,서홍동,,
17441,2018-12,W6Y466,서홍동,,
17442,2019-01,W6Y466,서홍동,,
17443,2019-02,W6Y466,서홍동,,
17444,2019-03,W6Y466,서홍동,,
17445,2019-04,W6Y466,서홍동,,
17446,2019-05,W6Y466,서홍동,,
17447,2019-06,W6Y466,서홍동,,
17448,2019-07,W6Y466,서홍동,,
17449,2019-08,W6Y466,서홍동,,
17450,2019-09,W6Y466,서홍동,,
17451,2019-10,W6Y466,서홍동,,
17452,2019-11,W6Y466,서홍동,,
17453,2019-12,W6Y466,서홍동,,
17454,2020-01,W6Y466,서홍동,,
17455,2020-02,W6Y466,서홍동,,
17456,2020-03,W6Y466,서홍동,,
17457,2020-04,W6Y466,서홍동,,
17458,2020-05,W6Y466,서홍동,,
17459,2020-06,W6Y466,서홍동,6650.0,3.0
17460,2020-07,W6Y466,서홍동,16000.0,6.0
17461,2020-08,W6Y466,서홍동,44800.0,20.0
17462,2020-09,W6Y466,서홍동,72300.0,38.0
17463,2020-10,W6Y466,서홍동,91450.0,42.0
17464,2020-11,W6Y466,서홍동,69950.0,35.0
17465,2020-12,W6Y466,서홍동,154800.0,69.0
17466,2021-01,W6Y466,서홍동,330750.0,134.0
17467,2021-02,W6Y466,서홍동,284850.0,135.0
17468,2021-03,W6Y466,서홍동,245000.0,126.0
17469,2021-04,W6Y466,서홍동,,
17470,2021-05,W6Y466,서홍동,148500.0,66.0
17471,2021-06,W6Y466,서홍동,132350.0,50.0
17472,2018-01,W6Y468,동홍동,,
17473,2018-02,W6Y468,동홍동,,
17474,2018-03,W6Y468,동홍동,,
17475,2018-04,W6Y468,동홍동,,
17476,2018-05,W6Y468,동홍동,,
17477,2018-06,W6Y468,동홍동,,
17478,2018-07,W6Y468,동홍동,,
17479,2018-08,W6Y468,동홍동,,
17480,2018-09,W6Y468,동홍동,,
17481,2018-10,W6Y468,동홍동,,
17482,2018-11,W6Y468,동홍동,,
17483,2018-12,W6Y468,동홍동,,
17484,2019-01,W6Y468,동홍동,,
17485,2019-02,W6Y468,동홍동,,
17486,2019-03,W6Y468,동홍동,,
17487,2019-04,W6Y468,동홍동,,
17488,2019-05,W6Y468,동홍동,,
17489,2019-06,W6Y468,동홍동,,
17490,2019-07,W6Y468,동홍동,,
17491,2019-08,W6Y468,동홍동,,
17492,2019-09,W6Y468,동홍동,,
17493,2019-10,W6Y468,동홍동,,
17494,2019-11,W6Y468,동홍동,,
17495,2019-12,W6Y468,동홍동,,
17496,2020-01,W6Y468,동홍동,,
17497,2020-02,W6Y468,동홍동,,
17498,2020-03,W6Y468,동홍동,,
17499,2020-04,W6Y468,동홍동,,
17500,2020-05,W6Y468,동홍동,,
17501,2020-06,W6Y468,동홍동,,
17502,2020-07,W6Y468,동홍동,,
17503,2020-08,W6Y468,동홍동,,
17504,2020-09,W6Y468,동홍동,,
17505,2020-10,W6Y468,동홍동,,
17506,2020-11,W6Y468,동홍동,,
17507,2020-12,W6Y468,동홍동,,
17508,2021-01,W6Y468,동홍동,,
17509,2021-02,W6Y468,동홍동,,
17510,2021-03,W6Y468,동홍동,,
17511,2021-04,W6Y468,동홍동,,
17512,2021-05,W6Y468,동홍동,,
17513,2021-06,W6Y468,동홍동,,
17514,2018-01,W6Y469,남원읍,,
17515,2018-02,W6Y469,남원읍,,
17516,2018-03,W6Y469,남원읍,,
17517,2018-04,W6Y469,남원읍,,
17518,2018-05,W6Y469,남원읍,,
17519,2018-06,W6Y469,남원읍,,
17520,2018-07,W6Y469,남원읍,,
17521,2018-08,W6Y469,남원읍,,
17522,2018-09,W6Y469,남원읍,,
17523,2018-10,W6Y469,남원읍,,
17524,2018-11,W6Y469,남원읍,,
17525,2018-12,W6Y469,남원읍,,
17526,2019-01,W6Y469,남원읍,,
17527,2019-02,W6Y469,남원읍,,
17528,2019-03,W6Y469,남원읍,,
17529,2019-04,W6Y469,남원읍,,
17530,2019-05,W6Y469,남원읍,,
17531,2019-06,W6Y469,남원읍,,
17532,2019-07,W6Y469,남원읍,,
17533,2019-08,W6Y469,남원읍,,
17534,2019-09,W6Y469,남원읍,,
17535,2019-10,W6Y469,남원읍,,
17536,2019-11,W6Y469,남원읍,,
17537,2019-12,W6Y469,남원읍,,
17538,2020-01,W6Y469,남원읍,,
17539,2020-02,W6Y469,남원읍,,
17540,2020-03,W6Y469,남원읍,,
17541,2020-04,W6Y469,남원읍,,
17542,2020-05,W6Y469,남원읍,,
17543,2020-06,W6Y469,남원읍,,
17544,2020-07,W6Y469,남원읍,,
17545,2020-08,W6Y469,남원읍,,
17546,2020-09,W6Y469,남원읍,,
17547,2020-10,W6Y469,남원읍,,
17548,2020-11,W6Y469,남원읍,,
17549,2020-12,W6Y469,남원읍,,
17550,2021-01,W6Y469,남원읍,,
17551,2021-02,W6Y469,남원읍,,
17552,2021-03,W6Y469,남원읍,,
17553,2021-04,W6Y469,남원읍,,
17554,2021-05,W6Y469,남원읍,,
17555,2021-06,W6Y469,남원읍,,
17556,2018-01,W6Y46A,안덕면,,
17557,2018-02,W6Y46A,안덕면,,
17558,2018-03,W6Y46A,안덕면,,
17559,2018-04,W6Y46A,안덕면,,
17560,2018-05,W6Y46A,안덕면,,
17561,2018-06,W6Y46A,안덕면,,
17562,2018-07,W6Y46A,안덕면,,
17563,2018-08,W6Y46A,안덕면,,
17564,2018-09,W6Y46A,안덕면,,
17565,2018-10,W6Y46A,안덕면,,
17566,2018-11,W6Y46A,안덕면,,
17567,2018-12,W6Y46A,안덕면,,
17568,2019-01,W6Y46A,안덕면,,
17569,2019-02,W6Y46A,안덕면,,
17570,2019-03,W6Y46A,안덕면,4100.0,2.0
17571,2019-04,W6Y46A,안덕면,13000.0,11.0
17572,2019-05,W6Y46A,안덕면,57750.0,27.0
17573,2019-06,W6Y46A,안덕면,23350.0,15.0
17574,2019-07,W6Y46A,안덕면,19050.0,16.0
17575,2019-08,W6Y46A,안덕면,23000.0,28.0
17576,2019-09,W6Y46A,안덕면,21650.0,18.0
17577,2019-10,W6Y46A,안덕면,26200.0,32.0
17578,2019-11,W6Y46A,안덕면,34950.0,27.0
17579,2019-12,W6Y46A,안덕면,25950.0,25.0
17580,2020-01,W6Y46A,안덕면,61900.0,51.0
17581,2020-02,W6Y46A,안덕면,75150.0,70.0
17582,2020-03,W6Y46A,안덕면,72050.0,69.0
17583,2020-04,W6Y46A,안덕면,68800.0,84.0
17584,2020-05,W6Y46A,안덕면,41700.0,51.0
17585,2020-06,W6Y46A,안덕면,86200.0,104.0
17586,2020-07,W6Y46A,안덕면,102150.0,111.0
17587,2020-08,W6Y46A,안덕면,163450.0,161.0
17588,2020-09,W6Y46A,안덕면,111350.0,116.0
17589,2020-10,W6Y46A,안덕면,82550.0,117.0
17590,2020-11,W6Y46A,안덕면,87350.0,99.0
17591,2020-12,W6Y46A,안덕면,103900.0,98.0
17592,2021-01,W6Y46A,안덕면,141300.0,119.0
17593,2021-02,W6Y46A,안덕면,144050.0,85.0
17594,2021-03,W6Y46A,안덕면,129600.0,104.0
17595,2021-04,W6Y46A,안덕면,,
17596,2021-05,W6Y46A,안덕면,147600.0,118.0
17597,2021-06,W6Y46A,안덕면,116450.0,130.0
17598,2018-01,W6Y46C,남원읍,551350.0,376.0
17599,2018-02,W6Y46C,남원읍,,
17600,2018-03,W6Y46C,남원읍,,
17601,2018-04,W6Y46C,남원읍,,
17602,2018-05,W6Y46C,남원읍,,
17603,2018-06,W6Y46C,남원읍,,
17604,2018-07,W6Y46C,남원읍,,
17605,2018-08,W6Y46C,남원읍,,
17606,2018-09,W6Y46C,남원읍,,
17607,2018-10,W6Y46C,남원읍,,
17608,2018-11,W6Y46C,남원읍,43950.0,40.0
17609,2018-12,W6Y46C,남원읍,2060900.0,1118.0
17610,2019-01,W6Y46C,남원읍,2682700.0,1570.0
17611,2019-02,W6Y46C,남원읍,2631050.0,1518.0
17612,2019-03,W6Y46C,남원읍,2534050.0,1513.0
17613,2019-04,W6Y46C,남원읍,2267400.0,1476.0
17614,2019-05,W6Y46C,남원읍,2490850.0,1718.0
17615,2019-06,W6Y46C,남원읍,2769500.0,1938.0
17616,2019-07,W6Y46C,남원읍,2972150.0,2084.0
17617,2019-08,W6Y46C,남원읍,3129800.0,2162.0
17618,2019-09,W6Y46C,남원읍,2906950.0,2083.0
17619,2019-10,W6Y46C,남원읍,2374900.0,1956.0
17620,2019-11,W6Y46C,남원읍,2141300.0,1554.0
17621,2019-12,W6Y46C,남원읍,2136450.0,1408.0
17622,2020-01,W6Y46C,남원읍,2059800.0,1239.0
17623,2020-02,W6Y46C,남원읍,2227000.0,1342.0
17624,2020-03,W6Y46C,남원읍,2351650.0,1484.0
17625,2020-04,W6Y46C,남원읍,2025850.0,1381.0
17626,2020-05,W6Y46C,남원읍,2255800.0,1628.0
17627,2020-06,W6Y46C,남원읍,2311750.0,1701.0
17628,2020-07,W6Y46C,남원읍,2483300.0,1871.0
17629,2020-08,W6Y46C,남원읍,2422550.0,1829.0
17630,2020-09,W6Y46C,남원읍,2124650.0,1745.0
17631,2020-10,W6Y46C,남원읍,2158750.0,1721.0
17632,2020-11,W6Y46C,남원읍,2101650.0,1615.0
17633,2020-12,W6Y46C,남원읍,2300200.0,1549.0
17634,2021-01,W6Y46C,남원읍,2367400.0,1584.0
17635,2021-02,W6Y46C,남원읍,2285150.0,1541.0
17636,2021-03,W6Y46C,남원읍,2263350.0,1501.0
17637,2021-04,W6Y46C,남원읍,,
17638,2021-05,W6Y46C,남원읍,2185500.0,1676.0
17639,2021-06,W6Y46C,남원읍,2715600.0,1765.0
17640,2018-01,W6Y470,성산읍,,
17641,2018-02,W6Y470,성산읍,,
17642,2018-03,W6Y470,성산읍,,
17643,2018-04,W6Y470,성산읍,,
17644,2018-05,W6Y470,성산읍,,
17645,2018-06,W6Y470,성산읍,,
17646,2018-07,W6Y470,성산읍,,
17647,2018-08,W6Y470,성산읍,,
17648,2018-09,W6Y470,성산읍,,
17649,2018-10,W6Y470,성산읍,,
17650,2018-11,W6Y470,성산읍,,
17651,2018-12,W6Y470,성산읍,17400.0,4.0
17652,2019-01,W6Y470,성산읍,88900.0,18.0
17653,2019-02,W6Y470,성산읍,161700.0,32.0
17654,2019-03,W6Y470,성산읍,184050.0,31.0
17655,2019-04,W6Y470,성산읍,144850.0,30.0
17656,2019-05,W6Y470,성산읍,247450.0,36.0
17657,2019-06,W6Y470,성산읍,167450.0,39.0
17658,2019-07,W6Y470,성산읍,219900.0,43.0
17659,2019-08,W6Y470,성산읍,236550.0,47.0
17660,2019-09,W6Y470,성산읍,159300.0,79.0
17661,2019-10,W6Y470,성산읍,27700.0,26.0
17662,2019-11,W6Y470,성산읍,6700.0,2.0
17663,2019-12,W6Y470,성산읍,15350.0,26.0
17664,2020-01,W6Y470,성산읍,6500.0,54.0
17665,2020-02,W6Y470,성산읍,,
17666,2020-03,W6Y470,성산읍,46450.0,14.0
17667,2020-04,W6Y470,성산읍,67450.0,24.0
17668,2020-05,W6Y470,성산읍,124400.0,44.0
17669,2020-06,W6Y470,성산읍,147100.0,43.0
17670,2020-07,W6Y470,성산읍,221100.0,56.0
17671,2020-08,W6Y470,성산읍,121400.0,43.0
17672,2020-09,W6Y470,성산읍,71850.0,31.0
17673,2020-10,W6Y470,성산읍,44450.0,31.0
17674,2020-11,W6Y470,성산읍,68900.0,28.0
17675,2020-12,W6Y470,성산읍,900.0,5.0
17676,2021-01,W6Y470,성산읍,,
17677,2021-02,W6Y470,성산읍,,
17678,2021-03,W6Y470,성산읍,,
17679,2021-04,W6Y470,성산읍,,
17680,2021-05,W6Y470,성산읍,,
17681,2021-06,W6Y470,성산읍,,
17682,2018-01,W6Y471,성산읍,,
17683,2018-02,W6Y471,성산읍,,
17684,2018-03,W6Y471,성산읍,,
17685,2018-04,W6Y471,성산읍,,
17686,2018-05,W6Y471,성산읍,,
17687,2018-06,W6Y471,성산읍,,
17688,2018-07,W6Y471,성산읍,,
17689,2018-08,W6Y471,성산읍,,
17690,2018-09,W6Y471,성산읍,,
17691,2018-10,W6Y471,성산읍,,
17692,2018-11,W6Y471,성산읍,,
17693,2018-12,W6Y471,성산읍,7100.0,4.0
17694,2019-01,W6Y471,성산읍,60650.0,34.0
17695,2019-02,W6Y471,성산읍,64150.0,29.0
17696,2019-03,W6Y471,성산읍,43650.0,22.0
17697,2019-04,W6Y471,성산읍,135700.0,35.0
17698,2019-05,W6Y471,성산읍,131250.0,37.0
17699,2019-06,W6Y471,성산읍,136450.0,34.0
17700,2019-07,W6Y471,성산읍,127350.0,38.0
17701,2019-08,W6Y471,성산읍,140100.0,46.0
17702,2019-09,W6Y471,성산읍,138550.0,39.0
17703,2019-10,W6Y471,성산읍,142700.0,33.0
17704,2019-11,W6Y471,성산읍,134750.0,37.0
17705,2019-12,W6Y471,성산읍,249900.0,49.0
17706,2020-01,W6Y471,성산읍,264900.0,52.0
17707,2020-02,W6Y471,성산읍,174750.0,41.0
17708,2020-03,W6Y471,성산읍,299800.0,53.0
17709,2020-04,W6Y471,성산읍,228650.0,70.0
17710,2020-05,W6Y471,성산읍,297100.0,81.0
17711,2020-06,W6Y471,성산읍,288550.0,74.0
17712,2020-07,W6Y471,성산읍,295600.0,89.0
17713,2020-08,W6Y471,성산읍,215950.0,71.0
17714,2020-09,W6Y471,성산읍,238750.0,67.0
17715,2020-10,W6Y471,성산읍,273250.0,74.0
17716,2020-11,W6Y471,성산읍,157550.0,47.0
17717,2020-12,W6Y471,성산읍,312850.0,72.0
17718,2021-01,W6Y471,성산읍,200200.0,61.0
17719,2021-02,W6Y471,성산읍,,
17720,2021-03,W6Y471,성산읍,,
17721,2021-04,W6Y471,성산읍,,
17722,2021-05,W6Y471,성산읍,,
17723,2021-06,W6Y471,성산읍,,
17724,2018-01,W6Y472,성산읍,211200.0,17.0
17725,2018-02,W6Y472,성산읍,,
17726,2018-03,W6Y472,성산읍,,
17727,2018-04,W6Y472,성산읍,,
17728,2018-05,W6Y472,성산읍,,
17729,2018-06,W6Y472,성산읍,,
17730,2018-07,W6Y472,성산읍,,
17731,2018-08,W6Y472,성산읍,,
17732,2018-09,W6Y472,성산읍,,
17733,2018-10,W6Y472,성산읍,,
17734,2018-11,W6Y472,성산읍,,
17735,2018-12,W6Y472,성산읍,45450.0,5.0
17736,2019-01,W6Y472,성산읍,2279650.0,207.0
17737,2019-02,W6Y472,성산읍,2513050.0,214.0
17738,2019-03,W6Y472,성산읍,2833650.0,248.0
17739,2019-04,W6Y472,성산읍,2758050.0,255.0
17740,2019-05,W6Y472,성산읍,2903300.0,317.0
17741,2019-06,W6Y472,성산읍,3034450.0,360.0
17742,2019-07,W6Y472,성산읍,2514900.0,305.0
17743,2019-08,W6Y472,성산읍,2858700.0,327.0
17744,2019-09,W6Y472,성산읍,2008300.0,247.0
17745,2019-10,W6Y472,성산읍,2211650.0,230.0
17746,2019-11,W6Y472,성산읍,2556600.0,258.0
17747,2019-12,W6Y472,성산읍,2290600.0,230.0
17748,2020-01,W6Y472,성산읍,2684900.0,267.0
17749,2020-02,W6Y472,성산읍,1485900.0,168.0
17750,2020-03,W6Y472,성산읍,2453600.0,348.0
17751,2020-04,W6Y472,성산읍,2615050.0,354.0
17752,2020-05,W6Y472,성산읍,3651300.0,504.0
17753,2020-06,W6Y472,성산읍,4217950.0,588.0
17754,2020-07,W6Y472,성산읍,20300.0,4.0
17755,2020-08,W6Y472,성산읍,,
17756,2020-09,W6Y472,성산읍,,
17757,2020-10,W6Y472,성산읍,,
17758,2020-11,W6Y472,성산읍,,
17759,2020-12,W6Y472,성산읍,,
17760,2021-01,W6Y472,성산읍,,
17761,2021-02,W6Y472,성산읍,,
17762,2021-03,W6Y472,성산읍,,
17763,2021-04,W6Y472,성산읍,,
17764,2021-05,W6Y472,성산읍,,
17765,2021-06,W6Y472,성산읍,,
17766,2018-01,W6Y473,성산읍,63400.0,14.0
17767,2018-02,W6Y473,성산읍,,
17768,2018-03,W6Y473,성산읍,,
17769,2018-04,W6Y473,성산읍,,
17770,2018-05,W6Y473,성산읍,,
17771,2018-06,W6Y473,성산읍,,
17772,2018-07,W6Y473,성산읍,,
17773,2018-08,W6Y473,성산읍,,
17774,2018-09,W6Y473,성산읍,,
17775,2018-10,W6Y473,성산읍,,
17776,2018-11,W6Y473,성산읍,,
17777,2018-12,W6Y473,성산읍,2950.0,1.0
17778,2019-01,W6Y473,성산읍,88900.0,16.0
17779,2019-02,W6Y473,성산읍,225500.0,28.0
17780,2019-03,W6Y473,성산읍,286300.0,46.0
17781,2019-04,W6Y473,성산읍,274600.0,42.0
17782,2019-05,W6Y473,성산읍,250200.0,49.0
17783,2019-06,W6Y473,성산읍,341500.0,50.0
17784,2019-07,W6Y473,성산읍,348950.0,64.0
17785,2019-08,W6Y473,성산읍,188450.0,37.0
17786,2019-09,W6Y473,성산읍,125050.0,28.0
17787,2019-10,W6Y473,성산읍,229750.0,46.0
17788,2019-11,W6Y473,성산읍,266950.0,46.0
17789,2019-12,W6Y473,성산읍,230300.0,46.0
17790,2020-01,W6Y473,성산읍,117400.0,20.0
17791,2020-02,W6Y473,성산읍,209700.0,42.0
17792,2020-03,W6Y473,성산읍,1814478.0,39.0
17793,2020-04,W6Y473,성산읍,196850.0,48.0
17794,2020-05,W6Y473,성산읍,207150.0,52.0
17795,2020-06,W6Y473,성산읍,253700.0,62.0
17796,2020-07,W6Y473,성산읍,145800.0,34.0
17797,2020-08,W6Y473,성산읍,186850.0,49.0
17798,2020-09,W6Y473,성산읍,50600.0,21.0
17799,2020-10,W6Y473,성산읍,49400.0,18.0
17800,2020-11,W6Y473,성산읍,32650.0,16.0
17801,2020-12,W6Y473,성산읍,34000.0,15.0
17802,2021-01,W6Y473,성산읍,19500.0,7.0
17803,2021-02,W6Y473,성산읍,19250.0,6.0
17804,2021-03,W6Y473,성산읍,16500.0,10.0
17805,2021-04,W6Y473,성산읍,,
17806,2021-05,W6Y473,성산읍,26850.0,5.0
17807,2021-06,W6Y473,성산읍,50000.0,19.0
17808,2018-01,W6Y474,성산읍,69950.0,26.0
17809,2018-02,W6Y474,성산읍,,
17810,2018-03,W6Y474,성산읍,,
17811,2018-04,W6Y474,성산읍,,
17812,2018-05,W6Y474,성산읍,,
17813,2018-06,W6Y474,성산읍,,
17814,2018-07,W6Y474,성산읍,,
17815,2018-08,W6Y474,성산읍,,
17816,2018-09,W6Y474,성산읍,,
17817,2018-10,W6Y474,성산읍,,
17818,2018-11,W6Y474,성산읍,,
17819,2018-12,W6Y474,성산읍,,
17820,2019-01,W6Y474,성산읍,14650.0,10.0
17821,2019-02,W6Y474,성산읍,14950.0,11.0
17822,2019-03,W6Y474,성산읍,16250.0,14.0
17823,2019-04,W6Y474,성산읍,20400.0,8.0
17824,2019-05,W6Y474,성산읍,17400.0,11.0
17825,2019-06,W6Y474,성산읍,14050.0,10.0
17826,2019-07,W6Y474,성산읍,41900.0,24.0
17827,2019-08,W6Y474,성산읍,16950.0,14.0
17828,2019-09,W6Y474,성산읍,168900.0,25.0
17829,2019-10,W6Y474,성산읍,145350.0,13.0
17830,2019-11,W6Y474,성산읍,433950.0,35.0
17831,2019-12,W6Y474,성산읍,227250.0,85.0
17832,2020-01,W6Y474,성산읍,543750.0,169.0
17833,2020-02,W6Y474,성산읍,431950.0,133.0
17834,2020-03,W6Y474,성산읍,384300.0,127.0
17835,2020-04,W6Y474,성산읍,295850.0,101.0
17836,2020-05,W6Y474,성산읍,373400.0,125.0
17837,2020-06,W6Y474,성산읍,912900.0,402.0
17838,2020-07,W6Y474,성산읍,,
17839,2020-08,W6Y474,성산읍,,
17840,2020-09,W6Y474,성산읍,,
17841,2020-10,W6Y474,성산읍,,
17842,2020-11,W6Y474,성산읍,,
17843,2020-12,W6Y474,성산읍,,
17844,2021-01,W6Y474,성산읍,,
17845,2021-02,W6Y474,성산읍,,
17846,2021-03,W6Y474,성산읍,,
17847,2021-04,W6Y474,성산읍,,
17848,2021-05,W6Y474,성산읍,,
17849,2021-06,W6Y474,성산읍,,
17850,2018-01,W6Y475,성산읍,,
17851,2018-02,W6Y475,성산읍,,
17852,2018-03,W6Y475,성산읍,,
17853,2018-04,W6Y475,성산읍,,
17854,2018-05,W6Y475,성산읍,,
17855,2018-06,W6Y475,성산읍,,
17856,2018-07,W6Y475,성산읍,,
17857,2018-08,W6Y475,성산읍,,
17858,2018-09,W6Y475,성산읍,,
17859,2018-10,W6Y475,성산읍,,
17860,2018-11,W6Y475,성산읍,,
17861,2018-12,W6Y475,성산읍,,
17862,2019-01,W6Y475,성산읍,,
17863,2019-02,W6Y475,성산읍,1800.0,1.0
17864,2019-03,W6Y475,성산읍,,
17865,2019-04,W6Y475,성산읍,,
17866,2019-05,W6Y475,성산읍,950.0,1.0
17867,2019-06,W6Y475,성산읍,,
17868,2019-07,W6Y475,성산읍,3350.0,1.0
17869,2019-08,W6Y475,성산읍,36850.0,14.0
17870,2019-09,W6Y475,성산읍,1650.0,1.0
17871,2019-10,W6Y475,성산읍,374800.0,141.0
17872,2019-11,W6Y475,성산읍,1142250.0,331.0
17873,2019-12,W6Y475,성산읍,1622350.0,380.0
17874,2020-01,W6Y475,성산읍,2957300.0,932.0
17875,2020-02,W6Y475,성산읍,3044000.0,923.0
17876,2020-03,W6Y475,성산읍,3520550.0,1207.0
17877,2020-04,W6Y475,성산읍,3381600.0,1231.0
17878,2020-05,W6Y475,성산읍,3831684.0,1419.0
17879,2020-06,W6Y475,성산읍,5085244.0,1103.0
17880,2020-07,W6Y475,성산읍,2158250.0,934.0
17881,2020-08,W6Y475,성산읍,,
17882,2020-09,W6Y475,성산읍,,
17883,2020-10,W6Y475,성산읍,,
17884,2020-11,W6Y475,성산읍,,
17885,2020-12,W6Y475,성산읍,,
17886,2021-01,W6Y475,성산읍,,
17887,2021-02,W6Y475,성산읍,,
17888,2021-03,W6Y475,성산읍,,
17889,2021-04,W6Y475,성산읍,,
17890,2021-05,W6Y475,성산읍,,
17891,2021-06,W6Y475,성산읍,,
17892,2018-01,W6Y476,성산읍,,
17893,2018-02,W6Y476,성산읍,,
17894,2018-03,W6Y476,성산읍,,
17895,2018-04,W6Y476,성산읍,,
17896,2018-05,W6Y476,성산읍,,
17897,2018-06,W6Y476,성산읍,,
17898,2018-07,W6Y476,성산읍,,
17899,2018-08,W6Y476,성산읍,,
17900,2018-09,W6Y476,성산읍,,
17901,2018-10,W6Y476,성산읍,,
17902,2018-11,W6Y476,성산읍,,
17903,2018-12,W6Y476,성산읍,,
17904,2019-01,W6Y476,성산읍,119750.0,13.0
17905,2019-02,W6Y476,성산읍,1018000.0,62.0
17906,2019-03,W6Y476,성산읍,1223500.0,75.0
17907,2019-04,W6Y476,성산읍,1970700.0,112.0
17908,2019-05,W6Y476,성산읍,2588700.0,221.0
17909,2019-06,W6Y476,성산읍,2132750.0,236.0
17910,2019-07,W6Y476,성산읍,1668250.0,276.0
17911,2019-08,W6Y476,성산읍,1350750.0,393.0
17912,2019-09,W6Y476,성산읍,830800.0,182.0
17913,2019-10,W6Y476,성산읍,1341550.0,298.0
17914,2019-11,W6Y476,성산읍,1058350.0,139.0
17915,2019-12,W6Y476,성산읍,952250.0,80.0
17916,2020-01,W6Y476,성산읍,1033950.0,90.0
17917,2020-02,W6Y476,성산읍,523550.0,49.0
17918,2020-03,W6Y476,성산읍,430650.0,35.0
17919,2020-04,W6Y476,성산읍,364900.0,35.0
17920,2020-05,W6Y476,성산읍,542500.0,41.0
17921,2020-06,W6Y476,성산읍,509950.0,51.0
17922,2020-07,W6Y476,성산읍,532050.0,46.0
17923,2020-08,W6Y476,성산읍,587200.0,60.0
17924,2020-09,W6Y476,성산읍,559450.0,57.0
17925,2020-10,W6Y476,성산읍,650150.0,74.0
17926,2020-11,W6Y476,성산읍,600100.0,140.0
17927,2020-12,W6Y476,성산읍,508100.0,79.0
17928,2021-01,W6Y476,성산읍,350150.0,53.0
17929,2021-02,W6Y476,성산읍,368000.0,69.0
17930,2021-03,W6Y476,성산읍,405700.0,101.0
17931,2021-04,W6Y476,성산읍,,
17932,2021-05,W6Y476,성산읍,601750.0,190.0
17933,2021-06,W6Y476,성산읍,297000.0,108.0
17934,2018-01,W6Y477,성산읍,,
17935,2018-02,W6Y477,성산읍,,
17936,2018-03,W6Y477,성산읍,,
17937,2018-04,W6Y477,성산읍,,
17938,2018-05,W6Y477,성산읍,,
17939,2018-06,W6Y477,성산읍,,
17940,2018-07,W6Y477,성산읍,,
17941,2018-08,W6Y477,성산읍,,
17942,2018-09,W6Y477,성산읍,,
17943,2018-10,W6Y477,성산읍,,
17944,2018-11,W6Y477,성산읍,,
17945,2018-12,W6Y477,성산읍,,
17946,2019-01,W6Y477,성산읍,127900.0,9.0
17947,2019-02,W6Y477,성산읍,140850.0,12.0
17948,2019-03,W6Y477,성산읍,67600.0,5.0
17949,2019-04,W6Y477,성산읍,18150.0,7.0
17950,2019-05,W6Y477,성산읍,5000.0,3.0
17951,2019-06,W6Y477,성산읍,68100.0,10.0
17952,2019-07,W6Y477,성산읍,49400.0,11.0
17953,2019-08,W6Y477,성산읍,135650.0,17.0
17954,2019-09,W6Y477,성산읍,53900.0,9.0
17955,2019-10,W6Y477,성산읍,18200.0,6.0
17956,2019-11,W6Y477,성산읍,19300.0,6.0
17957,2019-12,W6Y477,성산읍,54550.0,11.0
17958,2020-01,W6Y477,성산읍,39300.0,9.0
17959,2020-02,W6Y477,성산읍,19950.0,5.0
17960,2020-03,W6Y477,성산읍,20250.0,4.0
17961,2020-04,W6Y477,성산읍,7650.0,9.0
17962,2020-05,W6Y477,성산읍,30100.0,14.0
17963,2020-06,W6Y477,성산읍,36000.0,18.0
17964,2020-07,W6Y477,성산읍,145100.0,27.0
17965,2020-08,W6Y477,성산읍,110900.0,27.0
17966,2020-09,W6Y477,성산읍,18700.0,17.0
17967,2020-10,W6Y477,성산읍,22400.0,17.0
17968,2020-11,W6Y477,성산읍,37050.0,20.0
17969,2020-12,W6Y477,성산읍,13800.0,11.0
17970,2021-01,W6Y477,성산읍,16450.0,13.0
17971,2021-02,W6Y477,성산읍,26750.0,14.0
17972,2021-03,W6Y477,성산읍,37250.0,21.0
17973,2021-04,W6Y477,성산읍,,
17974,2021-05,W6Y477,성산읍,28500.0,13.0
17975,2021-06,W6Y477,성산읍,45100.0,20.0
17976,2018-01,W6Y478,성산읍,,
17977,2018-02,W6Y478,성산읍,,
17978,2018-03,W6Y478,성산읍,,
17979,2018-04,W6Y478,성산읍,,
17980,2018-05,W6Y478,성산읍,,
17981,2018-06,W6Y478,성산읍,,
17982,2018-07,W6Y478,성산읍,,
17983,2018-08,W6Y478,성산읍,,
17984,2018-09,W6Y478,성산읍,,
17985,2018-10,W6Y478,성산읍,,
17986,2018-11,W6Y478,성산읍,,
17987,2018-12,W6Y478,성산읍,2150.0,1.0
17988,2019-01,W6Y478,성산읍,43800.0,14.0
17989,2019-02,W6Y478,성산읍,56950.0,18.0
17990,2019-03,W6Y478,성산읍,50950.0,17.0
17991,2019-04,W6Y478,성산읍,23050.0,8.0
17992,2019-05,W6Y478,성산읍,42850.0,20.0
17993,2019-06,W6Y478,성산읍,27150.0,12.0
17994,2019-07,W6Y478,성산읍,33600.0,14.0
17995,2019-08,W6Y478,성산읍,37750.0,21.0
17996,2019-09,W6Y478,성산읍,67400.0,22.0
17997,2019-10,W6Y478,성산읍,46900.0,32.0
17998,2019-11,W6Y478,성산읍,48900.0,29.0
17999,2019-12,W6Y478,성산읍,68700.0,26.0
18000,2020-01,W6Y478,성산읍,96250.0,43.0
18001,2020-02,W6Y478,성산읍,94250.0,47.0
18002,2020-03,W6Y478,성산읍,74150.0,29.0
18003,2020-04,W6Y478,성산읍,57900.0,37.0
18004,2020-05,W6Y478,성산읍,100500.0,58.0
18005,2020-06,W6Y478,성산읍,81050.0,34.0
18006,2020-07,W6Y478,성산읍,51500.0,20.0
18007,2020-08,W6Y478,성산읍,49950.0,26.0
18008,2020-09,W6Y478,성산읍,29200.0,16.0
18009,2020-10,W6Y478,성산읍,166950.0,41.0
18010,2020-11,W6Y478,성산읍,76100.0,35.0
18011,2020-12,W6Y478,성산읍,42600.0,15.0
18012,2021-01,W6Y478,성산읍,,
18013,2021-02,W6Y478,성산읍,,
18014,2021-03,W6Y478,성산읍,,
18015,2021-04,W6Y478,성산읍,,
18016,2021-05,W6Y478,성산읍,,
18017,2021-06,W6Y478,성산읍,,
18018,2018-01,W6Y479,성산읍,,
18019,2018-02,W6Y479,성산읍,,
18020,2018-03,W6Y479,성산읍,,
18021,2018-04,W6Y479,성산읍,,
18022,2018-05,W6Y479,성산읍,,
18023,2018-06,W6Y479,성산읍,,
18024,2018-07,W6Y479,성산읍,,
18025,2018-08,W6Y479,성산읍,,
18026,2018-09,W6Y479,성산읍,,
18027,2018-10,W6Y479,성산읍,,
18028,2018-11,W6Y479,성산읍,,
18029,2018-12,W6Y479,성산읍,13550.0,1.0
18030,2019-01,W6Y479,성산읍,74250.0,14.0
18031,2019-02,W6Y479,성산읍,175300.0,52.0
18032,2019-03,W6Y479,성산읍,126150.0,40.0
18033,2019-04,W6Y479,성산읍,156050.0,37.0
18034,2019-05,W6Y479,성산읍,135400.0,55.0
18035,2019-06,W6Y479,성산읍,161800.0,50.0
18036,2019-07,W6Y479,성산읍,137900.0,49.0
18037,2019-08,W6Y479,성산읍,137700.0,36.0
18038,2019-09,W6Y479,성산읍,122850.0,32.0
18039,2019-10,W6Y479,성산읍,111400.0,29.0
18040,2019-11,W6Y479,성산읍,89700.0,38.0
18041,2019-12,W6Y479,성산읍,89750.0,24.0
18042,2020-01,W6Y479,성산읍,121300.0,32.0
18043,2020-02,W6Y479,성산읍,146850.0,47.0
18044,2020-03,W6Y479,성산읍,209250.0,51.0
18045,2020-04,W6Y479,성산읍,173950.0,51.0
18046,2020-05,W6Y479,성산읍,190800.0,63.0
18047,2020-06,W6Y479,성산읍,296000.0,92.0
18048,2020-07,W6Y479,성산읍,265500.0,87.0
18049,2020-08,W6Y479,성산읍,277600.0,93.0
18050,2020-09,W6Y479,성산읍,243800.0,87.0
18051,2020-10,W6Y479,성산읍,259000.0,97.0
18052,2020-11,W6Y479,성산읍,200800.0,76.0
18053,2020-12,W6Y479,성산읍,282350.0,86.0
18054,2021-01,W6Y479,성산읍,263750.0,78.0
18055,2021-02,W6Y479,성산읍,222400.0,64.0
18056,2021-03,W6Y479,성산읍,266650.0,73.0
18057,2021-04,W6Y479,성산읍,,
18058,2021-05,W6Y479,성산읍,230750.0,73.0
18059,2021-06,W6Y479,성산읍,190700.0,62.0
18060,2018-01,W6Y480,성산읍,,
18061,2018-02,W6Y480,성산읍,,
18062,2018-03,W6Y480,성산읍,,
18063,2018-04,W6Y480,성산읍,,
18064,2018-05,W6Y480,성산읍,,
18065,2018-06,W6Y480,성산읍,,
18066,2018-07,W6Y480,성산읍,,
18067,2018-08,W6Y480,성산읍,,
18068,2018-09,W6Y480,성산읍,,
18069,2018-10,W6Y480,성산읍,,
18070,2018-11,W6Y480,성산읍,,
18071,2018-12,W6Y480,성산읍,3150.0,3.0
18072,2019-01,W6Y480,성산읍,96900.0,34.0
18073,2019-02,W6Y480,성산읍,86750.0,30.0
18074,2019-03,W6Y480,성산읍,160100.0,53.0
18075,2019-04,W6Y480,성산읍,180300.0,58.0
18076,2019-05,W6Y480,성산읍,191700.0,70.0
18077,2019-06,W6Y480,성산읍,218550.0,87.0
18078,2019-07,W6Y480,성산읍,266800.0,100.0
18079,2019-08,W6Y480,성산읍,331000.0,112.0
18080,2019-09,W6Y480,성산읍,385500.0,129.0
18081,2019-10,W6Y480,성산읍,188250.0,80.0
18082,2019-11,W6Y480,성산읍,183850.0,63.0
18083,2019-12,W6Y480,성산읍,162400.0,68.0
18084,2020-01,W6Y480,성산읍,204350.0,82.0
18085,2020-02,W6Y480,성산읍,231600.0,84.0
18086,2020-03,W6Y480,성산읍,270850.0,104.0
18087,2020-04,W6Y480,성산읍,199350.0,90.0
18088,2020-05,W6Y480,성산읍,206100.0,97.0
18089,2020-06,W6Y480,성산읍,210500.0,110.0
18090,2020-07,W6Y480,성산읍,269600.0,137.0
18091,2020-08,W6Y480,성산읍,296900.0,123.0
18092,2020-09,W6Y480,성산읍,371200.0,131.0
18093,2020-10,W6Y480,성산읍,171400.0,111.0
18094,2020-11,W6Y480,성산읍,272050.0,118.0
18095,2020-12,W6Y480,성산읍,207500.0,112.0
18096,2021-01,W6Y480,성산읍,250250.0,106.0
18097,2021-02,W6Y480,성산읍,253100.0,108.0
18098,2021-03,W6Y480,성산읍,213300.0,111.0
18099,2021-04,W6Y480,성산읍,,
18100,2021-05,W6Y480,성산읍,229900.0,129.0
18101,2021-06,W6Y480,성산읍,166050.0,81.0
18102,2018-01,W6Y481,성산읍,,
18103,2018-02,W6Y481,성산읍,,
18104,2018-03,W6Y481,성산읍,,
18105,2018-04,W6Y481,성산읍,,
18106,2018-05,W6Y481,성산읍,,
18107,2018-06,W6Y481,성산읍,,
18108,2018-07,W6Y481,성산읍,,
18109,2018-08,W6Y481,성산읍,,
18110,2018-09,W6Y481,성산읍,,
18111,2018-10,W6Y481,성산읍,,
18112,2018-11,W6Y481,성산읍,,
18113,2018-12,W6Y481,성산읍,55650.0,3.0
18114,2019-01,W6Y481,성산읍,281550.0,41.0
18115,2019-02,W6Y481,성산읍,251850.0,39.0
18116,2019-03,W6Y481,성산읍,267600.0,46.0
18117,2019-04,W6Y481,성산읍,274850.0,40.0
18118,2019-05,W6Y481,성산읍,318150.0,55.0
18119,2019-06,W6Y481,성산읍,292750.0,49.0
18120,2019-07,W6Y481,성산읍,226350.0,50.0
18121,2019-08,W6Y481,성산읍,224150.0,42.0
18122,2019-09,W6Y481,성산읍,323200.0,56.0
18123,2019-10,W6Y481,성산읍,265400.0,58.0
18124,2019-11,W6Y481,성산읍,275700.0,51.0
18125,2019-12,W6Y481,성산읍,232000.0,48.0
18126,2020-01,W6Y481,성산읍,346700.0,51.0
18127,2020-02,W6Y481,성산읍,324250.0,53.0
18128,2020-03,W6Y481,성산읍,312900.0,77.0
18129,2020-04,W6Y481,성산읍,347350.0,90.0
18130,2020-05,W6Y481,성산읍,384550.0,64.0
18131,2020-06,W6Y481,성산읍,361000.0,62.0
18132,2020-07,W6Y481,성산읍,367800.0,71.0
18133,2020-08,W6Y481,성산읍,388100.0,83.0
18134,2020-09,W6Y481,성산읍,300400.0,75.0
18135,2020-10,W6Y481,성산읍,399700.0,91.0
18136,2020-11,W6Y481,성산읍,450750.0,79.0
18137,2020-12,W6Y481,성산읍,324000.0,73.0
18138,2021-01,W6Y481,성산읍,270650.0,66.0
18139,2021-02,W6Y481,성산읍,445950.0,77.0
18140,2021-03,W6Y481,성산읍,209550.0,52.0
18141,2021-04,W6Y481,성산읍,,
18142,2021-05,W6Y481,성산읍,157950.0,57.0
18143,2021-06,W6Y481,성산읍,175800.0,60.0
18144,2018-01,W6Y482,성산읍,,
18145,2018-02,W6Y482,성산읍,,
18146,2018-03,W6Y482,성산읍,,
18147,2018-04,W6Y482,성산읍,,
18148,2018-05,W6Y482,성산읍,,
18149,2018-06,W6Y482,성산읍,,
18150,2018-07,W6Y482,성산읍,,
18151,2018-08,W6Y482,성산읍,,
18152,2018-09,W6Y482,성산읍,,
18153,2018-10,W6Y482,성산읍,,
18154,2018-11,W6Y482,성산읍,,
18155,2018-12,W6Y482,성산읍,2900.0,1.0
18156,2019-01,W6Y482,성산읍,75000.0,34.0
18157,2019-02,W6Y482,성산읍,122550.0,49.0
18158,2019-03,W6Y482,성산읍,153500.0,55.0
18159,2019-04,W6Y482,성산읍,112600.0,51.0
18160,2019-05,W6Y482,성산읍,130700.0,65.0
18161,2019-06,W6Y482,성산읍,195050.0,93.0
18162,2019-07,W6Y482,성산읍,218500.0,93.0
18163,2019-08,W6Y482,성산읍,260400.0,111.0
18164,2019-09,W6Y482,성산읍,200800.0,70.0
18165,2019-10,W6Y482,성산읍,183200.0,69.0
18166,2019-11,W6Y482,성산읍,170750.0,80.0
18167,2019-12,W6Y482,성산읍,144400.0,61.0
18168,2020-01,W6Y482,성산읍,76250.0,29.0
18169,2020-02,W6Y482,성산읍,113100.0,42.0
18170,2020-03,W6Y482,성산읍,70000.0,25.0
18171,2020-04,W6Y482,성산읍,96300.0,40.0
18172,2020-05,W6Y482,성산읍,67800.0,38.0
18173,2020-06,W6Y482,성산읍,76600.0,35.0
18174,2020-07,W6Y482,성산읍,247950.0,104.0
18175,2020-08,W6Y482,성산읍,233000.0,102.0
18176,2020-09,W6Y482,성산읍,205050.0,98.0
18177,2020-10,W6Y482,성산읍,177900.0,94.0
18178,2020-11,W6Y482,성산읍,199300.0,107.0
18179,2020-12,W6Y482,성산읍,221300.0,95.0
18180,2021-01,W6Y482,성산읍,115550.0,42.0
18181,2021-02,W6Y482,성산읍,118850.0,51.0
18182,2021-03,W6Y482,성산읍,198700.0,73.0
18183,2021-04,W6Y482,성산읍,,
18184,2021-05,W6Y482,성산읍,111500.0,72.0
18185,2021-06,W6Y482,성산읍,112050.0,63.0
18186,2018-01,W6Y483,성산읍,,
18187,2018-02,W6Y483,성산읍,,
18188,2018-03,W6Y483,성산읍,,
18189,2018-04,W6Y483,성산읍,,
18190,2018-05,W6Y483,성산읍,,
18191,2018-06,W6Y483,성산읍,,
18192,2018-07,W6Y483,성산읍,,
18193,2018-08,W6Y483,성산읍,,
18194,2018-09,W6Y483,성산읍,,
18195,2018-10,W6Y483,성산읍,,
18196,2018-11,W6Y483,성산읍,,
18197,2018-12,W6Y483,성산읍,14700.0,4.0
18198,2019-01,W6Y483,성산읍,83350.0,44.0
18199,2019-02,W6Y483,성산읍,276050.0,64.0
18200,2019-03,W6Y483,성산읍,383150.0,102.0
18201,2019-04,W6Y483,성산읍,357050.0,112.0
18202,2019-05,W6Y483,성산읍,312900.0,100.0
18203,2019-06,W6Y483,성산읍,291600.0,107.0
18204,2019-07,W6Y483,성산읍,475600.0,144.0
18205,2019-08,W6Y483,성산읍,692900.0,245.0
18206,2019-09,W6Y483,성산읍,616850.0,280.0
18207,2019-10,W6Y483,성산읍,665850.0,265.0
18208,2019-11,W6Y483,성산읍,614700.0,200.0
18209,2019-12,W6Y483,성산읍,721050.0,215.0
18210,2020-01,W6Y483,성산읍,816650.0,245.0
18211,2020-02,W6Y483,성산읍,719000.0,222.0
18212,2020-03,W6Y483,성산읍,819150.0,266.0
18213,2020-04,W6Y483,성산읍,870400.0,281.0
18214,2020-05,W6Y483,성산읍,911100.0,343.0
18215,2020-06,W6Y483,성산읍,1056550.0,348.0
18216,2020-07,W6Y483,성산읍,1372050.0,437.0
18217,2020-08,W6Y483,성산읍,1454800.0,395.0
18218,2020-09,W6Y483,성산읍,1097750.0,370.0
18219,2020-10,W6Y483,성산읍,1209250.0,400.0
18220,2020-11,W6Y483,성산읍,600800.0,180.0
18221,2020-12,W6Y483,성산읍,940300.0,324.0
18222,2021-01,W6Y483,성산읍,836450.0,293.0
18223,2021-02,W6Y483,성산읍,657350.0,255.0
18224,2021-03,W6Y483,성산읍,799900.0,252.0
18225,2021-04,W6Y483,성산읍,,
18226,2021-05,W6Y483,성산읍,573150.0,259.0
18227,2021-06,W6Y483,성산읍,485050.0,210.0
18228,2018-01,W6Y484,성산읍,230550.0,37.0
18229,2018-02,W6Y484,성산읍,,
18230,2018-03,W6Y484,성산읍,,
18231,2018-04,W6Y484,성산읍,,
18232,2018-05,W6Y484,성산읍,,
18233,2018-06,W6Y484,성산읍,,
18234,2018-07,W6Y484,성산읍,,
18235,2018-08,W6Y484,성산읍,,
18236,2018-09,W6Y484,성산읍,,
18237,2018-10,W6Y484,성산읍,,
18238,2018-11,W6Y484,성산읍,,
18239,2018-12,W6Y484,성산읍,135150.0,15.0
18240,2019-01,W6Y484,성산읍,1418150.0,236.0
18241,2019-02,W6Y484,성산읍,1308700.0,222.0
18242,2019-03,W6Y484,성산읍,1758200.0,306.0
18243,2019-04,W6Y484,성산읍,2246900.0,357.0
18244,2019-05,W6Y484,성산읍,2429350.0,443.0
18245,2019-06,W6Y484,성산읍,2218250.0,420.0
18246,2019-07,W6Y484,성산읍,2763300.0,508.0
18247,2019-08,W6Y484,성산읍,3263050.0,592.0
18248,2019-09,W6Y484,성산읍,2461700.0,482.0
18249,2019-10,W6Y484,성산읍,2902450.0,525.0
18250,2019-11,W6Y484,성산읍,2272750.0,413.0
18251,2019-12,W6Y484,성산읍,2257850.0,442.0
18252,2020-01,W6Y484,성산읍,2272100.0,409.0
18253,2020-02,W6Y484,성산읍,1413800.0,300.0
18254,2020-03,W6Y484,성산읍,1352600.0,354.0
18255,2020-04,W6Y484,성산읍,1149550.0,309.0
18256,2020-05,W6Y484,성산읍,1209850.0,339.0
18257,2020-06,W6Y484,성산읍,2788228.0,304.0
18258,2020-07,W6Y484,성산읍,3088228.0,341.0
18259,2020-08,W6Y484,성산읍,113150.0,36.0
18260,2020-09,W6Y484,성산읍,747550.0,194.0
18261,2020-10,W6Y484,성산읍,823250.0,215.0
18262,2020-11,W6Y484,성산읍,286600.0,62.0
18263,2020-12,W6Y484,성산읍,1140650.0,207.0
18264,2021-01,W6Y484,성산읍,692500.0,171.0
18265,2021-02,W6Y484,성산읍,675200.0,156.0
18266,2021-03,W6Y484,성산읍,995400.0,195.0
18267,2021-04,W6Y484,성산읍,,
18268,2021-05,W6Y484,성산읍,1047700.0,257.0
18269,2021-06,W6Y484,성산읍,1639300.0,354.0
18270,2018-01,W6Y485,성산읍,,
18271,2018-02,W6Y485,성산읍,,
18272,2018-03,W6Y485,성산읍,,
18273,2018-04,W6Y485,성산읍,,
18274,2018-05,W6Y485,성산읍,,
18275,2018-06,W6Y485,성산읍,,
18276,2018-07,W6Y485,성산읍,,
18277,2018-08,W6Y485,성산읍,,
18278,2018-09,W6Y485,성산읍,,
18279,2018-10,W6Y485,성산읍,,
18280,2018-11,W6Y485,성산읍,,
18281,2018-12,W6Y485,성산읍,,
18282,2019-01,W6Y485,성산읍,9300.0,8.0
18283,2019-02,W6Y485,성산읍,274400.0,38.0
18284,2019-03,W6Y485,성산읍,311800.0,55.0
18285,2019-04,W6Y485,성산읍,242600.0,32.0
18286,2019-05,W6Y485,성산읍,515500.0,69.0
18287,2019-06,W6Y485,성산읍,477700.0,76.0
18288,2019-07,W6Y485,성산읍,617400.0,116.0
18289,2019-08,W6Y485,성산읍,536950.0,92.0
18290,2019-09,W6Y485,성산읍,315200.0,40.0
18291,2019-10,W6Y485,성산읍,348150.0,50.0
18292,2019-11,W6Y485,성산읍,443850.0,56.0
18293,2019-12,W6Y485,성산읍,462250.0,63.0
18294,2020-01,W6Y485,성산읍,441850.0,51.0
18295,2020-02,W6Y485,성산읍,302500.0,43.0
18296,2020-03,W6Y485,성산읍,377900.0,72.0
18297,2020-04,W6Y485,성산읍,373550.0,65.0
18298,2020-05,W6Y485,성산읍,426900.0,84.0
18299,2020-06,W6Y485,성산읍,424250.0,95.0
18300,2020-07,W6Y485,성산읍,519450.0,117.0
18301,2020-08,W6Y485,성산읍,622750.0,152.0
18302,2020-09,W6Y485,성산읍,344250.0,119.0
18303,2020-10,W6Y485,성산읍,131450.0,44.0
18304,2020-11,W6Y485,성산읍,79450.0,23.0
18305,2020-12,W6Y485,성산읍,310150.0,79.0
18306,2021-01,W6Y485,성산읍,214300.0,53.0
18307,2021-02,W6Y485,성산읍,303600.0,89.0
18308,2021-03,W6Y485,성산읍,275850.0,108.0
18309,2021-04,W6Y485,성산읍,,
18310,2021-05,W6Y485,성산읍,270000.0,104.0
18311,2021-06,W6Y485,성산읍,157950.0,64.0
18312,2018-01,W6Y486,성산읍,,
18313,2018-02,W6Y486,성산읍,,
18314,2018-03,W6Y486,성산읍,,
18315,2018-04,W6Y486,성산읍,,
18316,2018-05,W6Y486,성산읍,,
18317,2018-06,W6Y486,성산읍,,
18318,2018-07,W6Y486,성산읍,,
18319,2018-08,W6Y486,성산읍,,
18320,2018-09,W6Y486,성산읍,,
18321,2018-10,W6Y486,성산읍,,
18322,2018-11,W6Y486,성산읍,,
18323,2018-12,W6Y486,성산읍,,
18324,2019-01,W6Y486,성산읍,5350.0,3.0
18325,2019-02,W6Y486,성산읍,,
18326,2019-03,W6Y486,성산읍,3450.0,2.0
18327,2019-04,W6Y486,성산읍,11600.0,4.0
18328,2019-05,W6Y486,성산읍,18250.0,8.0
18329,2019-06,W6Y486,성산읍,67950.0,16.0
18330,2019-07,W6Y486,성산읍,13150.0,7.0
18331,2019-08,W6Y486,성산읍,9950.0,5.0
18332,2019-09,W6Y486,성산읍,7650.0,5.0
18333,2019-10,W6Y486,성산읍,55900.0,12.0
18334,2019-11,W6Y486,성산읍,17350.0,10.0
18335,2019-12,W6Y486,성산읍,15200.0,9.0
18336,2020-01,W6Y486,성산읍,24900.0,11.0
18337,2020-02,W6Y486,성산읍,33400.0,14.0
18338,2020-03,W6Y486,성산읍,85000.0,29.0
18339,2020-04,W6Y486,성산읍,50550.0,24.0
18340,2020-05,W6Y486,성산읍,45300.0,39.0
18341,2020-06,W6Y486,성산읍,53150.0,35.0
18342,2020-07,W6Y486,성산읍,73450.0,30.0
18343,2020-08,W6Y486,성산읍,30750.0,14.0
18344,2020-09,W6Y486,성산읍,22600.0,10.0
18345,2020-10,W6Y486,성산읍,34850.0,11.0
18346,2020-11,W6Y486,성산읍,23850.0,7.0
18347,2020-12,W6Y486,성산읍,11800.0,12.0
18348,2021-01,W6Y486,성산읍,17800.0,6.0
18349,2021-02,W6Y486,성산읍,150.0,1.0
18350,2021-03,W6Y486,성산읍,950.0,3.0
18351,2021-04,W6Y486,성산읍,,
18352,2021-05,W6Y486,성산읍,850.0,2.0
18353,2021-06,W6Y486,성산읍,5700.0,6.0
18354,2018-01,W6Y487,성산읍,,
18355,2018-02,W6Y487,성산읍,,
18356,2018-03,W6Y487,성산읍,,
18357,2018-04,W6Y487,성산읍,,
18358,2018-05,W6Y487,성산읍,,
18359,2018-06,W6Y487,성산읍,,
18360,2018-07,W6Y487,성산읍,,
18361,2018-08,W6Y487,성산읍,,
18362,2018-09,W6Y487,성산읍,,
18363,2018-10,W6Y487,성산읍,,
18364,2018-11,W6Y487,성산읍,,
18365,2018-12,W6Y487,성산읍,,
18366,2019-01,W6Y487,성산읍,61500.0,24.0
18367,2019-02,W6Y487,성산읍,59600.0,17.0
18368,2019-03,W6Y487,성산읍,33550.0,11.0
18369,2019-04,W6Y487,성산읍,31850.0,16.0
18370,2019-05,W6Y487,성산읍,25000.0,14.0
18371,2019-06,W6Y487,성산읍,31450.0,15.0
18372,2019-07,W6Y487,성산읍,40350.0,19.0
18373,2019-08,W6Y487,성산읍,45000.0,18.0
18374,2019-09,W6Y487,성산읍,15200.0,6.0
18375,2019-10,W6Y487,성산읍,9650.0,5.0
18376,2019-11,W6Y487,성산읍,21500.0,10.0
18377,2019-12,W6Y487,성산읍,11200.0,8.0
18378,2020-01,W6Y487,성산읍,88700.0,18.0
18379,2020-02,W6Y487,성산읍,52550.0,14.0
18380,2020-03,W6Y487,성산읍,23000.0,11.0
18381,2020-04,W6Y487,성산읍,21750.0,11.0
18382,2020-05,W6Y487,성산읍,18650.0,8.0
18383,2020-06,W6Y487,성산읍,25000.0,8.0
18384,2020-07,W6Y487,성산읍,101750.0,16.0
18385,2020-08,W6Y487,성산읍,45900.0,21.0
18386,2020-09,W6Y487,성산읍,25400.0,15.0
18387,2020-10,W6Y487,성산읍,28350.0,16.0
18388,2020-11,W6Y487,성산읍,119050.0,27.0
18389,2020-12,W6Y487,성산읍,20750.0,11.0
18390,2021-01,W6Y487,성산읍,36100.0,16.0
18391,2021-02,W6Y487,성산읍,106750.0,22.0
18392,2021-03,W6Y487,성산읍,40450.0,23.0
18393,2021-04,W6Y487,성산읍,,
18394,2021-05,W6Y487,성산읍,64950.0,30.0
18395,2021-06,W6Y487,성산읍,34900.0,18.0
18396,2018-01,W6Y488,성산읍,14900.0,1.0
18397,2018-02,W6Y488,성산읍,,
18398,2018-03,W6Y488,성산읍,,
18399,2018-04,W6Y488,성산읍,,
18400,2018-05,W6Y488,성산읍,,
18401,2018-06,W6Y488,성산읍,,
18402,2018-07,W6Y488,성산읍,,
18403,2018-08,W6Y488,성산읍,,
18404,2018-09,W6Y488,성산읍,,
18405,2018-10,W6Y488,성산읍,,
18406,2018-11,W6Y488,성산읍,,
18407,2018-12,W6Y488,성산읍,1250.0,5.0
18408,2019-01,W6Y488,성산읍,327700.0,89.0
18409,2019-02,W6Y488,성산읍,711400.0,127.0
18410,2019-03,W6Y488,성산읍,458050.0,110.0
18411,2019-04,W6Y488,성산읍,628750.0,125.0
18412,2019-05,W6Y488,성산읍,637000.0,148.0
18413,2019-06,W6Y488,성산읍,857800.0,172.0
18414,2019-07,W6Y488,성산읍,1101600.0,205.0
18415,2019-08,W6Y488,성산읍,1287350.0,188.0
18416,2019-09,W6Y488,성산읍,911550.0,153.0
18417,2019-10,W6Y488,성산읍,880050.0,165.0
18418,2019-11,W6Y488,성산읍,486200.0,117.0
18419,2019-12,W6Y488,성산읍,990600.0,126.0
18420,2020-01,W6Y488,성산읍,922300.0,128.0
18421,2020-02,W6Y488,성산읍,782250.0,159.0
18422,2020-03,W6Y488,성산읍,886300.0,186.0
18423,2020-04,W6Y488,성산읍,578400.0,158.0
18424,2020-05,W6Y488,성산읍,552150.0,149.0
18425,2020-06,W6Y488,성산읍,648800.0,176.0
18426,2020-07,W6Y488,성산읍,688600.0,169.0
18427,2020-08,W6Y488,성산읍,1043700.0,160.0
18428,2020-09,W6Y488,성산읍,871150.0,114.0
18429,2020-10,W6Y488,성산읍,792350.0,128.0
18430,2020-11,W6Y488,성산읍,390150.0,78.0
18431,2020-12,W6Y488,성산읍,704400.0,114.0
18432,2021-01,W6Y488,성산읍,603800.0,90.0
18433,2021-02,W6Y488,성산읍,759500.0,150.0
18434,2021-03,W6Y488,성산읍,527200.0,109.0
18435,2021-04,W6Y488,성산읍,,
18436,2021-05,W6Y488,성산읍,814150.0,167.0
18437,2021-06,W6Y488,성산읍,796900.0,167.0
18438,2018-01,W6Y489,성산읍,,
18439,2018-02,W6Y489,성산읍,,
18440,2018-03,W6Y489,성산읍,,
18441,2018-04,W6Y489,성산읍,,
18442,2018-05,W6Y489,성산읍,,
18443,2018-06,W6Y489,성산읍,,
18444,2018-07,W6Y489,성산읍,,
18445,2018-08,W6Y489,성산읍,,
18446,2018-09,W6Y489,성산읍,,
18447,2018-10,W6Y489,성산읍,,
18448,2018-11,W6Y489,성산읍,,
18449,2018-12,W6Y489,성산읍,29350.0,2.0
18450,2019-01,W6Y489,성산읍,131300.0,18.0
18451,2019-02,W6Y489,성산읍,171900.0,20.0
18452,2019-03,W6Y489,성산읍,269550.0,32.0
18453,2019-04,W6Y489,성산읍,246000.0,29.0
18454,2019-05,W6Y489,성산읍,275800.0,40.0
18455,2019-06,W6Y489,성산읍,333300.0,44.0
18456,2019-07,W6Y489,성산읍,217600.0,29.0
18457,2019-08,W6Y489,성산읍,238700.0,38.0
18458,2019-09,W6Y489,성산읍,143150.0,26.0
18459,2019-10,W6Y489,성산읍,174100.0,26.0
18460,2019-11,W6Y489,성산읍,53700.0,10.0
18461,2019-12,W6Y489,성산읍,29750.0,8.0
18462,2020-01,W6Y489,성산읍,36600.0,9.0
18463,2020-02,W6Y489,성산읍,12600.0,4.0
18464,2020-03,W6Y489,성산읍,8250.0,6.0
18465,2020-04,W6Y489,성산읍,17300.0,3.0
18466,2020-05,W6Y489,성산읍,26400.0,11.0
18467,2020-06,W6Y489,성산읍,111500.0,35.0
18468,2020-07,W6Y489,성산읍,262250.0,49.0
18469,2020-08,W6Y489,성산읍,457750.0,54.0
18470,2020-09,W6Y489,성산읍,206450.0,39.0
18471,2020-10,W6Y489,성산읍,106600.0,22.0
18472,2020-11,W6Y489,성산읍,89200.0,14.0
18473,2020-12,W6Y489,성산읍,101800.0,16.0
18474,2021-01,W6Y489,성산읍,60350.0,8.0
18475,2021-02,W6Y489,성산읍,,
18476,2021-03,W6Y489,성산읍,,
18477,2021-04,W6Y489,성산읍,,
18478,2021-05,W6Y489,성산읍,,
18479,2021-06,W6Y489,성산읍,,
18480,2018-01,W6Y490,성산읍,,
18481,2018-02,W6Y490,성산읍,,
18482,2018-03,W6Y490,성산읍,,
18483,2018-04,W6Y490,성산읍,,
18484,2018-05,W6Y490,성산읍,,
18485,2018-06,W6Y490,성산읍,,
18486,2018-07,W6Y490,성산읍,,
18487,2018-08,W6Y490,성산읍,,
18488,2018-09,W6Y490,성산읍,,
18489,2018-10,W6Y490,성산읍,,
18490,2018-11,W6Y490,성산읍,,
18491,2018-12,W6Y490,성산읍,13750.0,4.0
18492,2019-01,W6Y490,성산읍,371200.0,100.0
18493,2019-02,W6Y490,성산읍,352300.0,84.0
18494,2019-03,W6Y490,성산읍,200950.0,76.0
18495,2019-04,W6Y490,성산읍,308200.0,95.0
18496,2019-05,W6Y490,성산읍,314700.0,98.0
18497,2019-06,W6Y490,성산읍,135450.0,39.0
18498,2019-07,W6Y490,성산읍,205000.0,53.0
18499,2019-08,W6Y490,성산읍,261100.0,73.0
18500,2019-09,W6Y490,성산읍,238800.0,69.0
18501,2019-10,W6Y490,성산읍,240300.0,63.0
18502,2019-11,W6Y490,성산읍,143950.0,37.0
18503,2019-12,W6Y490,성산읍,335900.0,72.0
18504,2020-01,W6Y490,성산읍,296300.0,73.0
18505,2020-02,W6Y490,성산읍,200300.0,54.0
18506,2020-03,W6Y490,성산읍,192750.0,69.0
18507,2020-04,W6Y490,성산읍,117800.0,49.0
18508,2020-05,W6Y490,성산읍,203850.0,73.0
18509,2020-06,W6Y490,성산읍,129300.0,44.0
18510,2020-07,W6Y490,성산읍,116050.0,38.0
18511,2020-08,W6Y490,성산읍,115100.0,49.0
18512,2020-09,W6Y490,성산읍,105350.0,50.0
18513,2020-10,W6Y490,성산읍,109950.0,51.0
18514,2020-11,W6Y490,성산읍,96300.0,44.0
18515,2020-12,W6Y490,성산읍,30050.0,3.0
18516,2021-01,W6Y490,성산읍,,
18517,2021-02,W6Y490,성산읍,,
18518,2021-03,W6Y490,성산읍,,
18519,2021-04,W6Y490,성산읍,,
18520,2021-05,W6Y490,성산읍,,
18521,2021-06,W6Y490,성산읍,,
18522,2018-01,W6Y491,성산읍,790000.0,237.0
18523,2018-02,W6Y491,성산읍,,
18524,2018-03,W6Y491,성산읍,,
18525,2018-04,W6Y491,성산읍,,
18526,2018-05,W6Y491,성산읍,,
18527,2018-06,W6Y491,성산읍,,
18528,2018-07,W6Y491,성산읍,,
18529,2018-08,W6Y491,성산읍,,
18530,2018-09,W6Y491,성산읍,,
18531,2018-10,W6Y491,성산읍,,
18532,2018-11,W6Y491,성산읍,,
18533,2018-12,W6Y491,성산읍,45100.0,3.0
18534,2019-01,W6Y491,성산읍,108900.0,12.0
18535,2019-02,W6Y491,성산읍,95000.0,13.0
18536,2019-03,W6Y491,성산읍,132950.0,9.0
18537,2019-04,W6Y491,성산읍,174550.0,13.0
18538,2019-05,W6Y491,성산읍,112150.0,11.0
18539,2019-06,W6Y491,성산읍,216400.0,21.0
18540,2019-07,W6Y491,성산읍,278000.0,15.0
18541,2019-08,W6Y491,성산읍,136200.0,8.0
18542,2019-09,W6Y491,성산읍,174050.0,22.0
18543,2019-10,W6Y491,성산읍,158050.0,8.0
18544,2019-11,W6Y491,성산읍,367900.0,44.0
18545,2019-12,W6Y491,성산읍,132050.0,63.0
18546,2020-01,W6Y491,성산읍,91450.0,27.0
18547,2020-02,W6Y491,성산읍,29500.0,1.0
18548,2020-03,W6Y491,성산읍,30500.0,2.0
18549,2020-04,W6Y491,성산읍,219100.0,19.0
18550,2020-05,W6Y491,성산읍,363450.0,130.0
18551,2020-06,W6Y491,성산읍,321950.0,96.0
18552,2020-07,W6Y491,성산읍,,
18553,2020-08,W6Y491,성산읍,,
18554,2020-09,W6Y491,성산읍,,
18555,2020-10,W6Y491,성산읍,,
18556,2020-11,W6Y491,성산읍,,
18557,2020-12,W6Y491,성산읍,,
18558,2021-01,W6Y491,성산읍,,
18559,2021-02,W6Y491,성산읍,,
18560,2021-03,W6Y491,성산읍,,
18561,2021-04,W6Y491,성산읍,,
18562,2021-05,W6Y491,성산읍,,
18563,2021-06,W6Y491,성산읍,,
18564,2018-01,W6Y492,성산읍,,
18565,2018-02,W6Y492,성산읍,,
18566,2018-03,W6Y492,성산읍,,
18567,2018-04,W6Y492,성산읍,,
18568,2018-05,W6Y492,성산읍,,
18569,2018-06,W6Y492,성산읍,,
18570,2018-07,W6Y492,성산읍,,
18571,2018-08,W6Y492,성산읍,,
18572,2018-09,W6Y492,성산읍,,
18573,2018-10,W6Y492,성산읍,,
18574,2018-11,W6Y492,성산읍,,
18575,2018-12,W6Y492,성산읍,3800.0,2.0
18576,2019-01,W6Y492,성산읍,73700.0,16.0
18577,2019-02,W6Y492,성산읍,98900.0,15.0
18578,2019-03,W6Y492,성산읍,91550.0,9.0
18579,2019-04,W6Y492,성산읍,125950.0,18.0
18580,2019-05,W6Y492,성산읍,20750.0,13.0
18581,2019-06,W6Y492,성산읍,38000.0,17.0
18582,2019-07,W6Y492,성산읍,56700.0,22.0
18583,2019-08,W6Y492,성산읍,38600.0,17.0
18584,2019-09,W6Y492,성산읍,142550.0,11.0
18585,2019-10,W6Y492,성산읍,205350.0,69.0
18586,2019-11,W6Y492,성산읍,944400.0,129.0
18587,2019-12,W6Y492,성산읍,999750.0,216.0
18588,2020-01,W6Y492,성산읍,2607300.0,439.0
18589,2020-02,W6Y492,성산읍,2050300.0,379.0
18590,2020-03,W6Y492,성산읍,2755450.0,690.0
18591,2020-04,W6Y492,성산읍,2530750.0,678.0
18592,2020-05,W6Y492,성산읍,2918150.0,764.0
18593,2020-06,W6Y492,성산읍,2784050.0,894.0
18594,2020-07,W6Y492,성산읍,855850.0,323.0
18595,2020-08,W6Y492,성산읍,,
18596,2020-09,W6Y492,성산읍,,
18597,2020-10,W6Y492,성산읍,,
18598,2020-11,W6Y492,성산읍,,
18599,2020-12,W6Y492,성산읍,,
18600,2021-01,W6Y492,성산읍,,
18601,2021-02,W6Y492,성산읍,,
18602,2021-03,W6Y492,성산읍,,
18603,2021-04,W6Y492,성산읍,,
18604,2021-05,W6Y492,성산읍,,
18605,2021-06,W6Y492,성산읍,,
18606,2018-01,W6Y493,성산읍,,
18607,2018-02,W6Y493,성산읍,,
18608,2018-03,W6Y493,성산읍,,
18609,2018-04,W6Y493,성산읍,,
18610,2018-05,W6Y493,성산읍,,
18611,2018-06,W6Y493,성산읍,,
18612,2018-07,W6Y493,성산읍,,
18613,2018-08,W6Y493,성산읍,,
18614,2018-09,W6Y493,성산읍,,
18615,2018-10,W6Y493,성산읍,,
18616,2018-11,W6Y493,성산읍,,
18617,2018-12,W6Y493,성산읍,,
18618,2019-01,W6Y493,성산읍,148300.0,20.0
18619,2019-02,W6Y493,성산읍,117600.0,17.0
18620,2019-03,W6Y493,성산읍,67750.0,7.0
18621,2019-04,W6Y493,성산읍,,
18622,2019-05,W6Y493,성산읍,,
18623,2019-06,W6Y493,성산읍,,
18624,2019-07,W6Y493,성산읍,2700.0,2.0
18625,2019-08,W6Y493,성산읍,3200.0,2.0
18626,2019-09,W6Y493,성산읍,30650.0,11.0
18627,2019-10,W6Y493,성산읍,42150.0,17.0
18628,2019-11,W6Y493,성산읍,42050.0,15.0
18629,2019-12,W6Y493,성산읍,32200.0,11.0
18630,2020-01,W6Y493,성산읍,39250.0,15.0
18631,2020-02,W6Y493,성산읍,36250.0,11.0
18632,2020-03,W6Y493,성산읍,25650.0,8.0
18633,2020-04,W6Y493,성산읍,20450.0,9.0
18634,2020-05,W6Y493,성산읍,49100.0,11.0
18635,2020-06,W6Y493,성산읍,79450.0,17.0
18636,2020-07,W6Y493,성산읍,126300.0,19.0
18637,2020-08,W6Y493,성산읍,220850.0,28.0
18638,2020-09,W6Y493,성산읍,248300.0,26.0
18639,2020-10,W6Y493,성산읍,148000.0,17.0
18640,2020-11,W6Y493,성산읍,220600.0,26.0
18641,2020-12,W6Y493,성산읍,241350.0,27.0
18642,2021-01,W6Y493,성산읍,266150.0,25.0
18643,2021-02,W6Y493,성산읍,192100.0,23.0
18644,2021-03,W6Y493,성산읍,268400.0,29.0
18645,2021-04,W6Y493,성산읍,,
18646,2021-05,W6Y493,성산읍,165500.0,24.0
18647,2021-06,W6Y493,성산읍,226050.0,34.0
18648,2018-01,W6Y494,성산읍,138900.0,10.0
18649,2018-02,W6Y494,성산읍,,
18650,2018-03,W6Y494,성산읍,,
18651,2018-04,W6Y494,성산읍,,
18652,2018-05,W6Y494,성산읍,,
18653,2018-06,W6Y494,성산읍,,
18654,2018-07,W6Y494,성산읍,,
18655,2018-08,W6Y494,성산읍,,
18656,2018-09,W6Y494,성산읍,,
18657,2018-10,W6Y494,성산읍,,
18658,2018-11,W6Y494,성산읍,,
18659,2018-12,W6Y494,성산읍,9500.0,3.0
18660,2019-01,W6Y494,성산읍,31000.0,19.0
18661,2019-02,W6Y494,성산읍,58350.0,21.0
18662,2019-03,W6Y494,성산읍,75350.0,21.0
18663,2019-04,W6Y494,성산읍,115200.0,40.0
18664,2019-05,W6Y494,성산읍,155800.0,49.0
18665,2019-06,W6Y494,성산읍,220450.0,74.0
18666,2019-07,W6Y494,성산읍,212000.0,60.0
18667,2019-08,W6Y494,성산읍,171250.0,60.0
18668,2019-09,W6Y494,성산읍,159850.0,58.0
18669,2019-10,W6Y494,성산읍,111600.0,55.0
18670,2019-11,W6Y494,성산읍,218700.0,82.0
18671,2019-12,W6Y494,성산읍,273000.0,89.0
18672,2020-01,W6Y494,성산읍,589800.0,99.0
18673,2020-02,W6Y494,성산읍,557300.0,92.0
18674,2020-03,W6Y494,성산읍,420050.0,108.0
18675,2020-04,W6Y494,성산읍,239500.0,80.0
18676,2020-05,W6Y494,성산읍,240300.0,105.0
18677,2020-06,W6Y494,성산읍,264650.0,121.0
18678,2020-07,W6Y494,성산읍,387900.0,151.0
18679,2020-08,W6Y494,성산읍,261200.0,106.0
18680,2020-09,W6Y494,성산읍,225100.0,117.0
18681,2020-10,W6Y494,성산읍,236550.0,113.0
18682,2020-11,W6Y494,성산읍,233000.0,97.0
18683,2020-12,W6Y494,성산읍,224500.0,89.0
18684,2021-01,W6Y494,성산읍,237500.0,80.0
18685,2021-02,W6Y494,성산읍,257200.0,104.0
18686,2021-03,W6Y494,성산읍,271850.0,113.0
18687,2021-04,W6Y494,성산읍,,
18688,2021-05,W6Y494,성산읍,297950.0,152.0
18689,2021-06,W6Y494,성산읍,179200.0,95.0
18690,2018-01,W6Y495,성산읍,,
18691,2018-02,W6Y495,성산읍,,
18692,2018-03,W6Y495,성산읍,,
18693,2018-04,W6Y495,성산읍,,
18694,2018-05,W6Y495,성산읍,,
18695,2018-06,W6Y495,성산읍,,
18696,2018-07,W6Y495,성산읍,,
18697,2018-08,W6Y495,성산읍,,
18698,2018-09,W6Y495,성산읍,,
18699,2018-10,W6Y495,성산읍,,
18700,2018-11,W6Y495,성산읍,,
18701,2018-12,W6Y495,성산읍,3950.0,3.0
18702,2019-01,W6Y495,성산읍,47750.0,25.0
18703,2019-02,W6Y495,성산읍,70850.0,40.0
18704,2019-03,W6Y495,성산읍,66450.0,45.0
18705,2019-04,W6Y495,성산읍,63750.0,39.0
18706,2019-05,W6Y495,성산읍,79500.0,43.0
18707,2019-06,W6Y495,성산읍,68400.0,38.0
18708,2019-07,W6Y495,성산읍,75350.0,33.0
18709,2019-08,W6Y495,성산읍,60750.0,33.0
18710,2019-09,W6Y495,성산읍,65300.0,28.0
18711,2019-10,W6Y495,성산읍,45200.0,25.0
18712,2019-11,W6Y495,성산읍,54700.0,23.0
18713,2019-12,W6Y495,성산읍,189050.0,33.0
18714,2020-01,W6Y495,성산읍,228200.0,37.0
18715,2020-02,W6Y495,성산읍,207400.0,30.0
18716,2020-03,W6Y495,성산읍,204950.0,45.0
18717,2020-04,W6Y495,성산읍,202600.0,40.0
18718,2020-05,W6Y495,성산읍,216300.0,56.0
18719,2020-06,W6Y495,성산읍,217100.0,64.0
18720,2020-07,W6Y495,성산읍,271600.0,69.0
18721,2020-08,W6Y495,성산읍,191500.0,60.0
18722,2020-09,W6Y495,성산읍,172400.0,57.0
18723,2020-10,W6Y495,성산읍,199850.0,60.0
18724,2020-11,W6Y495,성산읍,217400.0,63.0
18725,2020-12,W6Y495,성산읍,184300.0,59.0
18726,2021-01,W6Y495,성산읍,160750.0,49.0
18727,2021-02,W6Y495,성산읍,171450.0,63.0
18728,2021-03,W6Y495,성산읍,229200.0,69.0
18729,2021-04,W6Y495,성산읍,,
18730,2021-05,W6Y495,성산읍,178800.0,49.0
18731,2021-06,W6Y495,성산읍,141100.0,39.0
18732,2018-01,W6Y496,성산읍,,
18733,2018-02,W6Y496,성산읍,,
18734,2018-03,W6Y496,성산읍,,
18735,2018-04,W6Y496,성산읍,,
18736,2018-05,W6Y496,성산읍,,
18737,2018-06,W6Y496,성산읍,,
18738,2018-07,W6Y496,성산읍,,
18739,2018-08,W6Y496,성산읍,,
18740,2018-09,W6Y496,성산읍,,
18741,2018-10,W6Y496,성산읍,,
18742,2018-11,W6Y496,성산읍,,
18743,2018-12,W6Y496,성산읍,,
18744,2019-01,W6Y496,성산읍,14400.0,16.0
18745,2019-02,W6Y496,성산읍,94150.0,23.0
18746,2019-03,W6Y496,성산읍,146100.0,22.0
18747,2019-04,W6Y496,성산읍,79900.0,35.0
18748,2019-05,W6Y496,성산읍,23100.0,23.0
18749,2019-06,W6Y496,성산읍,49950.0,29.0
18750,2019-07,W6Y496,성산읍,43250.0,37.0
18751,2019-08,W6Y496,성산읍,110950.0,49.0
18752,2019-09,W6Y496,성산읍,175500.0,75.0
18753,2019-10,W6Y496,성산읍,80200.0,48.0
18754,2019-11,W6Y496,성산읍,31150.0,28.0
18755,2019-12,W6Y496,성산읍,23350.0,23.0
18756,2020-01,W6Y496,성산읍,97350.0,45.0
18757,2020-02,W6Y496,성산읍,213400.0,52.0
18758,2020-03,W6Y496,성산읍,120950.0,50.0
18759,2020-04,W6Y496,성산읍,101900.0,45.0
18760,2020-05,W6Y496,성산읍,109050.0,54.0
18761,2020-06,W6Y496,성산읍,104750.0,55.0
18762,2020-07,W6Y496,성산읍,190650.0,85.0
18763,2020-08,W6Y496,성산읍,255300.0,85.0
18764,2020-09,W6Y496,성산읍,80500.0,34.0
18765,2020-10,W6Y496,성산읍,54350.0,24.0
18766,2020-11,W6Y496,성산읍,36200.0,11.0
18767,2020-12,W6Y496,성산읍,134500.0,54.0
18768,2021-01,W6Y496,성산읍,143650.0,48.0
18769,2021-02,W6Y496,성산읍,109100.0,55.0
18770,2021-03,W6Y496,성산읍,111500.0,64.0
18771,2021-04,W6Y496,성산읍,,
18772,2021-05,W6Y496,성산읍,118350.0,69.0
18773,2021-06,W6Y496,성산읍,141850.0,76.0
18774,2018-01,W6Y497,성산읍,35450.0,6.0
18775,2018-02,W6Y497,성산읍,,
18776,2018-03,W6Y497,성산읍,,
18777,2018-04,W6Y497,성산읍,,
18778,2018-05,W6Y497,성산읍,,
18779,2018-06,W6Y497,성산읍,,
18780,2018-07,W6Y497,성산읍,,
18781,2018-08,W6Y497,성산읍,,
18782,2018-09,W6Y497,성산읍,,
18783,2018-10,W6Y497,성산읍,,
18784,2018-11,W6Y497,성산읍,,
18785,2018-12,W6Y497,성산읍,,
18786,2019-01,W6Y497,성산읍,9300.0,4.0
18787,2019-02,W6Y497,성산읍,40900.0,7.0
18788,2019-03,W6Y497,성산읍,92250.0,10.0
18789,2019-04,W6Y497,성산읍,79450.0,13.0
18790,2019-05,W6Y497,성산읍,123800.0,19.0
18791,2019-06,W6Y497,성산읍,111550.0,19.0
18792,2019-07,W6Y497,성산읍,172050.0,33.0
18793,2019-08,W6Y497,성산읍,442650.0,58.0
18794,2019-09,W6Y497,성산읍,382500.0,59.0
18795,2019-10,W6Y497,성산읍,451850.0,75.0
18796,2019-11,W6Y497,성산읍,217850.0,44.0
18797,2019-12,W6Y497,성산읍,278450.0,49.0
18798,2020-01,W6Y497,성산읍,236000.0,41.0
18799,2020-02,W6Y497,성산읍,202450.0,37.0
18800,2020-03,W6Y497,성산읍,252800.0,45.0
18801,2020-04,W6Y497,성산읍,204900.0,42.0
18802,2020-05,W6Y497,성산읍,127400.0,27.0
18803,2020-06,W6Y497,성산읍,127550.0,43.0
18804,2020-07,W6Y497,성산읍,114450.0,34.0
18805,2020-08,W6Y497,성산읍,,
18806,2020-09,W6Y497,성산읍,,
18807,2020-10,W6Y497,성산읍,,
18808,2020-11,W6Y497,성산읍,,
18809,2020-12,W6Y497,성산읍,,
18810,2021-01,W6Y497,성산읍,,
18811,2021-02,W6Y497,성산읍,,
18812,2021-03,W6Y497,성산읍,,
18813,2021-04,W6Y497,성산읍,,
18814,2021-05,W6Y497,성산읍,,
18815,2021-06,W6Y497,성산읍,,
18816,2018-01,W6Y498,성산읍,,
18817,2018-02,W6Y498,성산읍,,
18818,2018-03,W6Y498,성산읍,,
18819,2018-04,W6Y498,성산읍,,
18820,2018-05,W6Y498,성산읍,,
18821,2018-06,W6Y498,성산읍,,
18822,2018-07,W6Y498,성산읍,,
18823,2018-08,W6Y498,성산읍,,
18824,2018-09,W6Y498,성산읍,,
18825,2018-10,W6Y498,성산읍,,
18826,2018-11,W6Y498,성산읍,,
18827,2018-12,W6Y498,성산읍,,
18828,2019-01,W6Y498,성산읍,,
18829,2019-02,W6Y498,성산읍,,
18830,2019-03,W6Y498,성산읍,,
18831,2019-04,W6Y498,성산읍,,
18832,2019-05,W6Y498,성산읍,,
18833,2019-06,W6Y498,성산읍,,
18834,2019-07,W6Y498,성산읍,,
18835,2019-08,W6Y498,성산읍,,
18836,2019-09,W6Y498,성산읍,,
18837,2019-10,W6Y498,성산읍,,
18838,2019-11,W6Y498,성산읍,,
18839,2019-12,W6Y498,성산읍,,
18840,2020-01,W6Y498,성산읍,,
18841,2020-02,W6Y498,성산읍,,
18842,2020-03,W6Y498,성산읍,,
18843,2020-04,W6Y498,성산읍,,
18844,2020-05,W6Y498,성산읍,,
18845,2020-06,W6Y498,성산읍,,
18846,2020-07,W6Y498,성산읍,,
18847,2020-08,W6Y498,성산읍,,
18848,2020-09,W6Y498,성산읍,,
18849,2020-10,W6Y498,성산읍,,
18850,2020-11,W6Y498,성산읍,,
18851,2020-12,W6Y498,성산읍,,
18852,2021-01,W6Y498,성산읍,,
18853,2021-02,W6Y498,성산읍,,
18854,2021-03,W6Y498,성산읍,,
18855,2021-04,W6Y498,성산읍,,
18856,2021-05,W6Y498,성산읍,,
18857,2021-06,W6Y498,성산읍,121950.0,45.0
18858,2018-01,W6Y499,성산읍,,
18859,2018-02,W6Y499,성산읍,,
18860,2018-03,W6Y499,성산읍,,
18861,2018-04,W6Y499,성산읍,,
18862,2018-05,W6Y499,성산읍,,
18863,2018-06,W6Y499,성산읍,,
18864,2018-07,W6Y499,성산읍,,
18865,2018-08,W6Y499,성산읍,,
18866,2018-09,W6Y499,성산읍,,
18867,2018-10,W6Y499,성산읍,,
18868,2018-11,W6Y499,성산읍,,
18869,2018-12,W6Y499,성산읍,,
18870,2019-01,W6Y499,성산읍,334550.0,73.0
18871,2019-02,W6Y499,성산읍,483450.0,77.0
18872,2019-03,W6Y499,성산읍,498050.0,80.0
18873,2019-04,W6Y499,성산읍,509950.0,82.0
18874,2019-05,W6Y499,성산읍,242300.0,55.0
18875,2019-06,W6Y499,성산읍,183350.0,66.0
18876,2019-07,W6Y499,성산읍,195400.0,54.0
18877,2019-08,W6Y499,성산읍,123300.0,33.0
18878,2019-09,W6Y499,성산읍,149300.0,49.0
18879,2019-10,W6Y499,성산읍,166050.0,49.0
18880,2019-11,W6Y499,성산읍,199600.0,63.0
18881,2019-12,W6Y499,성산읍,138200.0,57.0
18882,2020-01,W6Y499,성산읍,180150.0,49.0
18883,2020-02,W6Y499,성산읍,131850.0,44.0
18884,2020-03,W6Y499,성산읍,136850.0,59.0
18885,2020-04,W6Y499,성산읍,111500.0,51.0
18886,2020-05,W6Y499,성산읍,129000.0,71.0
18887,2020-06,W6Y499,성산읍,167150.0,77.0
18888,2020-07,W6Y499,성산읍,139550.0,70.0
18889,2020-08,W6Y499,성산읍,148900.0,54.0
18890,2020-09,W6Y499,성산읍,133300.0,67.0
18891,2020-10,W6Y499,성산읍,156050.0,90.0
18892,2020-11,W6Y499,성산읍,166200.0,67.0
18893,2020-12,W6Y499,성산읍,172050.0,73.0
18894,2021-01,W6Y499,성산읍,123350.0,54.0
18895,2021-02,W6Y499,성산읍,135750.0,54.0
18896,2021-03,W6Y499,성산읍,99450.0,51.0
18897,2021-04,W6Y499,성산읍,,
18898,2021-05,W6Y499,성산읍,180800.0,91.0
18899,2021-06,W6Y499,성산읍,397100.0,150.0
18900,2018-01,W6Y500,성산읍,2100.0,1.0
18901,2018-02,W6Y500,성산읍,,
18902,2018-03,W6Y500,성산읍,,
18903,2018-04,W6Y500,성산읍,,
18904,2018-05,W6Y500,성산읍,,
18905,2018-06,W6Y500,성산읍,,
18906,2018-07,W6Y500,성산읍,,
18907,2018-08,W6Y500,성산읍,,
18908,2018-09,W6Y500,성산읍,,
18909,2018-10,W6Y500,성산읍,,
18910,2018-11,W6Y500,성산읍,,
18911,2018-12,W6Y500,성산읍,700.0,1.0
18912,2019-01,W6Y500,성산읍,140050.0,30.0
18913,2019-02,W6Y500,성산읍,223550.0,38.0
18914,2019-03,W6Y500,성산읍,215000.0,46.0
18915,2019-04,W6Y500,성산읍,322750.0,61.0
18916,2019-05,W6Y500,성산읍,254550.0,41.0
18917,2019-06,W6Y500,성산읍,324300.0,49.0
18918,2019-07,W6Y500,성산읍,424850.0,70.0
18919,2019-08,W6Y500,성산읍,513600.0,80.0
18920,2019-09,W6Y500,성산읍,311150.0,44.0
18921,2019-10,W6Y500,성산읍,420450.0,79.0
18922,2019-11,W6Y500,성산읍,432700.0,70.0
18923,2019-12,W6Y500,성산읍,256150.0,63.0
18924,2020-01,W6Y500,성산읍,255250.0,52.0
18925,2020-02,W6Y500,성산읍,247650.0,43.0
18926,2020-03,W6Y500,성산읍,250550.0,49.0
18927,2020-04,W6Y500,성산읍,185800.0,42.0
18928,2020-05,W6Y500,성산읍,136700.0,46.0
18929,2020-06,W6Y500,성산읍,215700.0,70.0
18930,2020-07,W6Y500,성산읍,237800.0,78.0
18931,2020-08,W6Y500,성산읍,153500.0,55.0
18932,2020-09,W6Y500,성산읍,185950.0,61.0
18933,2020-10,W6Y500,성산읍,333500.0,73.0
18934,2020-11,W6Y500,성산읍,169700.0,43.0
18935,2020-12,W6Y500,성산읍,208200.0,64.0
18936,2021-01,W6Y500,성산읍,183000.0,53.0
18937,2021-02,W6Y500,성산읍,286700.0,50.0
18938,2021-03,W6Y500,성산읍,189350.0,55.0
18939,2021-04,W6Y500,성산읍,,
18940,2021-05,W6Y500,성산읍,743150.0,85.0
18941,2021-06,W6Y500,성산읍,241050.0,38.0
18942,2018-01,W6Y501,성산읍,,
18943,2018-02,W6Y501,성산읍,,
18944,2018-03,W6Y501,성산읍,,
18945,2018-04,W6Y501,성산읍,,
18946,2018-05,W6Y501,성산읍,,
18947,2018-06,W6Y501,성산읍,,
18948,2018-07,W6Y501,성산읍,,
18949,2018-08,W6Y501,성산읍,,
18950,2018-09,W6Y501,성산읍,,
18951,2018-10,W6Y501,성산읍,,
18952,2018-11,W6Y501,성산읍,,
18953,2018-12,W6Y501,성산읍,40550.0,9.0
18954,2019-01,W6Y501,성산읍,604200.0,119.0
18955,2019-02,W6Y501,성산읍,1625250.0,244.0
18956,2019-03,W6Y501,성산읍,1753450.0,298.0
18957,2019-04,W6Y501,성산읍,2084950.0,354.0
18958,2019-05,W6Y501,성산읍,1589600.0,332.0
18959,2019-06,W6Y501,성산읍,,
18960,2019-07,W6Y501,성산읍,1522300.0,258.0
18961,2019-08,W6Y501,성산읍,2308600.0,447.0
18962,2019-09,W6Y501,성산읍,1653850.0,340.0
18963,2019-10,W6Y501,성산읍,1792000.0,350.0
18964,2019-11,W6Y501,성산읍,1710900.0,304.0
18965,2019-12,W6Y501,성산읍,1770250.0,307.0
18966,2020-01,W6Y501,성산읍,1921700.0,316.0
18967,2020-02,W6Y501,성산읍,1573800.0,293.0
18968,2020-03,W6Y501,성산읍,1474450.0,305.0
18969,2020-04,W6Y501,성산읍,1647100.0,324.0
18970,2020-05,W6Y501,성산읍,2844850.0,508.0
18971,2020-06,W6Y501,성산읍,2867000.0,577.0
18972,2020-07,W6Y501,성산읍,3166450.0,659.0
18973,2020-08,W6Y501,성산읍,3681800.0,685.0
18974,2020-09,W6Y501,성산읍,2978450.0,630.0
18975,2020-10,W6Y501,성산읍,3206800.0,645.0
18976,2020-11,W6Y501,성산읍,3307900.0,590.0
18977,2020-12,W6Y501,성산읍,1069750.0,185.0
18978,2021-01,W6Y501,성산읍,,
18979,2021-02,W6Y501,성산읍,,
18980,2021-03,W6Y501,성산읍,,
18981,2021-04,W6Y501,성산읍,,
18982,2021-05,W6Y501,성산읍,,
18983,2021-06,W6Y501,성산읍,,
18984,2018-01,W6Y502,성산읍,392750.0,43.0
18985,2018-02,W6Y502,성산읍,,
18986,2018-03,W6Y502,성산읍,,
18987,2018-04,W6Y502,성산읍,,
18988,2018-05,W6Y502,성산읍,,
18989,2018-06,W6Y502,성산읍,,
18990,2018-07,W6Y502,성산읍,,
18991,2018-08,W6Y502,성산읍,,
18992,2018-09,W6Y502,성산읍,,
18993,2018-10,W6Y502,성산읍,,
18994,2018-11,W6Y502,성산읍,,
18995,2018-12,W6Y502,성산읍,417100.0,50.0
18996,2019-01,W6Y502,성산읍,4445550.0,529.0
18997,2019-02,W6Y502,성산읍,4652350.0,484.0
18998,2019-03,W6Y502,성산읍,4845800.0,543.0
18999,2019-04,W6Y502,성산읍,5222700.0,553.0
19000,2019-05,W6Y502,성산읍,4959450.0,568.0
19001,2019-06,W6Y502,성산읍,4867850.0,595.0
19002,2019-07,W6Y502,성산읍,5280400.0,650.0
19003,2019-08,W6Y502,성산읍,5596700.0,658.0
19004,2019-09,W6Y502,성산읍,2394050.0,270.0
19005,2019-10,W6Y502,성산읍,2468950.0,277.0
19006,2019-11,W6Y502,성산읍,1902500.0,201.0
19007,2019-12,W6Y502,성산읍,2190350.0,232.0
19008,2020-01,W6Y502,성산읍,2041750.0,210.0
19009,2020-02,W6Y502,성산읍,1940650.0,208.0
19010,2020-03,W6Y502,성산읍,1655600.0,199.0
19011,2020-04,W6Y502,성산읍,1900300.0,226.0
19012,2020-05,W6Y502,성산읍,2353650.0,257.0
19013,2020-06,W6Y502,성산읍,2421250.0,296.0
19014,2020-07,W6Y502,성산읍,2252000.0,276.0
19015,2020-08,W6Y502,성산읍,2398150.0,246.0
19016,2020-09,W6Y502,성산읍,2238100.0,247.0
19017,2020-10,W6Y502,성산읍,3365350.0,291.0
19018,2020-11,W6Y502,성산읍,3042000.0,280.0
19019,2020-12,W6Y502,성산읍,2193550.0,230.0
19020,2021-01,W6Y502,성산읍,2099650.0,216.0
19021,2021-02,W6Y502,성산읍,1788900.0,192.0
19022,2021-03,W6Y502,성산읍,2018550.0,229.0
19023,2021-04,W6Y502,성산읍,,
19024,2021-05,W6Y502,성산읍,1443500.0,141.0
19025,2021-06,W6Y502,성산읍,5784950.0,703.0
19026,2018-01,W6Y503,성산읍,,
19027,2018-02,W6Y503,성산읍,,
19028,2018-03,W6Y503,성산읍,,
19029,2018-04,W6Y503,성산읍,,
19030,2018-05,W6Y503,성산읍,,
19031,2018-06,W6Y503,성산읍,,
19032,2018-07,W6Y503,성산읍,,
19033,2018-08,W6Y503,성산읍,,
19034,2018-09,W6Y503,성산읍,,
19035,2018-10,W6Y503,성산읍,,
19036,2018-11,W6Y503,성산읍,,
19037,2018-12,W6Y503,성산읍,,
19038,2019-01,W6Y503,성산읍,9550.0,5.0
19039,2019-02,W6Y503,성산읍,234600.0,13.0
19040,2019-03,W6Y503,성산읍,656800.0,34.0
19041,2019-04,W6Y503,성산읍,339100.0,20.0
19042,2019-05,W6Y503,성산읍,171100.0,18.0
19043,2019-06,W6Y503,성산읍,118000.0,17.0
19044,2019-07,W6Y503,성산읍,64850.0,18.0
19045,2019-08,W6Y503,성산읍,39650.0,15.0
19046,2019-09,W6Y503,성산읍,19300.0,6.0
19047,2019-10,W6Y503,성산읍,,
19048,2019-11,W6Y503,성산읍,,
19049,2019-12,W6Y503,성산읍,190350.0,16.0
19050,2020-01,W6Y503,성산읍,483700.0,54.0
19051,2020-02,W6Y503,성산읍,358400.0,64.0
19052,2020-03,W6Y503,성산읍,560550.0,96.0
19053,2020-04,W6Y503,성산읍,581350.0,100.0
19054,2020-05,W6Y503,성산읍,978700.0,181.0
19055,2020-06,W6Y503,성산읍,1013250.0,195.0
19056,2020-07,W6Y503,성산읍,319050.0,56.0
19057,2020-08,W6Y503,성산읍,1459950.0,209.0
19058,2020-09,W6Y503,성산읍,838800.0,172.0
19059,2020-10,W6Y503,성산읍,805500.0,140.0
19060,2020-11,W6Y503,성산읍,894950.0,90.0
19061,2020-12,W6Y503,성산읍,569350.0,75.0
19062,2021-01,W6Y503,성산읍,917950.0,123.0
19063,2021-02,W6Y503,성산읍,1011600.0,140.0
19064,2021-03,W6Y503,성산읍,1056400.0,172.0
19065,2021-04,W6Y503,성산읍,,
19066,2021-05,W6Y503,성산읍,1324000.0,204.0
19067,2021-06,W6Y503,성산읍,988700.0,148.0
19068,2018-01,W6Y504,성산읍,797850.0,97.0
19069,2018-02,W6Y504,성산읍,,
19070,2018-03,W6Y504,성산읍,,
19071,2018-04,W6Y504,성산읍,,
19072,2018-05,W6Y504,성산읍,,
19073,2018-06,W6Y504,성산읍,,
19074,2018-07,W6Y504,성산읍,,
19075,2018-08,W6Y504,성산읍,,
19076,2018-09,W6Y504,성산읍,,
19077,2018-10,W6Y504,성산읍,,
19078,2018-11,W6Y504,성산읍,,
19079,2018-12,W6Y504,성산읍,224400.0,22.0
19080,2019-01,W6Y504,성산읍,5068654.0,430.0
19081,2019-02,W6Y504,성산읍,4748104.0,399.0
19082,2019-03,W6Y504,성산읍,4554850.0,435.0
19083,2019-04,W6Y504,성산읍,6396826.0,523.0
19084,2019-05,W6Y504,성산읍,6138600.0,682.0
19085,2019-06,W6Y504,성산읍,4949450.0,553.0
19086,2019-07,W6Y504,성산읍,4318850.0,525.0
19087,2019-08,W6Y504,성산읍,4806050.0,604.0
19088,2019-09,W6Y504,성산읍,4235350.0,548.0
19089,2019-10,W6Y504,성산읍,4270450.0,513.0
19090,2019-11,W6Y504,성산읍,3617100.0,485.0
19091,2019-12,W6Y504,성산읍,3508300.0,478.0
19092,2020-01,W6Y504,성산읍,3535100.0,454.0
19093,2020-02,W6Y504,성산읍,2227750.0,418.0
19094,2020-03,W6Y504,성산읍,3227700.0,606.0
19095,2020-04,W6Y504,성산읍,3531250.0,673.0
19096,2020-05,W6Y504,성산읍,4428000.0,760.0
19097,2020-06,W6Y504,성산읍,4904700.0,845.0
19098,2020-07,W6Y504,성산읍,3527300.0,487.0
19099,2020-08,W6Y504,성산읍,14719850.0,1997.0
19100,2020-09,W6Y504,성산읍,12593200.0,2031.0
19101,2020-10,W6Y504,성산읍,15315400.0,2111.0
19102,2020-11,W6Y504,성산읍,15044800.0,1857.0
19103,2020-12,W6Y504,성산읍,11089000.0,1514.0
19104,2021-01,W6Y504,성산읍,10208800.0,1463.0
19105,2021-02,W6Y504,성산읍,12059000.0,1555.0
19106,2021-03,W6Y504,성산읍,15051500.0,2052.0
19107,2021-04,W6Y504,성산읍,,
19108,2021-05,W6Y504,성산읍,16575150.0,2216.0
19109,2021-06,W6Y504,성산읍,14598250.0,1973.0
19110,2018-01,W6Y505,성산읍,,
19111,2018-02,W6Y505,성산읍,,
19112,2018-03,W6Y505,성산읍,,
19113,2018-04,W6Y505,성산읍,,
19114,2018-05,W6Y505,성산읍,,
19115,2018-06,W6Y505,성산읍,,
19116,2018-07,W6Y505,성산읍,,
19117,2018-08,W6Y505,성산읍,,
19118,2018-09,W6Y505,성산읍,,
19119,2018-10,W6Y505,성산읍,,
19120,2018-11,W6Y505,성산읍,,
19121,2018-12,W6Y505,성산읍,,
19122,2019-01,W6Y505,성산읍,323050.0,38.0
19123,2019-02,W6Y505,성산읍,558950.0,78.0
19124,2019-03,W6Y505,성산읍,609650.0,73.0
19125,2019-04,W6Y505,성산읍,366150.0,63.0
19126,2019-05,W6Y505,성산읍,502250.0,86.0
19127,2019-06,W6Y505,성산읍,1028050.0,125.0
19128,2019-07,W6Y505,성산읍,1015200.0,148.0
19129,2019-08,W6Y505,성산읍,1058000.0,136.0
19130,2019-09,W6Y505,성산읍,811350.0,91.0
19131,2019-10,W6Y505,성산읍,902000.0,122.0
19132,2019-11,W6Y505,성산읍,760700.0,90.0
19133,2019-12,W6Y505,성산읍,708350.0,93.0
19134,2020-01,W6Y505,성산읍,709450.0,86.0
19135,2020-02,W6Y505,성산읍,501650.0,66.0
19136,2020-03,W6Y505,성산읍,609750.0,72.0
19137,2020-04,W6Y505,성산읍,776950.0,89.0
19138,2020-05,W6Y505,성산읍,963450.0,121.0
19139,2020-06,W6Y505,성산읍,978650.0,155.0
19140,2020-07,W6Y505,성산읍,950400.0,153.0
19141,2020-08,W6Y505,성산읍,1033450.0,161.0
19142,2020-09,W6Y505,성산읍,993300.0,151.0
19143,2020-10,W6Y505,성산읍,1014800.0,172.0
19144,2020-11,W6Y505,성산읍,673350.0,107.0
19145,2020-12,W6Y505,성산읍,1018850.0,160.0
19146,2021-01,W6Y505,성산읍,1147100.0,152.0
19147,2021-02,W6Y505,성산읍,1006050.0,176.0
19148,2021-03,W6Y505,성산읍,906750.0,168.0
19149,2021-04,W6Y505,성산읍,,
19150,2021-05,W6Y505,성산읍,1240500.0,210.0
19151,2021-06,W6Y505,성산읍,872050.0,167.0
19152,2018-01,W6Y506,성산읍,,
19153,2018-02,W6Y506,성산읍,,
19154,2018-03,W6Y506,성산읍,,
19155,2018-04,W6Y506,성산읍,,
19156,2018-05,W6Y506,성산읍,,
19157,2018-06,W6Y506,성산읍,,
19158,2018-07,W6Y506,성산읍,,
19159,2018-08,W6Y506,성산읍,,
19160,2018-09,W6Y506,성산읍,,
19161,2018-10,W6Y506,성산읍,,
19162,2018-11,W6Y506,성산읍,,
19163,2018-12,W6Y506,성산읍,21800.0,3.0
19164,2019-01,W6Y506,성산읍,547050.0,106.0
19165,2019-02,W6Y506,성산읍,913700.0,136.0
19166,2019-03,W6Y506,성산읍,812750.0,123.0
19167,2019-04,W6Y506,성산읍,934300.0,151.0
19168,2019-05,W6Y506,성산읍,791900.0,184.0
19169,2019-06,W6Y506,성산읍,601900.0,173.0
19170,2019-07,W6Y506,성산읍,1448600.0,241.0
19171,2019-08,W6Y506,성산읍,1491500.0,314.0
19172,2019-09,W6Y506,성산읍,1725200.0,377.0
19173,2019-10,W6Y506,성산읍,2118600.0,451.0
19174,2019-11,W6Y506,성산읍,1995900.0,375.0
19175,2019-12,W6Y506,성산읍,2763250.0,422.0
19176,2020-01,W6Y506,성산읍,2786600.0,441.0
19177,2020-02,W6Y506,성산읍,2369200.0,395.0
19178,2020-03,W6Y506,성산읍,2489500.0,443.0
19179,2020-04,W6Y506,성산읍,2168700.0,387.0
19180,2020-05,W6Y506,성산읍,2302050.0,480.0
19181,2020-06,W6Y506,성산읍,2789950.0,550.0
19182,2020-07,W6Y506,성산읍,3042550.0,625.0
19183,2020-08,W6Y506,성산읍,3514450.0,609.0
19184,2020-09,W6Y506,성산읍,2404350.0,507.0
19185,2020-10,W6Y506,성산읍,2604750.0,493.0
19186,2020-11,W6Y506,성산읍,2365500.0,419.0
19187,2020-12,W6Y506,성산읍,2415250.0,429.0
19188,2021-01,W6Y506,성산읍,1908000.0,334.0
19189,2021-02,W6Y506,성산읍,,
19190,2021-03,W6Y506,성산읍,,
19191,2021-04,W6Y506,성산읍,,
19192,2021-05,W6Y506,성산읍,,
19193,2021-06,W6Y506,성산읍,,
19194,2018-01,W6Y507,성산읍,51650.0,12.0
19195,2018-02,W6Y507,성산읍,,
19196,2018-03,W6Y507,성산읍,,
19197,2018-04,W6Y507,성산읍,,
19198,2018-05,W6Y507,성산읍,,
19199,2018-06,W6Y507,성산읍,,
19200,2018-07,W6Y507,성산읍,,
19201,2018-08,W6Y507,성산읍,,
19202,2018-09,W6Y507,성산읍,,
19203,2018-10,W6Y507,성산읍,,
19204,2018-11,W6Y507,성산읍,,
19205,2018-12,W6Y507,성산읍,,
19206,2019-01,W6Y507,성산읍,31750.0,10.0
19207,2019-02,W6Y507,성산읍,143800.0,27.0
19208,2019-03,W6Y507,성산읍,171550.0,27.0
19209,2019-04,W6Y507,성산읍,175950.0,31.0
19210,2019-05,W6Y507,성산읍,132750.0,34.0
19211,2019-06,W6Y507,성산읍,97350.0,28.0
19212,2019-07,W6Y507,성산읍,154050.0,58.0
19213,2019-08,W6Y507,성산읍,229000.0,89.0
19214,2019-09,W6Y507,성산읍,220200.0,84.0
19215,2019-10,W6Y507,성산읍,259100.0,92.0
19216,2019-11,W6Y507,성산읍,421500.0,119.0
19217,2019-12,W6Y507,성산읍,218050.0,80.0
19218,2020-01,W6Y507,성산읍,295850.0,73.0
19219,2020-02,W6Y507,성산읍,267650.0,78.0
19220,2020-03,W6Y507,성산읍,312750.0,96.0
19221,2020-04,W6Y507,성산읍,245150.0,79.0
19222,2020-05,W6Y507,성산읍,338350.0,85.0
19223,2020-06,W6Y507,성산읍,362600.0,93.0
19224,2020-07,W6Y507,성산읍,356050.0,83.0
19225,2020-08,W6Y507,성산읍,391350.0,119.0
19226,2020-09,W6Y507,성산읍,332550.0,112.0
19227,2020-10,W6Y507,성산읍,368600.0,104.0
19228,2020-11,W6Y507,성산읍,375150.0,129.0
19229,2020-12,W6Y507,성산읍,9250.0,4.0
19230,2021-01,W6Y507,성산읍,,
19231,2021-02,W6Y507,성산읍,,
19232,2021-03,W6Y507,성산읍,,
19233,2021-04,W6Y507,성산읍,,
19234,2021-05,W6Y507,성산읍,,
19235,2021-06,W6Y507,성산읍,,
19236,2018-01,W6Y508,성산읍,,
19237,2018-02,W6Y508,성산읍,,
19238,2018-03,W6Y508,성산읍,,
19239,2018-04,W6Y508,성산읍,,
19240,2018-05,W6Y508,성산읍,,
19241,2018-06,W6Y508,성산읍,,
19242,2018-07,W6Y508,성산읍,,
19243,2018-08,W6Y508,성산읍,,
19244,2018-09,W6Y508,성산읍,,
19245,2018-10,W6Y508,성산읍,,
19246,2018-11,W6Y508,성산읍,,
19247,2018-12,W6Y508,성산읍,,
19248,2019-01,W6Y508,성산읍,,
19249,2019-02,W6Y508,성산읍,,
19250,2019-03,W6Y508,성산읍,,
19251,2019-04,W6Y508,성산읍,,
19252,2019-05,W6Y508,성산읍,,
19253,2019-06,W6Y508,성산읍,,
19254,2019-07,W6Y508,성산읍,,
19255,2019-08,W6Y508,성산읍,,
19256,2019-09,W6Y508,성산읍,,
19257,2019-10,W6Y508,성산읍,,
19258,2019-11,W6Y508,성산읍,,
19259,2019-12,W6Y508,성산읍,,
19260,2020-01,W6Y508,성산읍,,
19261,2020-02,W6Y508,성산읍,,
19262,2020-03,W6Y508,성산읍,,
19263,2020-04,W6Y508,성산읍,,
19264,2020-05,W6Y508,성산읍,,
19265,2020-06,W6Y508,성산읍,,
19266,2020-07,W6Y508,성산읍,,
19267,2020-08,W6Y508,성산읍,,
19268,2020-09,W6Y508,성산읍,,
19269,2020-10,W6Y508,성산읍,,
19270,2020-11,W6Y508,성산읍,,
19271,2020-12,W6Y508,성산읍,,
19272,2021-01,W6Y508,성산읍,,
19273,2021-02,W6Y508,성산읍,,
19274,2021-03,W6Y508,성산읍,,
19275,2021-04,W6Y508,성산읍,,
19276,2021-05,W6Y508,성산읍,,
19277,2021-06,W6Y508,성산읍,774350.0,97.0
19278,2018-01,W6Y509,성산읍,,
19279,2018-02,W6Y509,성산읍,,
19280,2018-03,W6Y509,성산읍,,
19281,2018-04,W6Y509,성산읍,,
19282,2018-05,W6Y509,성산읍,,
19283,2018-06,W6Y509,성산읍,,
19284,2018-07,W6Y509,성산읍,,
19285,2018-08,W6Y509,성산읍,,
19286,2018-09,W6Y509,성산읍,,
19287,2018-10,W6Y509,성산읍,,
19288,2018-11,W6Y509,성산읍,,
19289,2018-12,W6Y509,성산읍,,
19290,2019-01,W6Y509,성산읍,,
19291,2019-02,W6Y509,성산읍,,
19292,2019-03,W6Y509,성산읍,,
19293,2019-04,W6Y509,성산읍,,
19294,2019-05,W6Y509,성산읍,,
19295,2019-06,W6Y509,성산읍,,
19296,2019-07,W6Y509,성산읍,,
19297,2019-08,W6Y509,성산읍,,
19298,2019-09,W6Y509,성산읍,,
19299,2019-10,W6Y509,성산읍,,
19300,2019-11,W6Y509,성산읍,,
19301,2019-12,W6Y509,성산읍,,
19302,2020-01,W6Y509,성산읍,,
19303,2020-02,W6Y509,성산읍,,
19304,2020-03,W6Y509,성산읍,,
19305,2020-04,W6Y509,성산읍,,
19306,2020-05,W6Y509,성산읍,,
19307,2020-06,W6Y509,성산읍,,
19308,2020-07,W6Y509,성산읍,,
19309,2020-08,W6Y509,성산읍,,
19310,2020-09,W6Y509,성산읍,,
19311,2020-10,W6Y509,성산읍,,
19312,2020-11,W6Y509,성산읍,,
19313,2020-12,W6Y509,성산읍,,
19314,2021-01,W6Y509,성산읍,,
19315,2021-02,W6Y509,성산읍,,
19316,2021-03,W6Y509,성산읍,,
19317,2021-04,W6Y509,성산읍,,
19318,2021-05,W6Y509,성산읍,,
19319,2021-06,W6Y509,성산읍,,
19320,2018-01,W6Y510,성산읍,455250.0,67.0
19321,2018-02,W6Y510,성산읍,,
19322,2018-03,W6Y510,성산읍,,
19323,2018-04,W6Y510,성산읍,,
19324,2018-05,W6Y510,성산읍,,
19325,2018-06,W6Y510,성산읍,,
19326,2018-07,W6Y510,성산읍,,
19327,2018-08,W6Y510,성산읍,,
19328,2018-09,W6Y510,성산읍,,
19329,2018-10,W6Y510,성산읍,,
19330,2018-11,W6Y510,성산읍,,
19331,2018-12,W6Y510,성산읍,17500.0,7.0
19332,2019-01,W6Y510,성산읍,397350.0,69.0
19333,2019-02,W6Y510,성산읍,676700.0,116.0
19334,2019-03,W6Y510,성산읍,1327700.0,204.0
19335,2019-04,W6Y510,성산읍,1621800.0,220.0
19336,2019-05,W6Y510,성산읍,1535600.0,261.0
19337,2019-06,W6Y510,성산읍,1453350.0,275.0
19338,2019-07,W6Y510,성산읍,2041850.0,310.0
19339,2019-08,W6Y510,성산읍,2157050.0,279.0
19340,2019-09,W6Y510,성산읍,1140350.0,184.0
19341,2019-10,W6Y510,성산읍,1684350.0,245.0
19342,2019-11,W6Y510,성산읍,1129950.0,198.0
19343,2019-12,W6Y510,성산읍,1303600.0,204.0
19344,2020-01,W6Y510,성산읍,743350.0,135.0
19345,2020-02,W6Y510,성산읍,858700.0,167.0
19346,2020-03,W6Y510,성산읍,968950.0,183.0
19347,2020-04,W6Y510,성산읍,922850.0,201.0
19348,2020-05,W6Y510,성산읍,1068300.0,242.0
19349,2020-06,W6Y510,성산읍,1066250.0,263.0
19350,2020-07,W6Y510,성산읍,1105900.0,294.0
19351,2020-08,W6Y510,성산읍,1871250.0,450.0
19352,2020-09,W6Y510,성산읍,1519800.0,360.0
19353,2020-10,W6Y510,성산읍,2036650.0,379.0
19354,2020-11,W6Y510,성산읍,1654500.0,335.0
19355,2020-12,W6Y510,성산읍,1395650.0,296.0
19356,2021-01,W6Y510,성산읍,1403400.0,288.0
19357,2021-02,W6Y510,성산읍,1338050.0,278.0
19358,2021-03,W6Y510,성산읍,1323650.0,320.0
19359,2021-04,W6Y510,성산읍,,
19360,2021-05,W6Y510,성산읍,1547100.0,362.0
19361,2021-06,W6Y510,성산읍,1033950.0,298.0
19362,2018-01,W6Y511,성산읍,,
19363,2018-02,W6Y511,성산읍,,
19364,2018-03,W6Y511,성산읍,,
19365,2018-04,W6Y511,성산읍,,
19366,2018-05,W6Y511,성산읍,,
19367,2018-06,W6Y511,성산읍,,
19368,2018-07,W6Y511,성산읍,,
19369,2018-08,W6Y511,성산읍,,
19370,2018-09,W6Y511,성산읍,,
19371,2018-10,W6Y511,성산읍,,
19372,2018-11,W6Y511,성산읍,,
19373,2018-12,W6Y511,성산읍,,
19374,2019-01,W6Y511,성산읍,536550.0,53.0
19375,2019-02,W6Y511,성산읍,483650.0,74.0
19376,2019-03,W6Y511,성산읍,411750.0,60.0
19377,2019-04,W6Y511,성산읍,541300.0,82.0
19378,2019-05,W6Y511,성산읍,1054600.0,153.0
19379,2019-06,W6Y511,성산읍,1386300.0,185.0
19380,2019-07,W6Y511,성산읍,2982700.0,371.0
19381,2019-08,W6Y511,성산읍,3009200.0,409.0
19382,2019-09,W6Y511,성산읍,3051700.0,403.0
19383,2019-10,W6Y511,성산읍,2878250.0,413.0
19384,2019-11,W6Y511,성산읍,2260050.0,319.0
19385,2019-12,W6Y511,성산읍,2629950.0,352.0
19386,2020-01,W6Y511,성산읍,3110200.0,395.0
19387,2020-02,W6Y511,성산읍,2726550.0,388.0
19388,2020-03,W6Y511,성산읍,2963750.0,406.0
19389,2020-04,W6Y511,성산읍,2724600.0,386.0
19390,2020-05,W6Y511,성산읍,3006900.0,451.0
19391,2020-06,W6Y511,성산읍,3207900.0,500.0
19392,2020-07,W6Y511,성산읍,5683378.0,599.0
19393,2020-08,W6Y511,성산읍,3935150.0,514.0
19394,2020-09,W6Y511,성산읍,3541700.0,496.0
19395,2020-10,W6Y511,성산읍,4167100.0,617.0
19396,2020-11,W6Y511,성산읍,5705500.0,804.0
19397,2020-12,W6Y511,성산읍,5632000.0,821.0
19398,2021-01,W6Y511,성산읍,5055550.0,718.0
19399,2021-02,W6Y511,성산읍,5179700.0,723.0
19400,2021-03,W6Y511,성산읍,6066200.0,873.0
19401,2021-04,W6Y511,성산읍,,
19402,2021-05,W6Y511,성산읍,6504150.0,1030.0
19403,2021-06,W6Y511,성산읍,4983650.0,841.0
19404,2018-01,W6Y512,성산읍,,
19405,2018-02,W6Y512,성산읍,,
19406,2018-03,W6Y512,성산읍,,
19407,2018-04,W6Y512,성산읍,,
19408,2018-05,W6Y512,성산읍,,
19409,2018-06,W6Y512,성산읍,,
19410,2018-07,W6Y512,성산읍,,
19411,2018-08,W6Y512,성산읍,,
19412,2018-09,W6Y512,성산읍,,
19413,2018-10,W6Y512,성산읍,,
19414,2018-11,W6Y512,성산읍,,
19415,2018-12,W6Y512,성산읍,28200.0,3.0
19416,2019-01,W6Y512,성산읍,492100.0,42.0
19417,2019-02,W6Y512,성산읍,1208550.0,101.0
19418,2019-03,W6Y512,성산읍,1411300.0,108.0
19419,2019-04,W6Y512,성산읍,1431100.0,133.0
19420,2019-05,W6Y512,성산읍,1456250.0,167.0
19421,2019-06,W6Y512,성산읍,2195800.0,234.0
19422,2019-07,W6Y512,성산읍,3863350.0,458.0
19423,2019-08,W6Y512,성산읍,4437750.0,533.0
19424,2019-09,W6Y512,성산읍,4235000.0,527.0
19425,2019-10,W6Y512,성산읍,4317300.0,532.0
19426,2019-11,W6Y512,성산읍,3907600.0,496.0
19427,2019-12,W6Y512,성산읍,508900.0,141.0
19428,2020-01,W6Y512,성산읍,2559500.0,1118.0
19429,2020-02,W6Y512,성산읍,2199850.0,919.0
19430,2020-03,W6Y512,성산읍,2179650.0,897.0
19431,2020-04,W6Y512,성산읍,2038850.0,872.0
19432,2020-05,W6Y512,성산읍,2093000.0,881.0
19433,2020-06,W6Y512,성산읍,1488550.0,599.0
19434,2020-07,W6Y512,성산읍,56950.0,20.0
19435,2020-08,W6Y512,성산읍,35250.0,12.0
19436,2020-09,W6Y512,성산읍,33050.0,12.0
19437,2020-10,W6Y512,성산읍,30900.0,17.0
19438,2020-11,W6Y512,성산읍,154200.0,27.0
19439,2020-12,W6Y512,성산읍,1140350.0,158.0
19440,2021-01,W6Y512,성산읍,969850.0,142.0
19441,2021-02,W6Y512,성산읍,1402350.0,150.0
19442,2021-03,W6Y512,성산읍,1537100.0,180.0
19443,2021-04,W6Y512,성산읍,,
19444,2021-05,W6Y512,성산읍,771150.0,101.0
19445,2021-06,W6Y512,성산읍,1295600.0,192.0
19446,2018-01,W6Y513,성산읍,169550.0,27.0
19447,2018-02,W6Y513,성산읍,,
19448,2018-03,W6Y513,성산읍,,
19449,2018-04,W6Y513,성산읍,,
19450,2018-05,W6Y513,성산읍,,
19451,2018-06,W6Y513,성산읍,,
19452,2018-07,W6Y513,성산읍,,
19453,2018-08,W6Y513,성산읍,,
19454,2018-09,W6Y513,성산읍,,
19455,2018-10,W6Y513,성산읍,,
19456,2018-11,W6Y513,성산읍,,
19457,2018-12,W6Y513,성산읍,44900.0,8.0
19458,2019-01,W6Y513,성산읍,1844100.0,136.0
19459,2019-02,W6Y513,성산읍,1928900.0,153.0
19460,2019-03,W6Y513,성산읍,2717800.0,257.0
19461,2019-04,W6Y513,성산읍,3007900.0,337.0
19462,2019-05,W6Y513,성산읍,3499000.0,383.0
19463,2019-06,W6Y513,성산읍,3362050.0,415.0
19464,2019-07,W6Y513,성산읍,3263250.0,440.0
19465,2019-08,W6Y513,성산읍,3634550.0,467.0
19466,2019-09,W6Y513,성산읍,3973543.0,491.0
19467,2019-10,W6Y513,성산읍,3796350.0,476.0
19468,2019-11,W6Y513,성산읍,3210800.0,458.0
19469,2019-12,W6Y513,성산읍,3731850.0,463.0
19470,2020-01,W6Y513,성산읍,3238200.0,442.0
19471,2020-02,W6Y513,성산읍,2674800.0,430.0
19472,2020-03,W6Y513,성산읍,3199800.0,543.0
19473,2020-04,W6Y513,성산읍,3055750.0,541.0
19474,2020-05,W6Y513,성산읍,3271750.0,600.0
19475,2020-06,W6Y513,성산읍,3402450.0,634.0
19476,2020-07,W6Y513,성산읍,4173900.0,728.0
19477,2020-08,W6Y513,성산읍,2100450.0,318.0
19478,2020-09,W6Y513,성산읍,,
19479,2020-10,W6Y513,성산읍,,
19480,2020-11,W6Y513,성산읍,222400.0,22.0
19481,2020-12,W6Y513,성산읍,1547150.0,290.0
19482,2021-01,W6Y513,성산읍,1844250.0,323.0
19483,2021-02,W6Y513,성산읍,1840500.0,297.0
19484,2021-03,W6Y513,성산읍,2045600.0,347.0
19485,2021-04,W6Y513,성산읍,,
19486,2021-05,W6Y513,성산읍,2221850.0,456.0
19487,2021-06,W6Y513,성산읍,3007850.0,584.0
19488,2018-01,W6Y514,성산읍,398450.0,49.0
19489,2018-02,W6Y514,성산읍,,
19490,2018-03,W6Y514,성산읍,,
19491,2018-04,W6Y514,성산읍,,
19492,2018-05,W6Y514,성산읍,,
19493,2018-06,W6Y514,성산읍,,
19494,2018-07,W6Y514,성산읍,,
19495,2018-08,W6Y514,성산읍,,
19496,2018-09,W6Y514,성산읍,,
19497,2018-10,W6Y514,성산읍,,
19498,2018-11,W6Y514,성산읍,,
19499,2018-12,W6Y514,성산읍,2950.0,4.0
19500,2019-01,W6Y514,성산읍,13600.0,5.0
19501,2019-02,W6Y514,성산읍,197350.0,35.0
19502,2019-03,W6Y514,성산읍,265900.0,50.0
19503,2019-04,W6Y514,성산읍,250950.0,39.0
19504,2019-05,W6Y514,성산읍,248200.0,49.0
19505,2019-06,W6Y514,성산읍,480500.0,63.0
19506,2019-07,W6Y514,성산읍,1513450.0,174.0
19507,2019-08,W6Y514,성산읍,2517700.0,287.0
19508,2019-09,W6Y514,성산읍,2420600.0,256.0
19509,2019-10,W6Y514,성산읍,2768750.0,292.0
19510,2019-11,W6Y514,성산읍,2623750.0,262.0
19511,2019-12,W6Y514,성산읍,2396300.0,289.0
19512,2020-01,W6Y514,성산읍,2526000.0,312.0
19513,2020-02,W6Y514,성산읍,2331500.0,304.0
19514,2020-03,W6Y514,성산읍,2325400.0,277.0
19515,2020-04,W6Y514,성산읍,1737000.0,264.0
19516,2020-05,W6Y514,성산읍,2639750.0,377.0
19517,2020-06,W6Y514,성산읍,2870150.0,440.0
19518,2020-07,W6Y514,성산읍,4018550.0,552.0
19519,2020-08,W6Y514,성산읍,4791200.0,570.0
19520,2020-09,W6Y514,성산읍,2439300.0,337.0
19521,2020-10,W6Y514,성산읍,2667750.0,348.0
19522,2020-11,W6Y514,성산읍,1141050.0,159.0
19523,2020-12,W6Y514,성산읍,1599850.0,296.0
19524,2021-01,W6Y514,성산읍,1495000.0,278.0
19525,2021-02,W6Y514,성산읍,2084200.0,333.0
19526,2021-03,W6Y514,성산읍,1515550.0,251.0
19527,2021-04,W6Y514,성산읍,,
19528,2021-05,W6Y514,성산읍,1719000.0,287.0
19529,2021-06,W6Y514,성산읍,3169000.0,453.0
19530,2018-01,W6Y515,성산읍,242650.0,31.0
19531,2018-02,W6Y515,성산읍,,
19532,2018-03,W6Y515,성산읍,,
19533,2018-04,W6Y515,성산읍,,
19534,2018-05,W6Y515,성산읍,,
19535,2018-06,W6Y515,성산읍,,
19536,2018-07,W6Y515,성산읍,,
19537,2018-08,W6Y515,성산읍,,
19538,2018-09,W6Y515,성산읍,,
19539,2018-10,W6Y515,성산읍,,
19540,2018-11,W6Y515,성산읍,,
19541,2018-12,W6Y515,성산읍,350.0,3.0
19542,2019-01,W6Y515,성산읍,414800.0,37.0
19543,2019-02,W6Y515,성산읍,1370750.0,120.0
19544,2019-03,W6Y515,성산읍,1493850.0,148.0
19545,2019-04,W6Y515,성산읍,1571000.0,170.0
19546,2019-05,W6Y515,성산읍,1722600.0,215.0
19547,2019-06,W6Y515,성산읍,1931100.0,219.0
19548,2019-07,W6Y515,성산읍,2792700.0,285.0
19549,2019-08,W6Y515,성산읍,3070150.0,336.0
19550,2019-09,W6Y515,성산읍,2176750.0,287.0
19551,2019-10,W6Y515,성산읍,1622400.0,214.0
19552,2019-11,W6Y515,성산읍,1673600.0,232.0
19553,2019-12,W6Y515,성산읍,1565800.0,197.0
19554,2020-01,W6Y515,성산읍,1508950.0,204.0
19555,2020-02,W6Y515,성산읍,1311100.0,205.0
19556,2020-03,W6Y515,성산읍,1300950.0,217.0
19557,2020-04,W6Y515,성산읍,1286550.0,207.0
19558,2020-05,W6Y515,성산읍,1814700.0,276.0
19559,2020-06,W6Y515,성산읍,2399350.0,306.0
19560,2020-07,W6Y515,성산읍,2841300.0,366.0
19561,2020-08,W6Y515,성산읍,3213100.0,340.0
19562,2020-09,W6Y515,성산읍,2274350.0,317.0
19563,2020-10,W6Y515,성산읍,2817850.0,331.0
19564,2020-11,W6Y515,성산읍,1410100.0,170.0
19565,2020-12,W6Y515,성산읍,1743400.0,276.0
19566,2021-01,W6Y515,성산읍,1552600.0,265.0
19567,2021-02,W6Y515,성산읍,1978700.0,289.0
19568,2021-03,W6Y515,성산읍,2375250.0,333.0
19569,2021-04,W6Y515,성산읍,,
19570,2021-05,W6Y515,성산읍,2576850.0,360.0
19571,2021-06,W6Y515,성산읍,2409450.0,351.0
19572,2018-01,W6Y516,성산읍,336650.0,40.0
19573,2018-02,W6Y516,성산읍,,
19574,2018-03,W6Y516,성산읍,,
19575,2018-04,W6Y516,성산읍,,
19576,2018-05,W6Y516,성산읍,,
19577,2018-06,W6Y516,성산읍,,
19578,2018-07,W6Y516,성산읍,,
19579,2018-08,W6Y516,성산읍,,
19580,2018-09,W6Y516,성산읍,,
19581,2018-10,W6Y516,성산읍,,
19582,2018-11,W6Y516,성산읍,,
19583,2018-12,W6Y516,성산읍,77150.0,11.0
19584,2019-01,W6Y516,성산읍,1035250.0,149.0
19585,2019-02,W6Y516,성산읍,1634350.0,222.0
19586,2019-03,W6Y516,성산읍,1808750.0,269.0
19587,2019-04,W6Y516,성산읍,1896600.0,287.0
19588,2019-05,W6Y516,성산읍,1971050.0,332.0
19589,2019-06,W6Y516,성산읍,1982200.0,359.0
19590,2019-07,W6Y516,성산읍,2136500.0,398.0
19591,2019-08,W6Y516,성산읍,2560850.0,405.0
19592,2019-09,W6Y516,성산읍,2950350.0,411.0
19593,2019-10,W6Y516,성산읍,2865000.0,389.0
19594,2019-11,W6Y516,성산읍,2562550.0,369.0
19595,2019-12,W6Y516,성산읍,2935400.0,403.0
19596,2020-01,W6Y516,성산읍,3098750.0,423.0
19597,2020-02,W6Y516,성산읍,2362600.0,394.0
19598,2020-03,W6Y516,성산읍,2447950.0,428.0
19599,2020-04,W6Y516,성산읍,2207450.0,378.0
19600,2020-05,W6Y516,성산읍,2983750.0,536.0
19601,2020-06,W6Y516,성산읍,3583650.0,591.0
19602,2020-07,W6Y516,성산읍,4510850.0,719.0
19603,2020-08,W6Y516,성산읍,4033200.0,545.0
19604,2020-09,W6Y516,성산읍,2661350.0,458.0
19605,2020-10,W6Y516,성산읍,3393500.0,524.0
19606,2020-11,W6Y516,성산읍,3927200.0,504.0
19607,2020-12,W6Y516,성산읍,3063000.0,450.0
19608,2021-01,W6Y516,성산읍,2985900.0,453.0
19609,2021-02,W6Y516,성산읍,4456000.0,555.0
19610,2021-03,W6Y516,성산읍,4213550.0,642.0
19611,2021-04,W6Y516,성산읍,,
19612,2021-05,W6Y516,성산읍,4802350.0,766.0
19613,2021-06,W6Y516,성산읍,5239200.0,836.0
19614,2018-01,W6Y517,성산읍,549150.0,79.0
19615,2018-02,W6Y517,성산읍,,
19616,2018-03,W6Y517,성산읍,,
19617,2018-04,W6Y517,성산읍,,
19618,2018-05,W6Y517,성산읍,,
19619,2018-06,W6Y517,성산읍,,
19620,2018-07,W6Y517,성산읍,,
19621,2018-08,W6Y517,성산읍,,
19622,2018-09,W6Y517,성산읍,,
19623,2018-10,W6Y517,성산읍,,
19624,2018-11,W6Y517,성산읍,,
19625,2018-12,W6Y517,성산읍,102300.0,18.0
19626,2019-01,W6Y517,성산읍,2095850.0,310.0
19627,2019-02,W6Y517,성산읍,2743800.0,381.0
19628,2019-03,W6Y517,성산읍,3219750.0,419.0
19629,2019-04,W6Y517,성산읍,3738200.0,533.0
19630,2019-05,W6Y517,성산읍,3502250.0,618.0
19631,2019-06,W6Y517,성산읍,4006900.0,725.0
19632,2019-07,W6Y517,성산읍,3922650.0,727.0
19633,2019-08,W6Y517,성산읍,4025500.0,726.0
19634,2019-09,W6Y517,성산읍,3650550.0,682.0
19635,2019-10,W6Y517,성산읍,4341950.0,792.0
19636,2019-11,W6Y517,성산읍,3971650.0,686.0
19637,2019-12,W6Y517,성산읍,4577950.0,820.0
19638,2020-01,W6Y517,성산읍,4205600.0,697.0
19639,2020-02,W6Y517,성산읍,3703000.0,660.0
19640,2020-03,W6Y517,성산읍,265850.0,52.0
19641,2020-04,W6Y517,성산읍,,
19642,2020-05,W6Y517,성산읍,48400.0,42.0
19643,2020-06,W6Y517,성산읍,66400.0,23.0
19644,2020-07,W6Y517,성산읍,,
19645,2020-08,W6Y517,성산읍,,
19646,2020-09,W6Y517,성산읍,,
19647,2020-10,W6Y517,성산읍,,
19648,2020-11,W6Y517,성산읍,,
19649,2020-12,W6Y517,성산읍,,
19650,2021-01,W6Y517,성산읍,,
19651,2021-02,W6Y517,성산읍,,
19652,2021-03,W6Y517,성산읍,,
19653,2021-04,W6Y517,성산읍,,
19654,2021-05,W6Y517,성산읍,,
19655,2021-06,W6Y517,성산읍,,
19656,2018-01,W6Y518,성산읍,,
19657,2018-02,W6Y518,성산읍,,
19658,2018-03,W6Y518,성산읍,,
19659,2018-04,W6Y518,성산읍,,
19660,2018-05,W6Y518,성산읍,,
19661,2018-06,W6Y518,성산읍,,
19662,2018-07,W6Y518,성산읍,,
19663,2018-08,W6Y518,성산읍,,
19664,2018-09,W6Y518,성산읍,,
19665,2018-10,W6Y518,성산읍,,
19666,2018-11,W6Y518,성산읍,,
19667,2018-12,W6Y518,성산읍,250.0,2.0
19668,2019-01,W6Y518,성산읍,,
19669,2019-02,W6Y518,성산읍,,
19670,2019-03,W6Y518,성산읍,,
19671,2019-04,W6Y518,성산읍,,
19672,2019-05,W6Y518,성산읍,4300.0,1.0
19673,2019-06,W6Y518,성산읍,60350.0,8.0
19674,2019-07,W6Y518,성산읍,23600.0,5.0
19675,2019-08,W6Y518,성산읍,73350.0,10.0
19676,2019-09,W6Y518,성산읍,116900.0,23.0
19677,2019-10,W6Y518,성산읍,271850.0,57.0
19678,2019-11,W6Y518,성산읍,231850.0,35.0
19679,2019-12,W6Y518,성산읍,17150.0,1.0
19680,2020-01,W6Y518,성산읍,83300.0,6.0
19681,2020-02,W6Y518,성산읍,129500.0,44.0
19682,2020-03,W6Y518,성산읍,148950.0,67.0
19683,2020-04,W6Y518,성산읍,30250.0,14.0
19684,2020-05,W6Y518,성산읍,,
19685,2020-06,W6Y518,성산읍,,
19686,2020-07,W6Y518,성산읍,,
19687,2020-08,W6Y518,성산읍,,
19688,2020-09,W6Y518,성산읍,,
19689,2020-10,W6Y518,성산읍,,
19690,2020-11,W6Y518,성산읍,,
19691,2020-12,W6Y518,성산읍,,
19692,2021-01,W6Y518,성산읍,,
19693,2021-02,W6Y518,성산읍,,
19694,2021-03,W6Y518,성산읍,,
19695,2021-04,W6Y518,성산읍,,
19696,2021-05,W6Y518,성산읍,,
19697,2021-06,W6Y518,성산읍,,
19698,2018-01,W6Y519,성산읍,,
19699,2018-02,W6Y519,성산읍,,
19700,2018-03,W6Y519,성산읍,,
19701,2018-04,W6Y519,성산읍,,
19702,2018-05,W6Y519,성산읍,,
19703,2018-06,W6Y519,성산읍,,
19704,2018-07,W6Y519,성산읍,,
19705,2018-08,W6Y519,성산읍,,
19706,2018-09,W6Y519,성산읍,,
19707,2018-10,W6Y519,성산읍,,
19708,2018-11,W6Y519,성산읍,,
19709,2018-12,W6Y519,성산읍,8850.0,5.0
19710,2019-01,W6Y519,성산읍,139250.0,56.0
19711,2019-02,W6Y519,성산읍,492250.0,94.0
19712,2019-03,W6Y519,성산읍,857050.0,160.0
19713,2019-04,W6Y519,성산읍,1136950.0,185.0
19714,2019-05,W6Y519,성산읍,816650.0,207.0
19715,2019-06,W6Y519,성산읍,1095950.0,241.0
19716,2019-07,W6Y519,성산읍,1011750.0,239.0
19717,2019-08,W6Y519,성산읍,972750.0,223.0
19718,2019-09,W6Y519,성산읍,76900.0,10.0
19719,2019-10,W6Y519,성산읍,,
19720,2019-11,W6Y519,성산읍,,
19721,2019-12,W6Y519,성산읍,,
19722,2020-01,W6Y519,성산읍,,
19723,2020-02,W6Y519,성산읍,,
19724,2020-03,W6Y519,성산읍,7350.0,3.0
19725,2020-04,W6Y519,성산읍,557000.0,110.0
19726,2020-05,W6Y519,성산읍,988900.0,195.0
19727,2020-06,W6Y519,성산읍,1443150.0,254.0
19728,2020-07,W6Y519,성산읍,918000.0,182.0
19729,2020-08,W6Y519,성산읍,2095900.0,380.0
19730,2020-09,W6Y519,성산읍,1432400.0,318.0
19731,2020-10,W6Y519,성산읍,1586700.0,307.0
19732,2020-11,W6Y519,성산읍,1560850.0,290.0
19733,2020-12,W6Y519,성산읍,1873800.0,293.0
19734,2021-01,W6Y519,성산읍,1888850.0,374.0
19735,2021-02,W6Y519,성산읍,3455100.0,599.0
19736,2021-03,W6Y519,성산읍,3564650.0,622.0
19737,2021-04,W6Y519,성산읍,,
19738,2021-05,W6Y519,성산읍,3814550.0,742.0
19739,2021-06,W6Y519,성산읍,1919750.0,403.0
19740,2018-01,W6Y520,성산읍,,
19741,2018-02,W6Y520,성산읍,,
19742,2018-03,W6Y520,성산읍,,
19743,2018-04,W6Y520,성산읍,,
19744,2018-05,W6Y520,성산읍,,
19745,2018-06,W6Y520,성산읍,,
19746,2018-07,W6Y520,성산읍,,
19747,2018-08,W6Y520,성산읍,,
19748,2018-09,W6Y520,성산읍,,
19749,2018-10,W6Y520,성산읍,,
19750,2018-11,W6Y520,성산읍,,
19751,2018-12,W6Y520,성산읍,3050.0,1.0
19752,2019-01,W6Y520,성산읍,88200.0,20.0
19753,2019-02,W6Y520,성산읍,80550.0,25.0
19754,2019-03,W6Y520,성산읍,86950.0,37.0
19755,2019-04,W6Y520,성산읍,95750.0,42.0
19756,2019-05,W6Y520,성산읍,106500.0,39.0
19757,2019-06,W6Y520,성산읍,145200.0,53.0
19758,2019-07,W6Y520,성산읍,299900.0,85.0
19759,2019-08,W6Y520,성산읍,471150.0,95.0
19760,2019-09,W6Y520,성산읍,689600.0,112.0
19761,2019-10,W6Y520,성산읍,571100.0,84.0
19762,2019-11,W6Y520,성산읍,259650.0,53.0
19763,2019-12,W6Y520,성산읍,543400.0,111.0
19764,2020-01,W6Y520,성산읍,764750.0,125.0
19765,2020-02,W6Y520,성산읍,529250.0,109.0
19766,2020-03,W6Y520,성산읍,530350.0,98.0
19767,2020-04,W6Y520,성산읍,517450.0,116.0
19768,2020-05,W6Y520,성산읍,568850.0,120.0
19769,2020-06,W6Y520,성산읍,709050.0,165.0
19770,2020-07,W6Y520,성산읍,758200.0,155.0
19771,2020-08,W6Y520,성산읍,758650.0,168.0
19772,2020-09,W6Y520,성산읍,623850.0,151.0
19773,2020-10,W6Y520,성산읍,658050.0,145.0
19774,2020-11,W6Y520,성산읍,505100.0,99.0
19775,2020-12,W6Y520,성산읍,,
19776,2021-01,W6Y520,성산읍,,
19777,2021-02,W6Y520,성산읍,,
19778,2021-03,W6Y520,성산읍,,
19779,2021-04,W6Y520,성산읍,,
19780,2021-05,W6Y520,성산읍,,
19781,2021-06,W6Y520,성산읍,,
19782,2018-01,W6Y521,성산읍,,
19783,2018-02,W6Y521,성산읍,,
19784,2018-03,W6Y521,성산읍,,
19785,2018-04,W6Y521,성산읍,,
19786,2018-05,W6Y521,성산읍,,
19787,2018-06,W6Y521,성산읍,,
19788,2018-07,W6Y521,성산읍,,
19789,2018-08,W6Y521,성산읍,,
19790,2018-09,W6Y521,성산읍,,
19791,2018-10,W6Y521,성산읍,,
19792,2018-11,W6Y521,성산읍,,
19793,2018-12,W6Y521,성산읍,,
19794,2019-01,W6Y521,성산읍,,
19795,2019-02,W6Y521,성산읍,,
19796,2019-03,W6Y521,성산읍,,
19797,2019-04,W6Y521,성산읍,,
19798,2019-05,W6Y521,성산읍,,
19799,2019-06,W6Y521,성산읍,,
19800,2019-07,W6Y521,성산읍,,
19801,2019-08,W6Y521,성산읍,,
19802,2019-09,W6Y521,성산읍,,
19803,2019-10,W6Y521,성산읍,,
19804,2019-11,W6Y521,성산읍,,
19805,2019-12,W6Y521,성산읍,,
19806,2020-01,W6Y521,성산읍,,
19807,2020-02,W6Y521,성산읍,,
19808,2020-03,W6Y521,성산읍,,
19809,2020-04,W6Y521,성산읍,,
19810,2020-05,W6Y521,성산읍,,
19811,2020-06,W6Y521,성산읍,,
19812,2020-07,W6Y521,성산읍,,
19813,2020-08,W6Y521,성산읍,,
19814,2020-09,W6Y521,성산읍,,
19815,2020-10,W6Y521,성산읍,,
19816,2020-11,W6Y521,성산읍,,
19817,2020-12,W6Y521,성산읍,,
19818,2021-01,W6Y521,성산읍,,
19819,2021-02,W6Y521,성산읍,,
19820,2021-03,W6Y521,성산읍,,
19821,2021-04,W6Y521,성산읍,,
19822,2021-05,W6Y521,성산읍,,
19823,2021-06,W6Y521,성산읍,2130700.0,315.0
19824,2018-01,W6Y522,성산읍,,
19825,2018-02,W6Y522,성산읍,,
19826,2018-03,W6Y522,성산읍,,
19827,2018-04,W6Y522,성산읍,,
19828,2018-05,W6Y522,성산읍,,
19829,2018-06,W6Y522,성산읍,,
19830,2018-07,W6Y522,성산읍,,
19831,2018-08,W6Y522,성산읍,,
19832,2018-09,W6Y522,성산읍,,
19833,2018-10,W6Y522,성산읍,,
19834,2018-11,W6Y522,성산읍,,
19835,2018-12,W6Y522,성산읍,,
19836,2019-01,W6Y522,성산읍,,
19837,2019-02,W6Y522,성산읍,,
19838,2019-03,W6Y522,성산읍,,
19839,2019-04,W6Y522,성산읍,,
19840,2019-05,W6Y522,성산읍,,
19841,2019-06,W6Y522,성산읍,,
19842,2019-07,W6Y522,성산읍,,
19843,2019-08,W6Y522,성산읍,,
19844,2019-09,W6Y522,성산읍,,
19845,2019-10,W6Y522,성산읍,,
19846,2019-11,W6Y522,성산읍,,
19847,2019-12,W6Y522,성산읍,,
19848,2020-01,W6Y522,성산읍,,
19849,2020-02,W6Y522,성산읍,,
19850,2020-03,W6Y522,성산읍,,
19851,2020-04,W6Y522,성산읍,,
19852,2020-05,W6Y522,성산읍,,
19853,2020-06,W6Y522,성산읍,,
19854,2020-07,W6Y522,성산읍,,
19855,2020-08,W6Y522,성산읍,,
19856,2020-09,W6Y522,성산읍,,
19857,2020-10,W6Y522,성산읍,,
19858,2020-11,W6Y522,성산읍,,
19859,2020-12,W6Y522,성산읍,,
19860,2021-01,W6Y522,성산읍,,
19861,2021-02,W6Y522,성산읍,,
19862,2021-03,W6Y522,성산읍,,
19863,2021-04,W6Y522,성산읍,,
19864,2021-05,W6Y522,성산읍,,
19865,2021-06,W6Y522,성산읍,,
19866,2018-01,W6Y523,성산읍,,
19867,2018-02,W6Y523,성산읍,,
19868,2018-03,W6Y523,성산읍,,
19869,2018-04,W6Y523,성산읍,,
19870,2018-05,W6Y523,성산읍,,
19871,2018-06,W6Y523,성산읍,,
19872,2018-07,W6Y523,성산읍,,
19873,2018-08,W6Y523,성산읍,,
19874,2018-09,W6Y523,성산읍,,
19875,2018-10,W6Y523,성산읍,,
19876,2018-11,W6Y523,성산읍,,
19877,2018-12,W6Y523,성산읍,,
19878,2019-01,W6Y523,성산읍,,
19879,2019-02,W6Y523,성산읍,,
19880,2019-03,W6Y523,성산읍,,
19881,2019-04,W6Y523,성산읍,,
19882,2019-05,W6Y523,성산읍,,
19883,2019-06,W6Y523,성산읍,,
19884,2019-07,W6Y523,성산읍,,
19885,2019-08,W6Y523,성산읍,,
19886,2019-09,W6Y523,성산읍,,
19887,2019-10,W6Y523,성산읍,,
19888,2019-11,W6Y523,성산읍,,
19889,2019-12,W6Y523,성산읍,,
19890,2020-01,W6Y523,성산읍,,
19891,2020-02,W6Y523,성산읍,,
19892,2020-03,W6Y523,성산읍,,
19893,2020-04,W6Y523,성산읍,,
19894,2020-05,W6Y523,성산읍,,
19895,2020-06,W6Y523,성산읍,,
19896,2020-07,W6Y523,성산읍,,
19897,2020-08,W6Y523,성산읍,,
19898,2020-09,W6Y523,성산읍,,
19899,2020-10,W6Y523,성산읍,,
19900,2020-11,W6Y523,성산읍,,
19901,2020-12,W6Y523,성산읍,,
19902,2021-01,W6Y523,성산읍,,
19903,2021-02,W6Y523,성산읍,,
19904,2021-03,W6Y523,성산읍,,
19905,2021-04,W6Y523,성산읍,,
19906,2021-05,W6Y523,성산읍,,
19907,2021-06,W6Y523,성산읍,1544800.0,218.0
19908,2018-01,W6Y524,성산읍,,
19909,2018-02,W6Y524,성산읍,,
19910,2018-03,W6Y524,성산읍,,
19911,2018-04,W6Y524,성산읍,,
19912,2018-05,W6Y524,성산읍,,
19913,2018-06,W6Y524,성산읍,,
19914,2018-07,W6Y524,성산읍,,
19915,2018-08,W6Y524,성산읍,,
19916,2018-09,W6Y524,성산읍,,
19917,2018-10,W6Y524,성산읍,,
19918,2018-11,W6Y524,성산읍,,
19919,2018-12,W6Y524,성산읍,,
19920,2019-01,W6Y524,성산읍,,
19921,2019-02,W6Y524,성산읍,,
19922,2019-03,W6Y524,성산읍,,
19923,2019-04,W6Y524,성산읍,,
19924,2019-05,W6Y524,성산읍,,
19925,2019-06,W6Y524,성산읍,,
19926,2019-07,W6Y524,성산읍,,
19927,2019-08,W6Y524,성산읍,,
19928,2019-09,W6Y524,성산읍,,
19929,2019-10,W6Y524,성산읍,,
19930,2019-11,W6Y524,성산읍,,
19931,2019-12,W6Y524,성산읍,,
19932,2020-01,W6Y524,성산읍,,
19933,2020-02,W6Y524,성산읍,,
19934,2020-03,W6Y524,성산읍,,
19935,2020-04,W6Y524,성산읍,,
19936,2020-05,W6Y524,성산읍,,
19937,2020-06,W6Y524,성산읍,,
19938,2020-07,W6Y524,성산읍,,
19939,2020-08,W6Y524,성산읍,,
19940,2020-09,W6Y524,성산읍,,
19941,2020-10,W6Y524,성산읍,,
19942,2020-11,W6Y524,성산읍,,
19943,2020-12,W6Y524,성산읍,,
19944,2021-01,W6Y524,성산읍,,
19945,2021-02,W6Y524,성산읍,,
19946,2021-03,W6Y524,성산읍,,
19947,2021-04,W6Y524,성산읍,,
19948,2021-05,W6Y524,성산읍,,
19949,2021-06,W6Y524,성산읍,,
19950,2018-01,W6Y525,성산읍,,
19951,2018-02,W6Y525,성산읍,,
19952,2018-03,W6Y525,성산읍,,
19953,2018-04,W6Y525,성산읍,,
19954,2018-05,W6Y525,성산읍,,
19955,2018-06,W6Y525,성산읍,,
19956,2018-07,W6Y525,성산읍,,
19957,2018-08,W6Y525,성산읍,,
19958,2018-09,W6Y525,성산읍,,
19959,2018-10,W6Y525,성산읍,,
19960,2018-11,W6Y525,성산읍,,
19961,2018-12,W6Y525,성산읍,,
19962,2019-01,W6Y525,성산읍,,
19963,2019-02,W6Y525,성산읍,,
19964,2019-03,W6Y525,성산읍,,
19965,2019-04,W6Y525,성산읍,,
19966,2019-05,W6Y525,성산읍,,
19967,2019-06,W6Y525,성산읍,,
19968,2019-07,W6Y525,성산읍,,
19969,2019-08,W6Y525,성산읍,,
19970,2019-09,W6Y525,성산읍,,
19971,2019-10,W6Y525,성산읍,,
19972,2019-11,W6Y525,성산읍,,
19973,2019-12,W6Y525,성산읍,,
19974,2020-01,W6Y525,성산읍,,
19975,2020-02,W6Y525,성산읍,,
19976,2020-03,W6Y525,성산읍,,
19977,2020-04,W6Y525,성산읍,,
19978,2020-05,W6Y525,성산읍,,
19979,2020-06,W6Y525,성산읍,,
19980,2020-07,W6Y525,성산읍,,
19981,2020-08,W6Y525,성산읍,,
19982,2020-09,W6Y525,성산읍,,
19983,2020-10,W6Y525,성산읍,,
19984,2020-11,W6Y525,성산읍,,
19985,2020-12,W6Y525,성산읍,,
19986,2021-01,W6Y525,성산읍,,
19987,2021-02,W6Y525,성산읍,,
19988,2021-03,W6Y525,성산읍,,
19989,2021-04,W6Y525,성산읍,,
19990,2021-05,W6Y525,성산읍,,
19991,2021-06,W6Y525,성산읍,1800450.0,353.0
19992,2018-01,W6Y526,성산읍,,
19993,2018-02,W6Y526,성산읍,,
19994,2018-03,W6Y526,성산읍,,
19995,2018-04,W6Y526,성산읍,,
19996,2018-05,W6Y526,성산읍,,
19997,2018-06,W6Y526,성산읍,,
19998,2018-07,W6Y526,성산읍,,
19999,2018-08,W6Y526,성산읍,,
20000,2018-09,W6Y526,성산읍,,
20001,2018-10,W6Y526,성산읍,,
20002,2018-11,W6Y526,성산읍,,
20003,2018-12,W6Y526,성산읍,,
20004,2019-01,W6Y526,성산읍,,
20005,2019-02,W6Y526,성산읍,,
20006,2019-03,W6Y526,성산읍,,
20007,2019-04,W6Y526,성산읍,,
20008,2019-05,W6Y526,성산읍,,
20009,2019-06,W6Y526,성산읍,,
20010,2019-07,W6Y526,성산읍,,
20011,2019-08,W6Y526,성산읍,,
20012,2019-09,W6Y526,성산읍,,
20013,2019-10,W6Y526,성산읍,,
20014,2019-11,W6Y526,성산읍,,
20015,2019-12,W6Y526,성산읍,,
20016,2020-01,W6Y526,성산읍,,
20017,2020-02,W6Y526,성산읍,,
20018,2020-03,W6Y526,성산읍,,
20019,2020-04,W6Y526,성산읍,,
20020,2020-05,W6Y526,성산읍,,
20021,2020-06,W6Y526,성산읍,,
20022,2020-07,W6Y526,성산읍,,
20023,2020-08,W6Y526,성산읍,,
20024,2020-09,W6Y526,성산읍,,
20025,2020-10,W6Y526,성산읍,,
20026,2020-11,W6Y526,성산읍,,
20027,2020-12,W6Y526,성산읍,,
20028,2021-01,W6Y526,성산읍,,
20029,2021-02,W6Y526,성산읍,,
20030,2021-03,W6Y526,성산읍,,
20031,2021-04,W6Y526,성산읍,,
20032,2021-05,W6Y526,성산읍,,
20033,2021-06,W6Y526,성산읍,370500.0,108.0
20034,2018-01,W6Y528,표선면,269950.0,86.0
20035,2018-02,W6Y528,표선면,,
20036,2018-03,W6Y528,표선면,,
20037,2018-04,W6Y528,표선면,,
20038,2018-05,W6Y528,표선면,,
20039,2018-06,W6Y528,표선면,,
20040,2018-07,W6Y528,표선면,,
20041,2018-08,W6Y528,표선면,,
20042,2018-09,W6Y528,표선면,,
20043,2018-10,W6Y528,표선면,,
20044,2018-11,W6Y528,표선면,,
20045,2018-12,W6Y528,표선면,352900.0,70.0
20046,2019-01,W6Y528,표선면,1586500.0,419.0
20047,2019-02,W6Y528,표선면,1577200.0,450.0
20048,2019-03,W6Y528,표선면,1823150.0,548.0
20049,2019-04,W6Y528,표선면,1701200.0,520.0
20050,2019-05,W6Y528,표선면,2206750.0,652.0
20051,2019-06,W6Y528,표선면,1688100.0,574.0
20052,2019-07,W6Y528,표선면,1896000.0,629.0
20053,2019-08,W6Y528,표선면,1513950.0,588.0
20054,2019-09,W6Y528,표선면,1495150.0,578.0
20055,2019-10,W6Y528,표선면,1371400.0,586.0
20056,2019-11,W6Y528,표선면,2239450.0,690.0
20057,2019-12,W6Y528,표선면,2448600.0,628.0
20058,2020-01,W6Y528,표선면,1870650.0,458.0
20059,2020-02,W6Y528,표선면,2035550.0,551.0
20060,2020-03,W6Y528,표선면,1790150.0,577.0
20061,2020-04,W6Y528,표선면,1542950.0,506.0
20062,2020-05,W6Y528,표선면,1626250.0,593.0
20063,2020-06,W6Y528,표선면,1399800.0,616.0
20064,2020-07,W6Y528,표선면,1010400.0,464.0
20065,2020-08,W6Y528,표선면,918450.0,402.0
20066,2020-09,W6Y528,표선면,842700.0,385.0
20067,2020-10,W6Y528,표선면,614600.0,312.0
20068,2020-11,W6Y528,표선면,706850.0,312.0
20069,2020-12,W6Y528,표선면,768950.0,332.0
20070,2021-01,W6Y528,표선면,779550.0,283.0
20071,2021-02,W6Y528,표선면,932350.0,325.0
20072,2021-03,W6Y528,표선면,947200.0,384.0
20073,2021-04,W6Y528,표선면,,
20074,2021-05,W6Y528,표선면,851400.0,379.0
20075,2021-06,W6Y528,표선면,961200.0,413.0
20076,2018-01,W6Y529,표선면,,
20077,2018-02,W6Y529,표선면,,
20078,2018-03,W6Y529,표선면,,
20079,2018-04,W6Y529,표선면,,
20080,2018-05,W6Y529,표선면,,
20081,2018-06,W6Y529,표선면,,
20082,2018-07,W6Y529,표선면,,
20083,2018-08,W6Y529,표선면,,
20084,2018-09,W6Y529,표선면,,
20085,2018-10,W6Y529,표선면,,
20086,2018-11,W6Y529,표선면,,
20087,2018-12,W6Y529,표선면,2050.0,1.0
20088,2019-01,W6Y529,표선면,204300.0,37.0
20089,2019-02,W6Y529,표선면,590600.0,99.0
20090,2019-03,W6Y529,표선면,1186600.0,141.0
20091,2019-04,W6Y529,표선면,2232500.0,203.0
20092,2019-05,W6Y529,표선면,2352838.0,206.0
20093,2019-06,W6Y529,표선면,1603350.0,169.0
20094,2019-07,W6Y529,표선면,1435750.0,199.0
20095,2019-08,W6Y529,표선면,1967400.0,254.0
20096,2019-09,W6Y529,표선면,1439450.0,160.0
20097,2019-10,W6Y529,표선면,1486850.0,142.0
20098,2019-11,W6Y529,표선면,1765400.0,175.0
20099,2019-12,W6Y529,표선면,1272850.0,133.0
20100,2020-01,W6Y529,표선면,1259950.0,134.0
20101,2020-02,W6Y529,표선면,612000.0,75.0
20102,2020-03,W6Y529,표선면,701800.0,98.0
20103,2020-04,W6Y529,표선면,531900.0,89.0
20104,2020-05,W6Y529,표선면,667400.0,101.0
20105,2020-06,W6Y529,표선면,794500.0,129.0
20106,2020-07,W6Y529,표선면,927800.0,160.0
20107,2020-08,W6Y529,표선면,924800.0,143.0
20108,2020-09,W6Y529,표선면,760900.0,152.0
20109,2020-10,W6Y529,표선면,782200.0,148.0
20110,2020-11,W6Y529,표선면,674350.0,98.0
20111,2020-12,W6Y529,표선면,1687150.0,506.0
20112,2021-01,W6Y529,표선면,1868450.0,476.0
20113,2021-02,W6Y529,표선면,1790450.0,460.0
20114,2021-03,W6Y529,표선면,2180300.0,543.0
20115,2021-04,W6Y529,표선면,,
20116,2021-05,W6Y529,표선면,2163900.0,558.0
20117,2021-06,W6Y529,표선면,1949050.0,508.0
20118,2018-01,W6Y530,표선면,183250.0,21.0
20119,2018-02,W6Y530,표선면,,
20120,2018-03,W6Y530,표선면,,
20121,2018-04,W6Y530,표선면,,
20122,2018-05,W6Y530,표선면,,
20123,2018-06,W6Y530,표선면,,
20124,2018-07,W6Y530,표선면,,
20125,2018-08,W6Y530,표선면,,
20126,2018-09,W6Y530,표선면,,
20127,2018-10,W6Y530,표선면,,
20128,2018-11,W6Y530,표선면,,
20129,2018-12,W6Y530,표선면,167350.0,11.0
20130,2019-01,W6Y530,표선면,972000.0,81.0
20131,2019-02,W6Y530,표선면,812950.0,78.0
20132,2019-03,W6Y530,표선면,1125300.0,115.0
20133,2019-04,W6Y530,표선면,463850.0,100.0
20134,2019-05,W6Y530,표선면,1042250.0,170.0
20135,2019-06,W6Y530,표선면,978350.0,137.0
20136,2019-07,W6Y530,표선면,701400.0,170.0
20137,2019-08,W6Y530,표선면,960950.0,217.0
20138,2019-09,W6Y530,표선면,697750.0,205.0
20139,2019-10,W6Y530,표선면,665250.0,202.0
20140,2019-11,W6Y530,표선면,937350.0,192.0
20141,2019-12,W6Y530,표선면,897250.0,208.0
20142,2020-01,W6Y530,표선면,933750.0,201.0
20143,2020-02,W6Y530,표선면,571250.0,158.0
20144,2020-03,W6Y530,표선면,567300.0,171.0
20145,2020-04,W6Y530,표선면,769550.0,210.0
20146,2020-05,W6Y530,표선면,993200.0,263.0
20147,2020-06,W6Y530,표선면,1110500.0,291.0
20148,2020-07,W6Y530,표선면,959250.0,344.0
20149,2020-08,W6Y530,표선면,1068400.0,344.0
20150,2020-09,W6Y530,표선면,978400.0,278.0
20151,2020-10,W6Y530,표선면,1261650.0,320.0
20152,2020-11,W6Y530,표선면,1089550.0,304.0
20153,2020-12,W6Y530,표선면,1509650.0,300.0
20154,2021-01,W6Y530,표선면,985200.0,217.0
20155,2021-02,W6Y530,표선면,1079250.0,250.0
20156,2021-03,W6Y530,표선면,1907500.0,333.0
20157,2021-04,W6Y530,표선면,,
20158,2021-05,W6Y530,표선면,1040300.0,237.0
20159,2021-06,W6Y530,표선면,,
20160,2018-01,W6Y531,표선면,,
20161,2018-02,W6Y531,표선면,,
20162,2018-03,W6Y531,표선면,,
20163,2018-04,W6Y531,표선면,,
20164,2018-05,W6Y531,표선면,,
20165,2018-06,W6Y531,표선면,,
20166,2018-07,W6Y531,표선면,,
20167,2018-08,W6Y531,표선면,,
20168,2018-09,W6Y531,표선면,,
20169,2018-10,W6Y531,표선면,,
20170,2018-11,W6Y531,표선면,,
20171,2018-12,W6Y531,표선면,,
20172,2019-01,W6Y531,표선면,3600.0,3.0
20173,2019-02,W6Y531,표선면,22650.0,12.0
20174,2019-03,W6Y531,표선면,33400.0,15.0
20175,2019-04,W6Y531,표선면,59900.0,27.0
20176,2019-05,W6Y531,표선면,42900.0,18.0
20177,2019-06,W6Y531,표선면,16050.0,7.0
20178,2019-07,W6Y531,표선면,44450.0,23.0
20179,2019-08,W6Y531,표선면,83050.0,44.0
20180,2019-09,W6Y531,표선면,64150.0,30.0
20181,2019-10,W6Y531,표선면,65850.0,30.0
20182,2019-11,W6Y531,표선면,120600.0,31.0
20183,2019-12,W6Y531,표선면,81600.0,30.0
20184,2020-01,W6Y531,표선면,130650.0,45.0
20185,2020-02,W6Y531,표선면,111050.0,36.0
20186,2020-03,W6Y531,표선면,108950.0,41.0
20187,2020-04,W6Y531,표선면,115400.0,41.0
20188,2020-05,W6Y531,표선면,153350.0,58.0
20189,2020-06,W6Y531,표선면,116650.0,43.0
20190,2020-07,W6Y531,표선면,146300.0,71.0
20191,2020-08,W6Y531,표선면,21900.0,13.0
20192,2020-09,W6Y531,표선면,28000.0,12.0
20193,2020-10,W6Y531,표선면,30850.0,17.0
20194,2020-11,W6Y531,표선면,38600.0,21.0
20195,2020-12,W6Y531,표선면,183400.0,68.0
20196,2021-01,W6Y531,표선면,221600.0,47.0
20197,2021-02,W6Y531,표선면,227200.0,66.0
20198,2021-03,W6Y531,표선면,260950.0,80.0
20199,2021-04,W6Y531,표선면,,
20200,2021-05,W6Y531,표선면,307850.0,93.0
20201,2021-06,W6Y531,표선면,278100.0,103.0
20202,2018-01,W6Y532,표선면,,
20203,2018-02,W6Y532,표선면,,
20204,2018-03,W6Y532,표선면,,
20205,2018-04,W6Y532,표선면,,
20206,2018-05,W6Y532,표선면,,
20207,2018-06,W6Y532,표선면,,
20208,2018-07,W6Y532,표선면,,
20209,2018-08,W6Y532,표선면,,
20210,2018-09,W6Y532,표선면,,
20211,2018-10,W6Y532,표선면,,
20212,2018-11,W6Y532,표선면,,
20213,2018-12,W6Y532,표선면,1350.0,1.0
20214,2019-01,W6Y532,표선면,29700.0,19.0
20215,2019-02,W6Y532,표선면,12950.0,6.0
20216,2019-03,W6Y532,표선면,,
20217,2019-04,W6Y532,표선면,1550.0,1.0
20218,2019-05,W6Y532,표선면,31400.0,22.0
20219,2019-06,W6Y532,표선면,41150.0,23.0
20220,2019-07,W6Y532,표선면,53900.0,40.0
20221,2019-08,W6Y532,표선면,100750.0,62.0
20222,2019-09,W6Y532,표선면,46000.0,26.0
20223,2019-10,W6Y532,표선면,31250.0,22.0
20224,2019-11,W6Y532,표선면,30050.0,21.0
20225,2019-12,W6Y532,표선면,25600.0,16.0
20226,2020-01,W6Y532,표선면,33150.0,17.0
20227,2020-02,W6Y532,표선면,26500.0,14.0
20228,2020-03,W6Y532,표선면,29100.0,18.0
20229,2020-04,W6Y532,표선면,18200.0,22.0
20230,2020-05,W6Y532,표선면,37000.0,25.0
20231,2020-06,W6Y532,표선면,41850.0,28.0
20232,2020-07,W6Y532,표선면,58350.0,41.0
20233,2020-08,W6Y532,표선면,107050.0,71.0
20234,2020-09,W6Y532,표선면,56950.0,49.0
20235,2020-10,W6Y532,표선면,65800.0,44.0
20236,2020-11,W6Y532,표선면,31900.0,27.0
20237,2020-12,W6Y532,표선면,20350.0,16.0
20238,2021-01,W6Y532,표선면,24950.0,19.0
20239,2021-02,W6Y532,표선면,32350.0,29.0
20240,2021-03,W6Y532,표선면,50300.0,49.0
20241,2021-04,W6Y532,표선면,,
20242,2021-05,W6Y532,표선면,104650.0,82.0
20243,2021-06,W6Y532,표선면,90700.0,56.0
20244,2018-01,W6Y533,표선면,49650.0,16.0
20245,2018-02,W6Y533,표선면,,
20246,2018-03,W6Y533,표선면,,
20247,2018-04,W6Y533,표선면,,
20248,2018-05,W6Y533,표선면,,
20249,2018-06,W6Y533,표선면,,
20250,2018-07,W6Y533,표선면,,
20251,2018-08,W6Y533,표선면,,
20252,2018-09,W6Y533,표선면,,
20253,2018-10,W6Y533,표선면,,
20254,2018-11,W6Y533,표선면,,
20255,2018-12,W6Y533,표선면,334200.0,100.0
20256,2019-01,W6Y533,표선면,964050.0,281.0
20257,2019-02,W6Y533,표선면,990850.0,277.0
20258,2019-03,W6Y533,표선면,1003800.0,314.0
20259,2019-04,W6Y533,표선면,1345650.0,349.0
20260,2019-05,W6Y533,표선면,1033250.0,349.0
20261,2019-06,W6Y533,표선면,766850.0,254.0
20262,2019-07,W6Y533,표선면,823150.0,304.0
20263,2019-08,W6Y533,표선면,829950.0,313.0
20264,2019-09,W6Y533,표선면,994800.0,312.0
20265,2019-10,W6Y533,표선면,953800.0,314.0
20266,2019-11,W6Y533,표선면,840550.0,239.0
20267,2019-12,W6Y533,표선면,899150.0,259.0
20268,2020-01,W6Y533,표선면,854250.0,255.0
20269,2020-02,W6Y533,표선면,908000.0,289.0
20270,2020-03,W6Y533,표선면,1040800.0,318.0
20271,2020-04,W6Y533,표선면,856550.0,300.0
20272,2020-05,W6Y533,표선면,745550.0,332.0
20273,2020-06,W6Y533,표선면,856050.0,373.0
20274,2020-07,W6Y533,표선면,951250.0,429.0
20275,2020-08,W6Y533,표선면,973050.0,402.0
20276,2020-09,W6Y533,표선면,849350.0,424.0
20277,2020-10,W6Y533,표선면,111300.0,57.0
20278,2020-11,W6Y533,표선면,,
20279,2020-12,W6Y533,표선면,,
20280,2021-01,W6Y533,표선면,,
20281,2021-02,W6Y533,표선면,,
20282,2021-03,W6Y533,표선면,,
20283,2021-04,W6Y533,표선면,,
20284,2021-05,W6Y533,표선면,,
20285,2021-06,W6Y533,표선면,,
20286,2018-01,W6Y534,표선면,,
20287,2018-02,W6Y534,표선면,,
20288,2018-03,W6Y534,표선면,,
20289,2018-04,W6Y534,표선면,,
20290,2018-05,W6Y534,표선면,,
20291,2018-06,W6Y534,표선면,,
20292,2018-07,W6Y534,표선면,,
20293,2018-08,W6Y534,표선면,,
20294,2018-09,W6Y534,표선면,,
20295,2018-10,W6Y534,표선면,,
20296,2018-11,W6Y534,표선면,,
20297,2018-12,W6Y534,표선면,108200.0,45.0
20298,2019-01,W6Y534,표선면,487100.0,166.0
20299,2019-02,W6Y534,표선면,583450.0,204.0
20300,2019-03,W6Y534,표선면,504150.0,207.0
20301,2019-04,W6Y534,표선면,625600.0,224.0
20302,2019-05,W6Y534,표선면,450600.0,188.0
20303,2019-06,W6Y534,표선면,378300.0,170.0
20304,2019-07,W6Y534,표선면,541650.0,242.0
20305,2019-08,W6Y534,표선면,809800.0,306.0
20306,2019-09,W6Y534,표선면,873750.0,285.0
20307,2019-10,W6Y534,표선면,662750.0,280.0
20308,2019-11,W6Y534,표선면,663050.0,249.0
20309,2019-12,W6Y534,표선면,662100.0,229.0
20310,2020-01,W6Y534,표선면,800000.0,235.0
20311,2020-02,W6Y534,표선면,601200.0,240.0
20312,2020-03,W6Y534,표선면,745600.0,277.0
20313,2020-04,W6Y534,표선면,910900.0,294.0
20314,2020-05,W6Y534,표선면,774650.0,314.0
20315,2020-06,W6Y534,표선면,1009250.0,366.0
20316,2020-07,W6Y534,표선면,761950.0,314.0
20317,2020-08,W6Y534,표선면,2058300.0,849.0
20318,2020-09,W6Y534,표선면,1697350.0,699.0
20319,2020-10,W6Y534,표선면,1671350.0,706.0
20320,2020-11,W6Y534,표선면,1546700.0,607.0
20321,2020-12,W6Y534,표선면,2250950.0,872.0
20322,2021-01,W6Y534,표선면,2053000.0,825.0
20323,2021-02,W6Y534,표선면,2016000.0,857.0
20324,2021-03,W6Y534,표선면,2278050.0,976.0
20325,2021-04,W6Y534,표선면,,
20326,2021-05,W6Y534,표선면,2157400.0,1059.0
20327,2021-06,W6Y534,표선면,2332200.0,1213.0
20328,2018-01,W6Y535,표선면,,
20329,2018-02,W6Y535,표선면,,
20330,2018-03,W6Y535,표선면,,
20331,2018-04,W6Y535,표선면,,
20332,2018-05,W6Y535,표선면,,
20333,2018-06,W6Y535,표선면,,
20334,2018-07,W6Y535,표선면,,
20335,2018-08,W6Y535,표선면,,
20336,2018-09,W6Y535,표선면,,
20337,2018-10,W6Y535,표선면,,
20338,2018-11,W6Y535,표선면,,
20339,2018-12,W6Y535,표선면,160950.0,7.0
20340,2019-01,W6Y535,표선면,9300.0,9.0
20341,2019-02,W6Y535,표선면,51800.0,21.0
20342,2019-03,W6Y535,표선면,204800.0,38.0
20343,2019-04,W6Y535,표선면,101900.0,36.0
20344,2019-05,W6Y535,표선면,147750.0,52.0
20345,2019-06,W6Y535,표선면,297100.0,68.0
20346,2019-07,W6Y535,표선면,120350.0,61.0
20347,2019-08,W6Y535,표선면,144300.0,64.0
20348,2019-09,W6Y535,표선면,107700.0,49.0
20349,2019-10,W6Y535,표선면,170400.0,41.0
20350,2019-11,W6Y535,표선면,108050.0,39.0
20351,2019-12,W6Y535,표선면,83850.0,32.0
20352,2020-01,W6Y535,표선면,203950.0,80.0
20353,2020-02,W6Y535,표선면,277600.0,99.0
20354,2020-03,W6Y535,표선면,312000.0,117.0
20355,2020-04,W6Y535,표선면,430750.0,112.0
20356,2020-05,W6Y535,표선면,562650.0,163.0
20357,2020-06,W6Y535,표선면,642900.0,177.0
20358,2020-07,W6Y535,표선면,642300.0,199.0
20359,2020-08,W6Y535,표선면,503600.0,146.0
20360,2020-09,W6Y535,표선면,619350.0,176.0
20361,2020-10,W6Y535,표선면,611350.0,187.0
20362,2020-11,W6Y535,표선면,835850.0,181.0
20363,2020-12,W6Y535,표선면,680750.0,176.0
20364,2021-01,W6Y535,표선면,634150.0,136.0
20365,2021-02,W6Y535,표선면,541350.0,146.0
20366,2021-03,W6Y535,표선면,610650.0,157.0
20367,2021-04,W6Y535,표선면,,
20368,2021-05,W6Y535,표선면,731600.0,211.0
20369,2021-06,W6Y535,표선면,950050.0,235.0
20370,2018-01,W6Y536,표선면,,
20371,2018-02,W6Y536,표선면,,
20372,2018-03,W6Y536,표선면,,
20373,2018-04,W6Y536,표선면,,
20374,2018-05,W6Y536,표선면,,
20375,2018-06,W6Y536,표선면,,
20376,2018-07,W6Y536,표선면,,
20377,2018-08,W6Y536,표선면,,
20378,2018-09,W6Y536,표선면,,
20379,2018-10,W6Y536,표선면,,
20380,2018-11,W6Y536,표선면,,
20381,2018-12,W6Y536,표선면,,
20382,2019-01,W6Y536,표선면,52400.0,14.0
20383,2019-02,W6Y536,표선면,26000.0,12.0
20384,2019-03,W6Y536,표선면,35100.0,12.0
20385,2019-04,W6Y536,표선면,28700.0,10.0
20386,2019-05,W6Y536,표선면,31600.0,14.0
20387,2019-06,W6Y536,표선면,25650.0,16.0
20388,2019-07,W6Y536,표선면,60150.0,31.0
20389,2019-08,W6Y536,표선면,29350.0,15.0
20390,2019-09,W6Y536,표선면,67600.0,19.0
20391,2019-10,W6Y536,표선면,27050.0,19.0
20392,2019-11,W6Y536,표선면,86850.0,9.0
20393,2019-12,W6Y536,표선면,49200.0,10.0
20394,2020-01,W6Y536,표선면,75600.0,20.0
20395,2020-02,W6Y536,표선면,93200.0,19.0
20396,2020-03,W6Y536,표선면,101250.0,21.0
20397,2020-04,W6Y536,표선면,92600.0,19.0
20398,2020-05,W6Y536,표선면,93900.0,33.0
20399,2020-06,W6Y536,표선면,77250.0,35.0
20400,2020-07,W6Y536,표선면,111400.0,38.0
20401,2020-08,W6Y536,표선면,49700.0,24.0
20402,2020-09,W6Y536,표선면,81600.0,34.0
20403,2020-10,W6Y536,표선면,97500.0,40.0
20404,2020-11,W6Y536,표선면,117400.0,29.0
20405,2020-12,W6Y536,표선면,188850.0,43.0
20406,2021-01,W6Y536,표선면,107050.0,27.0
20407,2021-02,W6Y536,표선면,64300.0,22.0
20408,2021-03,W6Y536,표선면,117250.0,34.0
20409,2021-04,W6Y536,표선면,,
20410,2021-05,W6Y536,표선면,132200.0,38.0
20411,2021-06,W6Y536,표선면,156900.0,54.0
20412,2018-01,W6Y537,표선면,,
20413,2018-02,W6Y537,표선면,,
20414,2018-03,W6Y537,표선면,,
20415,2018-04,W6Y537,표선면,,
20416,2018-05,W6Y537,표선면,,
20417,2018-06,W6Y537,표선면,,
20418,2018-07,W6Y537,표선면,,
20419,2018-08,W6Y537,표선면,,
20420,2018-09,W6Y537,표선면,,
20421,2018-10,W6Y537,표선면,,
20422,2018-11,W6Y537,표선면,,
20423,2018-12,W6Y537,표선면,,
20424,2019-01,W6Y537,표선면,21050.0,6.0
20425,2019-02,W6Y537,표선면,,
20426,2019-03,W6Y537,표선면,,
20427,2019-04,W6Y537,표선면,3400.0,1.0
20428,2019-05,W6Y537,표선면,4450.0,4.0
20429,2019-06,W6Y537,표선면,2000.0,3.0
20430,2019-07,W6Y537,표선면,13650.0,6.0
20431,2019-08,W6Y537,표선면,21550.0,11.0
20432,2019-09,W6Y537,표선면,47650.0,9.0
20433,2019-10,W6Y537,표선면,600.0,1.0
20434,2019-11,W6Y537,표선면,11100.0,5.0
20435,2019-12,W6Y537,표선면,1250.0,5.0
20436,2020-01,W6Y537,표선면,11550.0,5.0
20437,2020-02,W6Y537,표선면,27000.0,7.0
20438,2020-03,W6Y537,표선면,16300.0,9.0
20439,2020-04,W6Y537,표선면,2550.0,3.0
20440,2020-05,W6Y537,표선면,36750.0,21.0
20441,2020-06,W6Y537,표선면,43500.0,31.0
20442,2020-07,W6Y537,표선면,44050.0,23.0
20443,2020-08,W6Y537,표선면,25150.0,20.0
20444,2020-09,W6Y537,표선면,33950.0,21.0
20445,2020-10,W6Y537,표선면,43750.0,22.0
20446,2020-11,W6Y537,표선면,28050.0,22.0
20447,2020-12,W6Y537,표선면,17550.0,19.0
20448,2021-01,W6Y537,표선면,57450.0,13.0
20449,2021-02,W6Y537,표선면,34200.0,22.0
20450,2021-03,W6Y537,표선면,20800.0,23.0
20451,2021-04,W6Y537,표선면,,
20452,2021-05,W6Y537,표선면,22300.0,23.0
20453,2021-06,W6Y537,표선면,74800.0,43.0
20454,2018-01,W6Y538,표선면,,
20455,2018-02,W6Y538,표선면,,
20456,2018-03,W6Y538,표선면,,
20457,2018-04,W6Y538,표선면,,
20458,2018-05,W6Y538,표선면,,
20459,2018-06,W6Y538,표선면,,
20460,2018-07,W6Y538,표선면,,
20461,2018-08,W6Y538,표선면,,
20462,2018-09,W6Y538,표선면,,
20463,2018-10,W6Y538,표선면,,
20464,2018-11,W6Y538,표선면,,
20465,2018-12,W6Y538,표선면,,
20466,2019-01,W6Y538,표선면,52100.0,14.0
20467,2019-02,W6Y538,표선면,126500.0,17.0
20468,2019-03,W6Y538,표선면,54900.0,9.0
20469,2019-04,W6Y538,표선면,68250.0,18.0
20470,2019-05,W6Y538,표선면,243200.0,39.0
20471,2019-06,W6Y538,표선면,314000.0,40.0
20472,2019-07,W6Y538,표선면,281000.0,53.0
20473,2019-08,W6Y538,표선면,190150.0,58.0
20474,2019-09,W6Y538,표선면,145650.0,31.0
20475,2019-10,W6Y538,표선면,122350.0,38.0
20476,2019-11,W6Y538,표선면,69000.0,32.0
20477,2019-12,W6Y538,표선면,118450.0,43.0
20478,2020-01,W6Y538,표선면,48900.0,20.0
20479,2020-02,W6Y538,표선면,110000.0,30.0
20480,2020-03,W6Y538,표선면,117400.0,45.0
20481,2020-04,W6Y538,표선면,92800.0,38.0
20482,2020-05,W6Y538,표선면,108550.0,41.0
20483,2020-06,W6Y538,표선면,147100.0,54.0
20484,2020-07,W6Y538,표선면,151650.0,51.0
20485,2020-08,W6Y538,표선면,85150.0,38.0
20486,2020-09,W6Y538,표선면,155350.0,55.0
20487,2020-10,W6Y538,표선면,178600.0,62.0
20488,2020-11,W6Y538,표선면,147700.0,62.0
20489,2020-12,W6Y538,표선면,147800.0,63.0
20490,2021-01,W6Y538,표선면,108850.0,41.0
20491,2021-02,W6Y538,표선면,163900.0,57.0
20492,2021-03,W6Y538,표선면,145950.0,57.0
20493,2021-04,W6Y538,표선면,,
20494,2021-05,W6Y538,표선면,107650.0,61.0
20495,2021-06,W6Y538,표선면,162550.0,99.0
20496,2018-01,W6Y539,표선면,40000.0,10.0
20497,2018-02,W6Y539,표선면,,
20498,2018-03,W6Y539,표선면,,
20499,2018-04,W6Y539,표선면,,
20500,2018-05,W6Y539,표선면,,
20501,2018-06,W6Y539,표선면,,
20502,2018-07,W6Y539,표선면,,
20503,2018-08,W6Y539,표선면,,
20504,2018-09,W6Y539,표선면,,
20505,2018-10,W6Y539,표선면,,
20506,2018-11,W6Y539,표선면,,
20507,2018-12,W6Y539,표선면,27850.0,5.0
20508,2019-01,W6Y539,표선면,165100.0,32.0
20509,2019-02,W6Y539,표선면,106500.0,25.0
20510,2019-03,W6Y539,표선면,129100.0,38.0
20511,2019-04,W6Y539,표선면,112600.0,44.0
20512,2019-05,W6Y539,표선면,138700.0,48.0
20513,2019-06,W6Y539,표선면,421200.0,89.0
20514,2019-07,W6Y539,표선면,381250.0,110.0
20515,2019-08,W6Y539,표선면,370150.0,99.0
20516,2019-09,W6Y539,표선면,237150.0,68.0
20517,2019-10,W6Y539,표선면,277950.0,85.0
20518,2019-11,W6Y539,표선면,333900.0,94.0
20519,2019-12,W6Y539,표선면,368900.0,96.0
20520,2020-01,W6Y539,표선면,253850.0,62.0
20521,2020-02,W6Y539,표선면,238950.0,53.0
20522,2020-03,W6Y539,표선면,197350.0,72.0
20523,2020-04,W6Y539,표선면,198200.0,59.0
20524,2020-05,W6Y539,표선면,224650.0,78.0
20525,2020-06,W6Y539,표선면,289650.0,92.0
20526,2020-07,W6Y539,표선면,218950.0,86.0
20527,2020-08,W6Y539,표선면,382900.0,164.0
20528,2020-09,W6Y539,표선면,211300.0,85.0
20529,2020-10,W6Y539,표선면,221950.0,50.0
20530,2020-11,W6Y539,표선면,221900.0,48.0
20531,2020-12,W6Y539,표선면,96950.0,46.0
20532,2021-01,W6Y539,표선면,256350.0,40.0
20533,2021-02,W6Y539,표선면,265850.0,44.0
20534,2021-03,W6Y539,표선면,268500.0,55.0
20535,2021-04,W6Y539,표선면,,
20536,2021-05,W6Y539,표선면,285000.0,86.0
20537,2021-06,W6Y539,표선면,235000.0,68.0
20538,2018-01,W6Y540,표선면,,
20539,2018-02,W6Y540,표선면,,
20540,2018-03,W6Y540,표선면,,
20541,2018-04,W6Y540,표선면,,
20542,2018-05,W6Y540,표선면,,
20543,2018-06,W6Y540,표선면,,
20544,2018-07,W6Y540,표선면,,
20545,2018-08,W6Y540,표선면,,
20546,2018-09,W6Y540,표선면,,
20547,2018-10,W6Y540,표선면,,
20548,2018-11,W6Y540,표선면,,
20549,2018-12,W6Y540,표선면,21250.0,4.0
20550,2019-01,W6Y540,표선면,84800.0,14.0
20551,2019-02,W6Y540,표선면,101000.0,24.0
20552,2019-03,W6Y540,표선면,140150.0,37.0
20553,2019-04,W6Y540,표선면,148500.0,51.0
20554,2019-05,W6Y540,표선면,220250.0,63.0
20555,2019-06,W6Y540,표선면,4600.0,4.0
20556,2019-07,W6Y540,표선면,54650.0,22.0
20557,2019-08,W6Y540,표선면,29000.0,23.0
20558,2019-09,W6Y540,표선면,16050.0,22.0
20559,2019-10,W6Y540,표선면,44050.0,31.0
20560,2019-11,W6Y540,표선면,42000.0,25.0
20561,2019-12,W6Y540,표선면,35000.0,25.0
20562,2020-01,W6Y540,표선면,37650.0,26.0
20563,2020-02,W6Y540,표선면,66450.0,33.0
20564,2020-03,W6Y540,표선면,205250.0,60.0
20565,2020-04,W6Y540,표선면,208150.0,60.0
20566,2020-05,W6Y540,표선면,232850.0,68.0
20567,2020-06,W6Y540,표선면,299350.0,107.0
20568,2020-07,W6Y540,표선면,305650.0,110.0
20569,2020-08,W6Y540,표선면,273450.0,81.0
20570,2020-09,W6Y540,표선면,446700.0,110.0
20571,2020-10,W6Y540,표선면,365750.0,112.0
20572,2020-11,W6Y540,표선면,366100.0,90.0
20573,2020-12,W6Y540,표선면,433750.0,108.0
20574,2021-01,W6Y540,표선면,415000.0,99.0
20575,2021-02,W6Y540,표선면,362350.0,99.0
20576,2021-03,W6Y540,표선면,344250.0,100.0
20577,2021-04,W6Y540,표선면,,
20578,2021-05,W6Y540,표선면,529500.0,130.0
20579,2021-06,W6Y540,표선면,329050.0,94.0
20580,2018-01,W6Y541,표선면,,
20581,2018-02,W6Y541,표선면,,
20582,2018-03,W6Y541,표선면,,
20583,2018-04,W6Y541,표선면,,
20584,2018-05,W6Y541,표선면,,
20585,2018-06,W6Y541,표선면,,
20586,2018-07,W6Y541,표선면,,
20587,2018-08,W6Y541,표선면,,
20588,2018-09,W6Y541,표선면,,
20589,2018-10,W6Y541,표선면,,
20590,2018-11,W6Y541,표선면,,
20591,2018-12,W6Y541,표선면,1200.0,3.0
20592,2019-01,W6Y541,표선면,45350.0,15.0
20593,2019-02,W6Y541,표선면,77100.0,23.0
20594,2019-03,W6Y541,표선면,71700.0,19.0
20595,2019-04,W6Y541,표선면,48400.0,18.0
20596,2019-05,W6Y541,표선면,57650.0,21.0
20597,2019-06,W6Y541,표선면,58450.0,21.0
20598,2019-07,W6Y541,표선면,71950.0,27.0
20599,2019-08,W6Y541,표선면,18700.0,9.0
20600,2019-09,W6Y541,표선면,20350.0,6.0
20601,2019-10,W6Y541,표선면,10900.0,6.0
20602,2019-11,W6Y541,표선면,9550.0,6.0
20603,2019-12,W6Y541,표선면,47050.0,10.0
20604,2020-01,W6Y541,표선면,17750.0,7.0
20605,2020-02,W6Y541,표선면,2150.0,3.0
20606,2020-03,W6Y541,표선면,10750.0,6.0
20607,2020-04,W6Y541,표선면,29050.0,10.0
20608,2020-05,W6Y541,표선면,34600.0,13.0
20609,2020-06,W6Y541,표선면,54550.0,25.0
20610,2020-07,W6Y541,표선면,31150.0,21.0
20611,2020-08,W6Y541,표선면,12750.0,15.0
20612,2020-09,W6Y541,표선면,32800.0,20.0
20613,2020-10,W6Y541,표선면,30450.0,21.0
20614,2020-11,W6Y541,표선면,105050.0,23.0
20615,2020-12,W6Y541,표선면,187750.0,48.0
20616,2021-01,W6Y541,표선면,178750.0,31.0
20617,2021-02,W6Y541,표선면,173900.0,35.0
20618,2021-03,W6Y541,표선면,150650.0,40.0
20619,2021-04,W6Y541,표선면,,
20620,2021-05,W6Y541,표선면,184200.0,56.0
20621,2021-06,W6Y541,표선면,112000.0,37.0
20622,2018-01,W6Y542,표선면,,
20623,2018-02,W6Y542,표선면,,
20624,2018-03,W6Y542,표선면,,
20625,2018-04,W6Y542,표선면,,
20626,2018-05,W6Y542,표선면,,
20627,2018-06,W6Y542,표선면,,
20628,2018-07,W6Y542,표선면,,
20629,2018-08,W6Y542,표선면,,
20630,2018-09,W6Y542,표선면,,
20631,2018-10,W6Y542,표선면,,
20632,2018-11,W6Y542,표선면,,
20633,2018-12,W6Y542,표선면,3450.0,2.0
20634,2019-01,W6Y542,표선면,91700.0,40.0
20635,2019-02,W6Y542,표선면,225000.0,73.0
20636,2019-03,W6Y542,표선면,193400.0,79.0
20637,2019-04,W6Y542,표선면,310250.0,98.0
20638,2019-05,W6Y542,표선면,370700.0,114.0
20639,2019-06,W6Y542,표선면,399550.0,136.0
20640,2019-07,W6Y542,표선면,421550.0,141.0
20641,2019-08,W6Y542,표선면,281950.0,95.0
20642,2019-09,W6Y542,표선면,110150.0,48.0
20643,2019-10,W6Y542,표선면,152350.0,65.0
20644,2019-11,W6Y542,표선면,68400.0,33.0
20645,2019-12,W6Y542,표선면,110600.0,42.0
20646,2020-01,W6Y542,표선면,133500.0,47.0
20647,2020-02,W6Y542,표선면,36200.0,34.0
20648,2020-03,W6Y542,표선면,98350.0,54.0
20649,2020-04,W6Y542,표선면,98800.0,70.0
20650,2020-05,W6Y542,표선면,155100.0,75.0
20651,2020-06,W6Y542,표선면,134200.0,62.0
20652,2020-07,W6Y542,표선면,126000.0,66.0
20653,2020-08,W6Y542,표선면,81700.0,49.0
20654,2020-09,W6Y542,표선면,47650.0,38.0
20655,2020-10,W6Y542,표선면,99650.0,58.0
20656,2020-11,W6Y542,표선면,78200.0,54.0
20657,2020-12,W6Y542,표선면,108850.0,49.0
20658,2021-01,W6Y542,표선면,117600.0,52.0
20659,2021-02,W6Y542,표선면,60550.0,45.0
20660,2021-03,W6Y542,표선면,62300.0,49.0
20661,2021-04,W6Y542,표선면,,
20662,2021-05,W6Y542,표선면,105600.0,65.0
20663,2021-06,W6Y542,표선면,108850.0,63.0
20664,2018-01,W6Y543,표선면,105300.0,7.0
20665,2018-02,W6Y543,표선면,,
20666,2018-03,W6Y543,표선면,,
20667,2018-04,W6Y543,표선면,,
20668,2018-05,W6Y543,표선면,,
20669,2018-06,W6Y543,표선면,,
20670,2018-07,W6Y543,표선면,,
20671,2018-08,W6Y543,표선면,,
20672,2018-09,W6Y543,표선면,,
20673,2018-10,W6Y543,표선면,,
20674,2018-11,W6Y543,표선면,,
20675,2018-12,W6Y543,표선면,42250.0,4.0
20676,2019-01,W6Y543,표선면,297000.0,26.0
20677,2019-02,W6Y543,표선면,304250.0,27.0
20678,2019-03,W6Y543,표선면,418050.0,41.0
20679,2019-04,W6Y543,표선면,444550.0,57.0
20680,2019-05,W6Y543,표선면,491750.0,83.0
20681,2019-06,W6Y543,표선면,771400.0,115.0
20682,2019-07,W6Y543,표선면,892000.0,120.0
20683,2019-08,W6Y543,표선면,978600.0,115.0
20684,2019-09,W6Y543,표선면,606700.0,70.0
20685,2019-10,W6Y543,표선면,715250.0,85.0
20686,2019-11,W6Y543,표선면,569100.0,64.0
20687,2019-12,W6Y543,표선면,581600.0,67.0
20688,2020-01,W6Y543,표선면,586750.0,75.0
20689,2020-02,W6Y543,표선면,467950.0,82.0
20690,2020-03,W6Y543,표선면,579150.0,71.0
20691,2020-04,W6Y543,표선면,441600.0,69.0
20692,2020-05,W6Y543,표선면,695250.0,125.0
20693,2020-06,W6Y543,표선면,709900.0,112.0
20694,2020-07,W6Y543,표선면,945500.0,134.0
20695,2020-08,W6Y543,표선면,961650.0,112.0
20696,2020-09,W6Y543,표선면,862950.0,109.0
20697,2020-10,W6Y543,표선면,1327100.0,116.0
20698,2020-11,W6Y543,표선면,1218950.0,112.0
20699,2020-12,W6Y543,표선면,893300.0,106.0
20700,2021-01,W6Y543,표선면,690500.0,62.0
20701,2021-02,W6Y543,표선면,529150.0,50.0
20702,2021-03,W6Y543,표선면,515450.0,50.0
20703,2021-04,W6Y543,표선면,,
20704,2021-05,W6Y543,표선면,338250.0,46.0
20705,2021-06,W6Y543,표선면,169800.0,37.0
20706,2018-01,W6Y544,표선면,76900.0,13.0
20707,2018-02,W6Y544,표선면,,
20708,2018-03,W6Y544,표선면,,
20709,2018-04,W6Y544,표선면,,
20710,2018-05,W6Y544,표선면,,
20711,2018-06,W6Y544,표선면,,
20712,2018-07,W6Y544,표선면,,
20713,2018-08,W6Y544,표선면,,
20714,2018-09,W6Y544,표선면,,
20715,2018-10,W6Y544,표선면,,
20716,2018-11,W6Y544,표선면,,
20717,2018-12,W6Y544,표선면,64950.0,9.0
20718,2019-01,W6Y544,표선면,415800.0,67.0
20719,2019-02,W6Y544,표선면,385750.0,73.0
20720,2019-03,W6Y544,표선면,890050.0,103.0
20721,2019-04,W6Y544,표선면,1179450.0,140.0
20722,2019-05,W6Y544,표선면,1248300.0,178.0
20723,2019-06,W6Y544,표선면,1175450.0,210.0
20724,2019-07,W6Y544,표선면,1229750.0,270.0
20725,2019-08,W6Y544,표선면,1870250.0,292.0
20726,2019-09,W6Y544,표선면,840650.0,149.0
20727,2019-10,W6Y544,표선면,877550.0,150.0
20728,2019-11,W6Y544,표선면,1255350.0,155.0
20729,2019-12,W6Y544,표선면,1214650.0,143.0
20730,2020-01,W6Y544,표선면,1130050.0,135.0
20731,2020-02,W6Y544,표선면,1000550.0,148.0
20732,2020-03,W6Y544,표선면,1087550.0,164.0
20733,2020-04,W6Y544,표선면,883000.0,99.0
20734,2020-05,W6Y544,표선면,1088300.0,162.0
20735,2020-06,W6Y544,표선면,1228050.0,167.0
20736,2020-07,W6Y544,표선면,450850.0,59.0
20737,2020-08,W6Y544,표선면,,
20738,2020-09,W6Y544,표선면,,
20739,2020-10,W6Y544,표선면,,
20740,2020-11,W6Y544,표선면,,
20741,2020-12,W6Y544,표선면,,
20742,2021-01,W6Y544,표선면,,
20743,2021-02,W6Y544,표선면,,
20744,2021-03,W6Y544,표선면,,
20745,2021-04,W6Y544,표선면,,
20746,2021-05,W6Y544,표선면,,
20747,2021-06,W6Y544,표선면,,
20748,2018-01,W6Y545,표선면,94950.0,34.0
20749,2018-02,W6Y545,표선면,,
20750,2018-03,W6Y545,표선면,,
20751,2018-04,W6Y545,표선면,,
20752,2018-05,W6Y545,표선면,,
20753,2018-06,W6Y545,표선면,,
20754,2018-07,W6Y545,표선면,,
20755,2018-08,W6Y545,표선면,,
20756,2018-09,W6Y545,표선면,,
20757,2018-10,W6Y545,표선면,,
20758,2018-11,W6Y545,표선면,,
20759,2018-12,W6Y545,표선면,22700.0,7.0
20760,2019-01,W6Y545,표선면,540950.0,134.0
20761,2019-02,W6Y545,표선면,669100.0,149.0
20762,2019-03,W6Y545,표선면,524100.0,136.0
20763,2019-04,W6Y545,표선면,705300.0,188.0
20764,2019-05,W6Y545,표선면,520050.0,189.0
20765,2019-06,W6Y545,표선면,550050.0,217.0
20766,2019-07,W6Y545,표선면,611400.0,247.0
20767,2019-08,W6Y545,표선면,787400.0,252.0
20768,2019-09,W6Y545,표선면,989850.0,257.0
20769,2019-10,W6Y545,표선면,990650.0,271.0
20770,2019-11,W6Y545,표선면,924350.0,247.0
20771,2019-12,W6Y545,표선면,1095600.0,287.0
20772,2020-01,W6Y545,표선면,890150.0,214.0
20773,2020-02,W6Y545,표선면,866400.0,222.0
20774,2020-03,W6Y545,표선면,724450.0,241.0
20775,2020-04,W6Y545,표선면,798150.0,272.0
20776,2020-05,W6Y545,표선면,1089500.0,342.0
20777,2020-06,W6Y545,표선면,1192950.0,377.0
20778,2020-07,W6Y545,표선면,1277750.0,403.0
20779,2020-08,W6Y545,표선면,1122850.0,364.0
20780,2020-09,W6Y545,표선면,1211900.0,349.0
20781,2020-10,W6Y545,표선면,1424400.0,387.0
20782,2020-11,W6Y545,표선면,1131150.0,346.0
20783,2020-12,W6Y545,표선면,1256350.0,306.0
20784,2021-01,W6Y545,표선면,1078700.0,288.0
20785,2021-02,W6Y545,표선면,1190700.0,280.0
20786,2021-03,W6Y545,표선면,1371450.0,335.0
20787,2021-04,W6Y545,표선면,,
20788,2021-05,W6Y545,표선면,1324900.0,331.0
20789,2021-06,W6Y545,표선면,1451550.0,394.0
20790,2018-01,W6Y546,표선면,386450.0,27.0
20791,2018-02,W6Y546,표선면,,
20792,2018-03,W6Y546,표선면,,
20793,2018-04,W6Y546,표선면,,
20794,2018-05,W6Y546,표선면,,
20795,2018-06,W6Y546,표선면,,
20796,2018-07,W6Y546,표선면,,
20797,2018-08,W6Y546,표선면,,
20798,2018-09,W6Y546,표선면,,
20799,2018-10,W6Y546,표선면,,
20800,2018-11,W6Y546,표선면,,
20801,2018-12,W6Y546,표선면,770200.0,70.0
20802,2019-01,W6Y546,표선면,2168200.0,173.0
20803,2019-02,W6Y546,표선면,1466400.0,105.0
20804,2019-03,W6Y546,표선면,1131850.0,82.0
20805,2019-04,W6Y546,표선면,1007450.0,67.0
20806,2019-05,W6Y546,표선면,2462150.0,222.0
20807,2019-06,W6Y546,표선면,3150450.0,330.0
20808,2019-07,W6Y546,표선면,3479750.0,348.0
20809,2019-08,W6Y546,표선면,3532100.0,324.0
20810,2019-09,W6Y546,표선면,2848400.0,269.0
20811,2019-10,W6Y546,표선면,3092700.0,283.0
20812,2019-11,W6Y546,표선면,3418100.0,305.0
20813,2019-12,W6Y546,표선면,3309100.0,291.0
20814,2020-01,W6Y546,표선면,3413150.0,276.0
20815,2020-02,W6Y546,표선면,2850150.0,284.0
20816,2020-03,W6Y546,표선면,2056950.0,273.0
20817,2020-04,W6Y546,표선면,2600400.0,289.0
20818,2020-05,W6Y546,표선면,3096350.0,358.0
20819,2020-06,W6Y546,표선면,3191300.0,369.0
20820,2020-07,W6Y546,표선면,2746200.0,306.0
20821,2020-08,W6Y546,표선면,7880950.0,757.0
20822,2020-09,W6Y546,표선면,5596850.0,671.0
20823,2020-10,W6Y546,표선면,7592100.0,744.0
20824,2020-11,W6Y546,표선면,7676550.0,666.0
20825,2020-12,W6Y546,표선면,3008000.0,353.0
20826,2021-01,W6Y546,표선면,3146800.0,300.0
20827,2021-02,W6Y546,표선면,5566800.0,541.0
20828,2021-03,W6Y546,표선면,6775050.0,624.0
20829,2021-04,W6Y546,표선면,,
20830,2021-05,W6Y546,표선면,8166800.0,700.0
20831,2021-06,W6Y546,표선면,8729550.0,759.0
20832,2018-01,W6Y547,표선면,,
20833,2018-02,W6Y547,표선면,,
20834,2018-03,W6Y547,표선면,,
20835,2018-04,W6Y547,표선면,,
20836,2018-05,W6Y547,표선면,,
20837,2018-06,W6Y547,표선면,,
20838,2018-07,W6Y547,표선면,,
20839,2018-08,W6Y547,표선면,,
20840,2018-09,W6Y547,표선면,,
20841,2018-10,W6Y547,표선면,,
20842,2018-11,W6Y547,표선면,,
20843,2018-12,W6Y547,표선면,31850.0,22.0
20844,2019-01,W6Y547,표선면,105550.0,52.0
20845,2019-02,W6Y547,표선면,190250.0,65.0
20846,2019-03,W6Y547,표선면,135350.0,58.0
20847,2019-04,W6Y547,표선면,196550.0,69.0
20848,2019-05,W6Y547,표선면,197950.0,80.0
20849,2019-06,W6Y547,표선면,171850.0,99.0
20850,2019-07,W6Y547,표선면,238050.0,118.0
20851,2019-08,W6Y547,표선면,312000.0,109.0
20852,2019-09,W6Y547,표선면,184300.0,82.0
20853,2019-10,W6Y547,표선면,150250.0,81.0
20854,2019-11,W6Y547,표선면,188600.0,90.0
20855,2019-12,W6Y547,표선면,198950.0,82.0
20856,2020-01,W6Y547,표선면,319400.0,93.0
20857,2020-02,W6Y547,표선면,313250.0,95.0
20858,2020-03,W6Y547,표선면,282150.0,114.0
20859,2020-04,W6Y547,표선면,265150.0,104.0
20860,2020-05,W6Y547,표선면,314350.0,128.0
20861,2020-06,W6Y547,표선면,409100.0,131.0
20862,2020-07,W6Y547,표선면,312750.0,127.0
20863,2020-08,W6Y547,표선면,361800.0,133.0
20864,2020-09,W6Y547,표선면,311200.0,114.0
20865,2020-10,W6Y547,표선면,295350.0,113.0
20866,2020-11,W6Y547,표선면,112000.0,55.0
20867,2020-12,W6Y547,표선면,258950.0,105.0
20868,2021-01,W6Y547,표선면,276950.0,89.0
20869,2021-02,W6Y547,표선면,258700.0,92.0
20870,2021-03,W6Y547,표선면,350600.0,121.0
20871,2021-04,W6Y547,표선면,,
20872,2021-05,W6Y547,표선면,282150.0,114.0
20873,2021-06,W6Y547,표선면,242850.0,110.0
20874,2018-01,W6Y548,표선면,14300.0,5.0
20875,2018-02,W6Y548,표선면,,
20876,2018-03,W6Y548,표선면,,
20877,2018-04,W6Y548,표선면,,
20878,2018-05,W6Y548,표선면,,
20879,2018-06,W6Y548,표선면,,
20880,2018-07,W6Y548,표선면,,
20881,2018-08,W6Y548,표선면,,
20882,2018-09,W6Y548,표선면,,
20883,2018-10,W6Y548,표선면,,
20884,2018-11,W6Y548,표선면,,
20885,2018-12,W6Y548,표선면,23150.0,4.0
20886,2019-01,W6Y548,표선면,112050.0,40.0
20887,2019-02,W6Y548,표선면,153800.0,55.0
20888,2019-03,W6Y548,표선면,111350.0,50.0
20889,2019-04,W6Y548,표선면,141150.0,65.0
20890,2019-05,W6Y548,표선면,147850.0,66.0
20891,2019-06,W6Y548,표선면,144300.0,67.0
20892,2019-07,W6Y548,표선면,254450.0,116.0
20893,2019-08,W6Y548,표선면,193050.0,100.0
20894,2019-09,W6Y548,표선면,248750.0,85.0
20895,2019-10,W6Y548,표선면,197850.0,70.0
20896,2019-11,W6Y548,표선면,185500.0,88.0
20897,2019-12,W6Y548,표선면,210650.0,86.0
20898,2020-01,W6Y548,표선면,205400.0,57.0
20899,2020-02,W6Y548,표선면,1554850.0,409.0
20900,2020-03,W6Y548,표선면,2028000.0,526.0
20901,2020-04,W6Y548,표선면,1972450.0,556.0
20902,2020-05,W6Y548,표선면,2124700.0,602.0
20903,2020-06,W6Y548,표선면,2123550.0,633.0
20904,2020-07,W6Y548,표선면,1882900.0,638.0
20905,2020-08,W6Y548,표선면,1526100.0,511.0
20906,2020-09,W6Y548,표선면,1556000.0,560.0
20907,2020-10,W6Y548,표선면,1774350.0,560.0
20908,2020-11,W6Y548,표선면,1998600.0,507.0
20909,2020-12,W6Y548,표선면,1983650.0,466.0
20910,2021-01,W6Y548,표선면,1949750.0,440.0
20911,2021-02,W6Y548,표선면,1088750.0,287.0
20912,2021-03,W6Y548,표선면,1166350.0,328.0
20913,2021-04,W6Y548,표선면,,
20914,2021-05,W6Y548,표선면,987550.0,347.0
20915,2021-06,W6Y548,표선면,850150.0,311.0
20916,2018-01,W6Y549,표선면,5300.0,2.0
20917,2018-02,W6Y549,표선면,,
20918,2018-03,W6Y549,표선면,,
20919,2018-04,W6Y549,표선면,,
20920,2018-05,W6Y549,표선면,,
20921,2018-06,W6Y549,표선면,,
20922,2018-07,W6Y549,표선면,,
20923,2018-08,W6Y549,표선면,,
20924,2018-09,W6Y549,표선면,,
20925,2018-10,W6Y549,표선면,,
20926,2018-11,W6Y549,표선면,,
20927,2018-12,W6Y549,표선면,,
20928,2019-01,W6Y549,표선면,53650.0,12.0
20929,2019-02,W6Y549,표선면,105300.0,23.0
20930,2019-03,W6Y549,표선면,64700.0,17.0
20931,2019-04,W6Y549,표선면,114800.0,32.0
20932,2019-05,W6Y549,표선면,85000.0,23.0
20933,2019-06,W6Y549,표선면,178350.0,49.0
20934,2019-07,W6Y549,표선면,80250.0,40.0
20935,2019-08,W6Y549,표선면,155550.0,52.0
20936,2019-09,W6Y549,표선면,147050.0,34.0
20937,2019-10,W6Y549,표선면,124300.0,57.0
20938,2019-11,W6Y549,표선면,232000.0,52.0
20939,2019-12,W6Y549,표선면,137200.0,43.0
20940,2020-01,W6Y549,표선면,257400.0,46.0
20941,2020-02,W6Y549,표선면,787850.0,127.0
20942,2020-03,W6Y549,표선면,1200100.0,305.0
20943,2020-04,W6Y549,표선면,1448200.0,502.0
20944,2020-05,W6Y549,표선면,2724964.0,581.0
20945,2020-06,W6Y549,표선면,10760004.0,582.0
20946,2020-07,W6Y549,표선면,18863394.0,612.0
20947,2020-08,W6Y549,표선면,1512050.0,533.0
20948,2020-09,W6Y549,표선면,1589850.0,565.0
20949,2020-10,W6Y549,표선면,1836700.0,553.0
20950,2020-11,W6Y549,표선면,2090400.0,571.0
20951,2020-12,W6Y549,표선면,1747750.0,525.0
20952,2021-01,W6Y549,표선면,1462500.0,488.0
20953,2021-02,W6Y549,표선면,1904400.0,522.0
20954,2021-03,W6Y549,표선면,1633900.0,484.0
20955,2021-04,W6Y549,표선면,,
20956,2021-05,W6Y549,표선면,1642250.0,510.0
20957,2021-06,W6Y549,표선면,554200.0,278.0
20958,2018-01,W6Y550,표선면,,
20959,2018-02,W6Y550,표선면,,
20960,2018-03,W6Y550,표선면,,
20961,2018-04,W6Y550,표선면,,
20962,2018-05,W6Y550,표선면,,
20963,2018-06,W6Y550,표선면,,
20964,2018-07,W6Y550,표선면,,
20965,2018-08,W6Y550,표선면,,
20966,2018-09,W6Y550,표선면,,
20967,2018-10,W6Y550,표선면,,
20968,2018-11,W6Y550,표선면,,
20969,2018-12,W6Y550,표선면,,
20970,2019-01,W6Y550,표선면,23500.0,4.0
20971,2019-02,W6Y550,표선면,23450.0,7.0
20972,2019-03,W6Y550,표선면,22850.0,4.0
20973,2019-04,W6Y550,표선면,10950.0,4.0
20974,2019-05,W6Y550,표선면,10850.0,5.0
20975,2019-06,W6Y550,표선면,25100.0,11.0
20976,2019-07,W6Y550,표선면,25050.0,16.0
20977,2019-08,W6Y550,표선면,50100.0,9.0
20978,2019-09,W6Y550,표선면,108250.0,13.0
20979,2019-10,W6Y550,표선면,146300.0,11.0
20980,2019-11,W6Y550,표선면,3800.0,4.0
20981,2019-12,W6Y550,표선면,550.0,2.0
20982,2020-01,W6Y550,표선면,6400.0,3.0
20983,2020-02,W6Y550,표선면,64200.0,3.0
20984,2020-03,W6Y550,표선면,702200.0,287.0
20985,2020-04,W6Y550,표선면,1276950.0,513.0
20986,2020-05,W6Y550,표선면,1372800.0,635.0
20987,2020-06,W6Y550,표선면,1360250.0,694.0
20988,2020-07,W6Y550,표선면,1498550.0,800.0
20989,2020-08,W6Y550,표선면,1531750.0,793.0
20990,2020-09,W6Y550,표선면,1348450.0,806.0
20991,2020-10,W6Y550,표선면,,
20992,2020-11,W6Y550,표선면,,
20993,2020-12,W6Y550,표선면,,
20994,2021-01,W6Y550,표선면,,
20995,2021-02,W6Y550,표선면,,
20996,2021-03,W6Y550,표선면,,
20997,2021-04,W6Y550,표선면,,
20998,2021-05,W6Y550,표선면,,
20999,2021-06,W6Y550,표선면,,
21000,2018-01,W6Y551,표선면,,
21001,2018-02,W6Y551,표선면,,
21002,2018-03,W6Y551,표선면,,
21003,2018-04,W6Y551,표선면,,
21004,2018-05,W6Y551,표선면,,
21005,2018-06,W6Y551,표선면,,
21006,2018-07,W6Y551,표선면,,
21007,2018-08,W6Y551,표선면,,
21008,2018-09,W6Y551,표선면,,
21009,2018-10,W6Y551,표선면,,
21010,2018-11,W6Y551,표선면,,
21011,2018-12,W6Y551,표선면,100450.0,10.0
21012,2019-01,W6Y551,표선면,521800.0,45.0
21013,2019-02,W6Y551,표선면,509650.0,39.0
21014,2019-03,W6Y551,표선면,591700.0,44.0
21015,2019-04,W6Y551,표선면,375800.0,35.0
21016,2019-05,W6Y551,표선면,478050.0,53.0
21017,2019-06,W6Y551,표선면,385100.0,42.0
21018,2019-07,W6Y551,표선면,351650.0,48.0
21019,2019-08,W6Y551,표선면,390500.0,51.0
21020,2019-09,W6Y551,표선면,374250.0,44.0
21021,2019-10,W6Y551,표선면,266200.0,33.0
21022,2019-11,W6Y551,표선면,5050.0,4.0
21023,2019-12,W6Y551,표선면,3700.0,5.0
21024,2020-01,W6Y551,표선면,21000.0,9.0
21025,2020-02,W6Y551,표선면,337500.0,28.0
21026,2020-03,W6Y551,표선면,973450.0,102.0
21027,2020-04,W6Y551,표선면,812850.0,72.0
21028,2020-05,W6Y551,표선면,929050.0,87.0
21029,2020-06,W6Y551,표선면,897050.0,85.0
21030,2020-07,W6Y551,표선면,886150.0,95.0
21031,2020-08,W6Y551,표선면,837200.0,90.0
21032,2020-09,W6Y551,표선면,627100.0,82.0
21033,2020-10,W6Y551,표선면,864350.0,83.0
21034,2020-11,W6Y551,표선면,964750.0,83.0
21035,2020-12,W6Y551,표선면,760300.0,80.0
21036,2021-01,W6Y551,표선면,782550.0,70.0
21037,2021-02,W6Y551,표선면,745000.0,79.0
21038,2021-03,W6Y551,표선면,949400.0,88.0
21039,2021-04,W6Y551,표선면,,
21040,2021-05,W6Y551,표선면,966500.0,100.0
21041,2021-06,W6Y551,표선면,1027450.0,99.0
21042,2018-01,W6Y552,표선면,,
21043,2018-02,W6Y552,표선면,,
21044,2018-03,W6Y552,표선면,,
21045,2018-04,W6Y552,표선면,,
21046,2018-05,W6Y552,표선면,,
21047,2018-06,W6Y552,표선면,,
21048,2018-07,W6Y552,표선면,,
21049,2018-08,W6Y552,표선면,,
21050,2018-09,W6Y552,표선면,,
21051,2018-10,W6Y552,표선면,,
21052,2018-11,W6Y552,표선면,,
21053,2018-12,W6Y552,표선면,4100.0,2.0
21054,2019-01,W6Y552,표선면,100350.0,29.0
21055,2019-02,W6Y552,표선면,155650.0,44.0
21056,2019-03,W6Y552,표선면,138000.0,48.0
21057,2019-04,W6Y552,표선면,148150.0,60.0
21058,2019-05,W6Y552,표선면,187800.0,50.0
21059,2019-06,W6Y552,표선면,177400.0,67.0
21060,2019-07,W6Y552,표선면,133600.0,48.0
21061,2019-08,W6Y552,표선면,152250.0,40.0
21062,2019-09,W6Y552,표선면,110600.0,34.0
21063,2019-10,W6Y552,표선면,61000.0,24.0
21064,2019-11,W6Y552,표선면,111000.0,19.0
21065,2019-12,W6Y552,표선면,138300.0,32.0
21066,2020-01,W6Y552,표선면,125500.0,32.0
21067,2020-02,W6Y552,표선면,60500.0,16.0
21068,2020-03,W6Y552,표선면,52100.0,19.0
21069,2020-04,W6Y552,표선면,119300.0,38.0
21070,2020-05,W6Y552,표선면,134250.0,51.0
21071,2020-06,W6Y552,표선면,172650.0,46.0
21072,2020-07,W6Y552,표선면,181450.0,45.0
21073,2020-08,W6Y552,표선면,116750.0,31.0
21074,2020-09,W6Y552,표선면,159500.0,33.0
21075,2020-10,W6Y552,표선면,170750.0,40.0
21076,2020-11,W6Y552,표선면,195800.0,44.0
21077,2020-12,W6Y552,표선면,184500.0,35.0
21078,2021-01,W6Y552,표선면,289150.0,34.0
21079,2021-02,W6Y552,표선면,191900.0,37.0
21080,2021-03,W6Y552,표선면,201950.0,42.0
21081,2021-04,W6Y552,표선면,,
21082,2021-05,W6Y552,표선면,245650.0,57.0
21083,2021-06,W6Y552,표선면,208050.0,48.0
21084,2018-01,W6Y553,표선면,107550.0,23.0
21085,2018-02,W6Y553,표선면,,
21086,2018-03,W6Y553,표선면,,
21087,2018-04,W6Y553,표선면,,
21088,2018-05,W6Y553,표선면,,
21089,2018-06,W6Y553,표선면,,
21090,2018-07,W6Y553,표선면,,
21091,2018-08,W6Y553,표선면,,
21092,2018-09,W6Y553,표선면,,
21093,2018-10,W6Y553,표선면,,
21094,2018-11,W6Y553,표선면,,
21095,2018-12,W6Y553,표선면,1700.0,1.0
21096,2019-01,W6Y553,표선면,2650.0,1.0
21097,2019-02,W6Y553,표선면,10450.0,6.0
21098,2019-03,W6Y553,표선면,17950.0,11.0
21099,2019-04,W6Y553,표선면,23500.0,14.0
21100,2019-05,W6Y553,표선면,79300.0,34.0
21101,2019-06,W6Y553,표선면,84400.0,42.0
21102,2019-07,W6Y553,표선면,97450.0,48.0
21103,2019-08,W6Y553,표선면,150750.0,48.0
21104,2019-09,W6Y553,표선면,94850.0,50.0
21105,2019-10,W6Y553,표선면,76700.0,47.0
21106,2019-11,W6Y553,표선면,184650.0,53.0
21107,2019-12,W6Y553,표선면,268150.0,69.0
21108,2020-01,W6Y553,표선면,121400.0,48.0
21109,2020-02,W6Y553,표선면,102400.0,53.0
21110,2020-03,W6Y553,표선면,184300.0,59.0
21111,2020-04,W6Y553,표선면,236100.0,63.0
21112,2020-05,W6Y553,표선면,189050.0,68.0
21113,2020-06,W6Y553,표선면,345000.0,93.0
21114,2020-07,W6Y553,표선면,355600.0,80.0
21115,2020-08,W6Y553,표선면,324150.0,70.0
21116,2020-09,W6Y553,표선면,195200.0,54.0
21117,2020-10,W6Y553,표선면,277300.0,61.0
21118,2020-11,W6Y553,표선면,225950.0,58.0
21119,2020-12,W6Y553,표선면,180550.0,53.0
21120,2021-01,W6Y553,표선면,185450.0,45.0
21121,2021-02,W6Y553,표선면,243000.0,45.0
21122,2021-03,W6Y553,표선면,318550.0,50.0
21123,2021-04,W6Y553,표선면,,
21124,2021-05,W6Y553,표선면,370800.0,53.0
21125,2021-06,W6Y553,표선면,505100.0,71.0
21126,2018-01,W6Y554,표선면,,
21127,2018-02,W6Y554,표선면,,
21128,2018-03,W6Y554,표선면,,
21129,2018-04,W6Y554,표선면,,
21130,2018-05,W6Y554,표선면,,
21131,2018-06,W6Y554,표선면,,
21132,2018-07,W6Y554,표선면,,
21133,2018-08,W6Y554,표선면,,
21134,2018-09,W6Y554,표선면,,
21135,2018-10,W6Y554,표선면,,
21136,2018-11,W6Y554,표선면,,
21137,2018-12,W6Y554,표선면,2850.0,1.0
21138,2019-01,W6Y554,표선면,88250.0,13.0
21139,2019-02,W6Y554,표선면,77950.0,25.0
21140,2019-03,W6Y554,표선면,156800.0,39.0
21141,2019-04,W6Y554,표선면,73100.0,35.0
21142,2019-05,W6Y554,표선면,184750.0,65.0
21143,2019-06,W6Y554,표선면,267100.0,98.0
21144,2019-07,W6Y554,표선면,261800.0,94.0
21145,2019-08,W6Y554,표선면,277850.0,89.0
21146,2019-09,W6Y554,표선면,244300.0,96.0
21147,2019-10,W6Y554,표선면,215650.0,100.0
21148,2019-11,W6Y554,표선면,283250.0,98.0
21149,2019-12,W6Y554,표선면,337050.0,103.0
21150,2020-01,W6Y554,표선면,307950.0,99.0
21151,2020-02,W6Y554,표선면,305100.0,92.0
21152,2020-03,W6Y554,표선면,296400.0,118.0
21153,2020-04,W6Y554,표선면,273950.0,103.0
21154,2020-05,W6Y554,표선면,236150.0,88.0
21155,2020-06,W6Y554,표선면,140550.0,62.0
21156,2020-07,W6Y554,표선면,138400.0,59.0
21157,2020-08,W6Y554,표선면,110300.0,53.0
21158,2020-09,W6Y554,표선면,68450.0,36.0
21159,2020-10,W6Y554,표선면,60100.0,33.0
21160,2020-11,W6Y554,표선면,71700.0,30.0
21161,2020-12,W6Y554,표선면,78150.0,31.0
21162,2021-01,W6Y554,표선면,65650.0,24.0
21163,2021-02,W6Y554,표선면,39450.0,14.0
21164,2021-03,W6Y554,표선면,,
21165,2021-04,W6Y554,표선면,,
21166,2021-05,W6Y554,표선면,116300.0,25.0
21167,2021-06,W6Y554,표선면,106150.0,30.0
21168,2018-01,W6Y555,표선면,,
21169,2018-02,W6Y555,표선면,,
21170,2018-03,W6Y555,표선면,,
21171,2018-04,W6Y555,표선면,,
21172,2018-05,W6Y555,표선면,,
21173,2018-06,W6Y555,표선면,,
21174,2018-07,W6Y555,표선면,,
21175,2018-08,W6Y555,표선면,,
21176,2018-09,W6Y555,표선면,,
21177,2018-10,W6Y555,표선면,,
21178,2018-11,W6Y555,표선면,,
21179,2018-12,W6Y555,표선면,103000.0,14.0
21180,2019-01,W6Y555,표선면,664750.0,104.0
21181,2019-02,W6Y555,표선면,895150.0,123.0
21182,2019-03,W6Y555,표선면,882500.0,170.0
21183,2019-04,W6Y555,표선면,1029400.0,177.0
21184,2019-05,W6Y555,표선면,1109100.0,186.0
21185,2019-06,W6Y555,표선면,1230727.0,244.0
21186,2019-07,W6Y555,표선면,663700.0,193.0
21187,2019-08,W6Y555,표선면,771950.0,239.0
21188,2019-09,W6Y555,표선면,640050.0,227.0
21189,2019-10,W6Y555,표선면,914100.0,247.0
21190,2019-11,W6Y555,표선면,923150.0,189.0
21191,2019-12,W6Y555,표선면,734750.0,111.0
21192,2020-01,W6Y555,표선면,598000.0,91.0
21193,2020-02,W6Y555,표선면,943300.0,115.0
21194,2020-03,W6Y555,표선면,1044000.0,133.0
21195,2020-04,W6Y555,표선면,958850.0,119.0
21196,2020-05,W6Y555,표선면,1341450.0,168.0
21197,2020-06,W6Y555,표선면,1104350.0,168.0
21198,2020-07,W6Y555,표선면,717900.0,134.0
21199,2020-08,W6Y555,표선면,873850.0,157.0
21200,2020-09,W6Y555,표선면,801600.0,150.0
21201,2020-10,W6Y555,표선면,736800.0,157.0
21202,2020-11,W6Y555,표선면,617050.0,110.0
21203,2020-12,W6Y555,표선면,545600.0,130.0
21204,2021-01,W6Y555,표선면,672200.0,107.0
21205,2021-02,W6Y555,표선면,630600.0,106.0
21206,2021-03,W6Y555,표선면,1015550.0,143.0
21207,2021-04,W6Y555,표선면,,
21208,2021-05,W6Y555,표선면,963900.0,179.0
21209,2021-06,W6Y555,표선면,1121850.0,190.0
21210,2018-01,W6Y556,표선면,,
21211,2018-02,W6Y556,표선면,,
21212,2018-03,W6Y556,표선면,,
21213,2018-04,W6Y556,표선면,,
21214,2018-05,W6Y556,표선면,,
21215,2018-06,W6Y556,표선면,,
21216,2018-07,W6Y556,표선면,,
21217,2018-08,W6Y556,표선면,,
21218,2018-09,W6Y556,표선면,,
21219,2018-10,W6Y556,표선면,,
21220,2018-11,W6Y556,표선면,,
21221,2018-12,W6Y556,표선면,1150.0,2.0
21222,2019-01,W6Y556,표선면,159350.0,44.0
21223,2019-02,W6Y556,표선면,619150.0,87.0
21224,2019-03,W6Y556,표선면,821600.0,93.0
21225,2019-04,W6Y556,표선면,1524500.0,144.0
21226,2019-05,W6Y556,표선면,2146949.0,180.0
21227,2019-06,W6Y556,표선면,1915605.0,187.0
21228,2019-07,W6Y556,표선면,2714477.0,230.0
21229,2019-08,W6Y556,표선면,2425918.0,250.0
21230,2019-09,W6Y556,표선면,2597648.0,215.0
21231,2019-10,W6Y556,표선면,1786320.0,208.0
21232,2019-11,W6Y556,표선면,1873700.0,212.0
21233,2019-12,W6Y556,표선면,1609500.0,180.0
21234,2020-01,W6Y556,표선면,1529700.0,174.0
21235,2020-02,W6Y556,표선면,1644518.0,175.0
21236,2020-03,W6Y556,표선면,1584200.0,184.0
21237,2020-04,W6Y556,표선면,1708900.0,208.0
21238,2020-05,W6Y556,표선면,2409059.0,208.0
21239,2020-06,W6Y556,표선면,1943123.0,255.0
21240,2020-07,W6Y556,표선면,2404413.0,231.0
21241,2020-08,W6Y556,표선면,1655600.0,207.0
21242,2020-09,W6Y556,표선면,1603800.0,196.0
21243,2020-10,W6Y556,표선면,1583200.0,228.0
21244,2020-11,W6Y556,표선면,1703800.0,238.0
21245,2020-12,W6Y556,표선면,2101250.0,273.0
21246,2021-01,W6Y556,표선면,1939950.0,224.0
21247,2021-02,W6Y556,표선면,1885800.0,266.0
21248,2021-03,W6Y556,표선면,2070000.0,268.0
21249,2021-04,W6Y556,표선면,,
21250,2021-05,W6Y556,표선면,1772450.0,275.0
21251,2021-06,W6Y556,표선면,1903150.0,312.0
21252,2018-01,W6Y557,표선면,,
21253,2018-02,W6Y557,표선면,,
21254,2018-03,W6Y557,표선면,,
21255,2018-04,W6Y557,표선면,,
21256,2018-05,W6Y557,표선면,,
21257,2018-06,W6Y557,표선면,,
21258,2018-07,W6Y557,표선면,,
21259,2018-08,W6Y557,표선면,,
21260,2018-09,W6Y557,표선면,,
21261,2018-10,W6Y557,표선면,,
21262,2018-11,W6Y557,표선면,,
21263,2018-12,W6Y557,표선면,8600.0,3.0
21264,2019-01,W6Y557,표선면,88750.0,22.0
21265,2019-02,W6Y557,표선면,80100.0,29.0
21266,2019-03,W6Y557,표선면,162150.0,48.0
21267,2019-04,W6Y557,표선면,131150.0,51.0
21268,2019-05,W6Y557,표선면,273700.0,88.0
21269,2019-06,W6Y557,표선면,224300.0,91.0
21270,2019-07,W6Y557,표선면,350150.0,134.0
21271,2019-08,W6Y557,표선면,371850.0,162.0
21272,2019-09,W6Y557,표선면,268700.0,124.0
21273,2019-10,W6Y557,표선면,313250.0,127.0
21274,2019-11,W6Y557,표선면,314100.0,120.0
21275,2019-12,W6Y557,표선면,312900.0,103.0
21276,2020-01,W6Y557,표선면,278050.0,98.0
21277,2020-02,W6Y557,표선면,271900.0,90.0
21278,2020-03,W6Y557,표선면,303200.0,98.0
21279,2020-04,W6Y557,표선면,298500.0,115.0
21280,2020-05,W6Y557,표선면,415350.0,151.0
21281,2020-06,W6Y557,표선면,442150.0,155.0
21282,2020-07,W6Y557,표선면,502600.0,172.0
21283,2020-08,W6Y557,표선면,565750.0,172.0
21284,2020-09,W6Y557,표선면,462500.0,151.0
21285,2020-10,W6Y557,표선면,485700.0,162.0
21286,2020-11,W6Y557,표선면,441400.0,163.0
21287,2020-12,W6Y557,표선면,392300.0,129.0
21288,2021-01,W6Y557,표선면,443200.0,134.0
21289,2021-02,W6Y557,표선면,470700.0,151.0
21290,2021-03,W6Y557,표선면,346650.0,140.0
21291,2021-04,W6Y557,표선면,,
21292,2021-05,W6Y557,표선면,301300.0,157.0
21293,2021-06,W6Y557,표선면,310600.0,145.0
21294,2018-01,W6Y558,표선면,,
21295,2018-02,W6Y558,표선면,,
21296,2018-03,W6Y558,표선면,,
21297,2018-04,W6Y558,표선면,,
21298,2018-05,W6Y558,표선면,,
21299,2018-06,W6Y558,표선면,,
21300,2018-07,W6Y558,표선면,,
21301,2018-08,W6Y558,표선면,,
21302,2018-09,W6Y558,표선면,,
21303,2018-10,W6Y558,표선면,,
21304,2018-11,W6Y558,표선면,,
21305,2018-12,W6Y558,표선면,,
21306,2019-01,W6Y558,표선면,47350.0,8.0
21307,2019-02,W6Y558,표선면,43400.0,6.0
21308,2019-03,W6Y558,표선면,198100.0,31.0
21309,2019-04,W6Y558,표선면,357800.0,36.0
21310,2019-05,W6Y558,표선면,435300.0,45.0
21311,2019-06,W6Y558,표선면,522850.0,59.0
21312,2019-07,W6Y558,표선면,708300.0,85.0
21313,2019-08,W6Y558,표선면,588100.0,76.0
21314,2019-09,W6Y558,표선면,410200.0,52.0
21315,2019-10,W6Y558,표선면,192400.0,36.0
21316,2019-11,W6Y558,표선면,125550.0,29.0
21317,2019-12,W6Y558,표선면,164800.0,31.0
21318,2020-01,W6Y558,표선면,125650.0,31.0
21319,2020-02,W6Y558,표선면,68850.0,19.0
21320,2020-03,W6Y558,표선면,104700.0,21.0
21321,2020-04,W6Y558,표선면,233650.0,43.0
21322,2020-05,W6Y558,표선면,397750.0,61.0
21323,2020-06,W6Y558,표선면,389400.0,72.0
21324,2020-07,W6Y558,표선면,376850.0,81.0
21325,2020-08,W6Y558,표선면,264400.0,65.0
21326,2020-09,W6Y558,표선면,301100.0,69.0
21327,2020-10,W6Y558,표선면,267450.0,67.0
21328,2020-11,W6Y558,표선면,266450.0,58.0
21329,2020-12,W6Y558,표선면,256850.0,70.0
21330,2021-01,W6Y558,표선면,196000.0,49.0
21331,2021-02,W6Y558,표선면,147000.0,50.0
21332,2021-03,W6Y558,표선면,268600.0,76.0
21333,2021-04,W6Y558,표선면,,
21334,2021-05,W6Y558,표선면,244300.0,80.0
21335,2021-06,W6Y558,표선면,290650.0,87.0
21336,2018-01,W6Y559,표선면,12000.0,2.0
21337,2018-02,W6Y559,표선면,,
21338,2018-03,W6Y559,표선면,,
21339,2018-04,W6Y559,표선면,,
21340,2018-05,W6Y559,표선면,,
21341,2018-06,W6Y559,표선면,,
21342,2018-07,W6Y559,표선면,,
21343,2018-08,W6Y559,표선면,,
21344,2018-09,W6Y559,표선면,,
21345,2018-10,W6Y559,표선면,,
21346,2018-11,W6Y559,표선면,,
21347,2018-12,W6Y559,표선면,2300.0,1.0
21348,2019-01,W6Y559,표선면,10050.0,4.0
21349,2019-02,W6Y559,표선면,25250.0,8.0
21350,2019-03,W6Y559,표선면,35200.0,7.0
21351,2019-04,W6Y559,표선면,113450.0,31.0
21352,2019-05,W6Y559,표선면,102350.0,32.0
21353,2019-06,W6Y559,표선면,90800.0,30.0
21354,2019-07,W6Y559,표선면,58600.0,21.0
21355,2019-08,W6Y559,표선면,95550.0,33.0
21356,2019-09,W6Y559,표선면,86300.0,20.0
21357,2019-10,W6Y559,표선면,76550.0,26.0
21358,2019-11,W6Y559,표선면,175300.0,24.0
21359,2019-12,W6Y559,표선면,28400.0,10.0
21360,2020-01,W6Y559,표선면,64100.0,14.0
21361,2020-02,W6Y559,표선면,116700.0,27.0
21362,2020-03,W6Y559,표선면,100950.0,18.0
21363,2020-04,W6Y559,표선면,50900.0,16.0
21364,2020-05,W6Y559,표선면,58600.0,31.0
21365,2020-06,W6Y559,표선면,89000.0,29.0
21366,2020-07,W6Y559,표선면,78700.0,27.0
21367,2020-08,W6Y559,표선면,105750.0,41.0
21368,2020-09,W6Y559,표선면,96000.0,39.0
21369,2020-10,W6Y559,표선면,116100.0,40.0
21370,2020-11,W6Y559,표선면,109950.0,37.0
21371,2020-12,W6Y559,표선면,145200.0,41.0
21372,2021-01,W6Y559,표선면,118100.0,26.0
21373,2021-02,W6Y559,표선면,122900.0,29.0
21374,2021-03,W6Y559,표선면,107350.0,30.0
21375,2021-04,W6Y559,표선면,,
21376,2021-05,W6Y559,표선면,41000.0,25.0
21377,2021-06,W6Y559,표선면,73000.0,24.0
21378,2018-01,W6Y560,표선면,90550.0,9.0
21379,2018-02,W6Y560,표선면,,
21380,2018-03,W6Y560,표선면,,
21381,2018-04,W6Y560,표선면,,
21382,2018-05,W6Y560,표선면,,
21383,2018-06,W6Y560,표선면,,
21384,2018-07,W6Y560,표선면,,
21385,2018-08,W6Y560,표선면,,
21386,2018-09,W6Y560,표선면,,
21387,2018-10,W6Y560,표선면,,
21388,2018-11,W6Y560,표선면,,
21389,2018-12,W6Y560,표선면,4750.0,3.0
21390,2019-01,W6Y560,표선면,109400.0,27.0
21391,2019-02,W6Y560,표선면,263250.0,50.0
21392,2019-03,W6Y560,표선면,217350.0,46.0
21393,2019-04,W6Y560,표선면,264150.0,63.0
21394,2019-05,W6Y560,표선면,237600.0,78.0
21395,2019-06,W6Y560,표선면,402400.0,138.0
21396,2019-07,W6Y560,표선면,498200.0,143.0
21397,2019-08,W6Y560,표선면,528500.0,160.0
21398,2019-09,W6Y560,표선면,533550.0,155.0
21399,2019-10,W6Y560,표선면,543050.0,154.0
21400,2019-11,W6Y560,표선면,587800.0,159.0
21401,2019-12,W6Y560,표선면,691500.0,147.0
21402,2020-01,W6Y560,표선면,423200.0,108.0
21403,2020-02,W6Y560,표선면,452950.0,93.0
21404,2020-03,W6Y560,표선면,519450.0,143.0
21405,2020-04,W6Y560,표선면,415600.0,112.0
21406,2020-05,W6Y560,표선면,452350.0,129.0
21407,2020-06,W6Y560,표선면,452250.0,133.0
21408,2020-07,W6Y560,표선면,597050.0,161.0
21409,2020-08,W6Y560,표선면,563700.0,137.0
21410,2020-09,W6Y560,표선면,456900.0,139.0
21411,2020-10,W6Y560,표선면,492900.0,118.0
21412,2020-11,W6Y560,표선면,438850.0,113.0
21413,2020-12,W6Y560,표선면,1914650.0,596.0
21414,2021-01,W6Y560,표선면,2239550.0,648.0
21415,2021-02,W6Y560,표선면,2080650.0,616.0
21416,2021-03,W6Y560,표선면,2140250.0,593.0
21417,2021-04,W6Y560,표선면,,
21418,2021-05,W6Y560,표선면,2054100.0,647.0
21419,2021-06,W6Y560,표선면,897250.0,213.0
21420,2018-01,W6Y561,표선면,,
21421,2018-02,W6Y561,표선면,,
21422,2018-03,W6Y561,표선면,,
21423,2018-04,W6Y561,표선면,,
21424,2018-05,W6Y561,표선면,,
21425,2018-06,W6Y561,표선면,,
21426,2018-07,W6Y561,표선면,,
21427,2018-08,W6Y561,표선면,,
21428,2018-09,W6Y561,표선면,,
21429,2018-10,W6Y561,표선면,,
21430,2018-11,W6Y561,표선면,,
21431,2018-12,W6Y561,표선면,,
21432,2019-01,W6Y561,표선면,1800.0,1.0
21433,2019-02,W6Y561,표선면,57250.0,10.0
21434,2019-03,W6Y561,표선면,132900.0,14.0
21435,2019-04,W6Y561,표선면,153700.0,16.0
21436,2019-05,W6Y561,표선면,190600.0,19.0
21437,2019-06,W6Y561,표선면,186550.0,20.0
21438,2019-07,W6Y561,표선면,280900.0,38.0
21439,2019-08,W6Y561,표선면,202750.0,21.0
21440,2019-09,W6Y561,표선면,153550.0,19.0
21441,2019-10,W6Y561,표선면,159850.0,21.0
21442,2019-11,W6Y561,표선면,114500.0,21.0
21443,2019-12,W6Y561,표선면,153000.0,18.0
21444,2020-01,W6Y561,표선면,183000.0,20.0
21445,2020-02,W6Y561,표선면,133850.0,17.0
21446,2020-03,W6Y561,표선면,172700.0,24.0
21447,2020-04,W6Y561,표선면,173500.0,22.0
21448,2020-05,W6Y561,표선면,205800.0,38.0
21449,2020-06,W6Y561,표선면,199750.0,35.0
21450,2020-07,W6Y561,표선면,233450.0,37.0
21451,2020-08,W6Y561,표선면,272200.0,36.0
21452,2020-09,W6Y561,표선면,152850.0,32.0
21453,2020-10,W6Y561,표선면,261050.0,49.0
21454,2020-11,W6Y561,표선면,202500.0,43.0
21455,2020-12,W6Y561,표선면,180350.0,41.0
21456,2021-01,W6Y561,표선면,136950.0,21.0
21457,2021-02,W6Y561,표선면,134100.0,32.0
21458,2021-03,W6Y561,표선면,144700.0,38.0
21459,2021-04,W6Y561,표선면,,
21460,2021-05,W6Y561,표선면,205600.0,44.0
21461,2021-06,W6Y561,표선면,239050.0,58.0
21462,2018-01,W6Y562,표선면,,
21463,2018-02,W6Y562,표선면,,
21464,2018-03,W6Y562,표선면,,
21465,2018-04,W6Y562,표선면,,
21466,2018-05,W6Y562,표선면,,
21467,2018-06,W6Y562,표선면,,
21468,2018-07,W6Y562,표선면,,
21469,2018-08,W6Y562,표선면,,
21470,2018-09,W6Y562,표선면,,
21471,2018-10,W6Y562,표선면,,
21472,2018-11,W6Y562,표선면,,
21473,2018-12,W6Y562,표선면,12500.0,6.0
21474,2019-01,W6Y562,표선면,185150.0,60.0
21475,2019-02,W6Y562,표선면,307350.0,77.0
21476,2019-03,W6Y562,표선면,319750.0,92.0
21477,2019-04,W6Y562,표선면,400000.0,116.0
21478,2019-05,W6Y562,표선면,564550.0,166.0
21479,2019-06,W6Y562,표선면,548700.0,207.0
21480,2019-07,W6Y562,표선면,737250.0,243.0
21481,2019-08,W6Y562,표선면,1055650.0,353.0
21482,2019-09,W6Y562,표선면,992900.0,333.0
21483,2019-10,W6Y562,표선면,1223400.0,346.0
21484,2019-11,W6Y562,표선면,1183800.0,326.0
21485,2019-12,W6Y562,표선면,1169850.0,303.0
21486,2020-01,W6Y562,표선면,1404150.0,345.0
21487,2020-02,W6Y562,표선면,1130900.0,294.0
21488,2020-03,W6Y562,표선면,1247150.0,357.0
21489,2020-04,W6Y562,표선면,1224050.0,376.0
21490,2020-05,W6Y562,표선면,1341450.0,440.0
21491,2020-06,W6Y562,표선면,1538750.0,416.0
21492,2020-07,W6Y562,표선면,1527900.0,427.0
21493,2020-08,W6Y562,표선면,1668350.0,493.0
21494,2020-09,W6Y562,표선면,1519600.0,517.0
21495,2020-10,W6Y562,표선면,1675550.0,575.0
21496,2020-11,W6Y562,표선면,1828350.0,551.0
21497,2020-12,W6Y562,표선면,1981000.0,546.0
21498,2021-01,W6Y562,표선면,1893350.0,482.0
21499,2021-02,W6Y562,표선면,1511450.0,451.0
21500,2021-03,W6Y562,표선면,1999200.0,559.0
21501,2021-04,W6Y562,표선면,,
21502,2021-05,W6Y562,표선면,2692600.0,689.0
21503,2021-06,W6Y562,표선면,2183050.0,645.0
21504,2018-01,W6Y563,표선면,,
21505,2018-02,W6Y563,표선면,,
21506,2018-03,W6Y563,표선면,,
21507,2018-04,W6Y563,표선면,,
21508,2018-05,W6Y563,표선면,,
21509,2018-06,W6Y563,표선면,,
21510,2018-07,W6Y563,표선면,,
21511,2018-08,W6Y563,표선면,,
21512,2018-09,W6Y563,표선면,,
21513,2018-10,W6Y563,표선면,,
21514,2018-11,W6Y563,표선면,,
21515,2018-12,W6Y563,표선면,15750.0,6.0
21516,2019-01,W6Y563,표선면,268500.0,63.0
21517,2019-02,W6Y563,표선면,410150.0,99.0
21518,2019-03,W6Y563,표선면,479450.0,111.0
21519,2019-04,W6Y563,표선면,514600.0,142.0
21520,2019-05,W6Y563,표선면,625100.0,164.0
21521,2019-06,W6Y563,표선면,600300.0,180.0
21522,2019-07,W6Y563,표선면,741400.0,232.0
21523,2019-08,W6Y563,표선면,828350.0,220.0
21524,2019-09,W6Y563,표선면,607050.0,178.0
21525,2019-10,W6Y563,표선면,644700.0,186.0
21526,2019-11,W6Y563,표선면,444300.0,124.0
21527,2019-12,W6Y563,표선면,443700.0,147.0
21528,2020-01,W6Y563,표선면,504350.0,160.0
21529,2020-02,W6Y563,표선면,559250.0,159.0
21530,2020-03,W6Y563,표선면,514900.0,185.0
21531,2020-04,W6Y563,표선면,318750.0,131.0
21532,2020-05,W6Y563,표선면,340850.0,149.0
21533,2020-06,W6Y563,표선면,401600.0,159.0
21534,2020-07,W6Y563,표선면,472100.0,150.0
21535,2020-08,W6Y563,표선면,456400.0,138.0
21536,2020-09,W6Y563,표선면,472850.0,163.0
21537,2020-10,W6Y563,표선면,523950.0,143.0
21538,2020-11,W6Y563,표선면,347050.0,93.0
21539,2020-12,W6Y563,표선면,720300.0,186.0
21540,2021-01,W6Y563,표선면,725550.0,175.0
21541,2021-02,W6Y563,표선면,675900.0,177.0
21542,2021-03,W6Y563,표선면,814450.0,202.0
21543,2021-04,W6Y563,표선면,,
21544,2021-05,W6Y563,표선면,904200.0,244.0
21545,2021-06,W6Y563,표선면,863450.0,247.0
21546,2018-01,W6Y564,표선면,,
21547,2018-02,W6Y564,표선면,,
21548,2018-03,W6Y564,표선면,,
21549,2018-04,W6Y564,표선면,,
21550,2018-05,W6Y564,표선면,,
21551,2018-06,W6Y564,표선면,,
21552,2018-07,W6Y564,표선면,,
21553,2018-08,W6Y564,표선면,,
21554,2018-09,W6Y564,표선면,,
21555,2018-10,W6Y564,표선면,,
21556,2018-11,W6Y564,표선면,,
21557,2018-12,W6Y564,표선면,10350.0,2.0
21558,2019-01,W6Y564,표선면,55400.0,8.0
21559,2019-02,W6Y564,표선면,92150.0,4.0
21560,2019-03,W6Y564,표선면,25350.0,7.0
21561,2019-04,W6Y564,표선면,39850.0,14.0
21562,2019-05,W6Y564,표선면,219100.0,63.0
21563,2019-06,W6Y564,표선면,173100.0,63.0
21564,2019-07,W6Y564,표선면,106150.0,50.0
21565,2019-08,W6Y564,표선면,114100.0,48.0
21566,2019-09,W6Y564,표선면,92400.0,39.0
21567,2019-10,W6Y564,표선면,80550.0,31.0
21568,2019-11,W6Y564,표선면,133050.0,42.0
21569,2019-12,W6Y564,표선면,107350.0,37.0
21570,2020-01,W6Y564,표선면,88900.0,33.0
21571,2020-02,W6Y564,표선면,111100.0,27.0
21572,2020-03,W6Y564,표선면,142150.0,53.0
21573,2020-04,W6Y564,표선면,165600.0,59.0
21574,2020-05,W6Y564,표선면,157300.0,72.0
21575,2020-06,W6Y564,표선면,140100.0,66.0
21576,2020-07,W6Y564,표선면,371700.0,85.0
21577,2020-08,W6Y564,표선면,339500.0,77.0
21578,2020-09,W6Y564,표선면,397000.0,124.0
21579,2020-10,W6Y564,표선면,409750.0,99.0
21580,2020-11,W6Y564,표선면,377150.0,72.0
21581,2020-12,W6Y564,표선면,430200.0,96.0
21582,2021-01,W6Y564,표선면,351800.0,93.0
21583,2021-02,W6Y564,표선면,406750.0,117.0
21584,2021-03,W6Y564,표선면,499300.0,119.0
21585,2021-04,W6Y564,표선면,,
21586,2021-05,W6Y564,표선면,425900.0,116.0
21587,2021-06,W6Y564,표선면,390200.0,110.0
21588,2018-01,W6Y565,표선면,163550.0,11.0
21589,2018-02,W6Y565,표선면,,
21590,2018-03,W6Y565,표선면,,
21591,2018-04,W6Y565,표선면,,
21592,2018-05,W6Y565,표선면,,
21593,2018-06,W6Y565,표선면,,
21594,2018-07,W6Y565,표선면,,
21595,2018-08,W6Y565,표선면,,
21596,2018-09,W6Y565,표선면,,
21597,2018-10,W6Y565,표선면,,
21598,2018-11,W6Y565,표선면,,
21599,2018-12,W6Y565,표선면,,
21600,2019-01,W6Y565,표선면,104200.0,34.0
21601,2019-02,W6Y565,표선면,115300.0,40.0
21602,2019-03,W6Y565,표선면,242800.0,76.0
21603,2019-04,W6Y565,표선면,472900.0,107.0
21604,2019-05,W6Y565,표선면,963050.0,149.0
21605,2019-06,W6Y565,표선면,1006650.0,154.0
21606,2019-07,W6Y565,표선면,1943300.0,291.0
21607,2019-08,W6Y565,표선면,2929300.0,306.0
21608,2019-09,W6Y565,표선면,2641100.0,268.0
21609,2019-10,W6Y565,표선면,3873650.0,314.0
21610,2019-11,W6Y565,표선면,3644100.0,281.0
21611,2019-12,W6Y565,표선면,3015200.0,259.0
21612,2020-01,W6Y565,표선면,2830000.0,249.0
21613,2020-02,W6Y565,표선면,1268650.0,145.0
21614,2020-03,W6Y565,표선면,854750.0,129.0
21615,2020-04,W6Y565,표선면,995600.0,130.0
21616,2020-05,W6Y565,표선면,1161200.0,165.0
21617,2020-06,W6Y565,표선면,2248450.0,241.0
21618,2020-07,W6Y565,표선면,2161900.0,252.0
21619,2020-08,W6Y565,표선면,2839200.0,264.0
21620,2020-09,W6Y565,표선면,2516950.0,258.0
21621,2020-10,W6Y565,표선면,2115000.0,218.0
21622,2020-11,W6Y565,표선면,1658750.0,149.0
21623,2020-12,W6Y565,표선면,1119150.0,183.0
21624,2021-01,W6Y565,표선면,668050.0,110.0
21625,2021-02,W6Y565,표선면,861850.0,154.0
21626,2021-03,W6Y565,표선면,1285900.0,200.0
21627,2021-04,W6Y565,표선면,,
21628,2021-05,W6Y565,표선면,1788050.0,233.0
21629,2021-06,W6Y565,표선면,2287400.0,253.0
21630,2018-01,W6Y566,표선면,147350.0,24.0
21631,2018-02,W6Y566,표선면,,
21632,2018-03,W6Y566,표선면,,
21633,2018-04,W6Y566,표선면,,
21634,2018-05,W6Y566,표선면,,
21635,2018-06,W6Y566,표선면,,
21636,2018-07,W6Y566,표선면,,
21637,2018-08,W6Y566,표선면,,
21638,2018-09,W6Y566,표선면,,
21639,2018-10,W6Y566,표선면,,
21640,2018-11,W6Y566,표선면,,
21641,2018-12,W6Y566,표선면,486500.0,62.0
21642,2019-01,W6Y566,표선면,1170350.0,200.0
21643,2019-02,W6Y566,표선면,1342100.0,220.0
21644,2019-03,W6Y566,표선면,1464900.0,239.0
21645,2019-04,W6Y566,표선면,1658100.0,283.0
21646,2019-05,W6Y566,표선면,1960900.0,330.0
21647,2019-06,W6Y566,표선면,2130950.0,376.0
21648,2019-07,W6Y566,표선면,2512550.0,453.0
21649,2019-08,W6Y566,표선면,2611800.0,475.0
21650,2019-09,W6Y566,표선면,2062500.0,417.0
21651,2019-10,W6Y566,표선면,2133600.0,375.0
21652,2019-11,W6Y566,표선면,2041650.0,334.0
21653,2019-12,W6Y566,표선면,2053550.0,317.0
21654,2020-01,W6Y566,표선면,1982350.0,317.0
21655,2020-02,W6Y566,표선면,1309400.0,275.0
21656,2020-03,W6Y566,표선면,1271000.0,292.0
21657,2020-04,W6Y566,표선면,1133900.0,264.0
21658,2020-05,W6Y566,표선면,1725500.0,362.0
21659,2020-06,W6Y566,표선면,1958700.0,369.0
21660,2020-07,W6Y566,표선면,2929464.0,410.0
21661,2020-08,W6Y566,표선면,3255664.0,469.0
21662,2020-09,W6Y566,표선면,1589700.0,379.0
21663,2020-10,W6Y566,표선면,1761050.0,364.0
21664,2020-11,W6Y566,표선면,1793250.0,363.0
21665,2020-12,W6Y566,표선면,1017000.0,273.0
21666,2021-01,W6Y566,표선면,712200.0,248.0
21667,2021-02,W6Y566,표선면,878050.0,267.0
21668,2021-03,W6Y566,표선면,938150.0,265.0
21669,2021-04,W6Y566,표선면,,
21670,2021-05,W6Y566,표선면,721300.0,245.0
21671,2021-06,W6Y566,표선면,288650.0,123.0
21672,2018-01,W6Y567,표선면,,
21673,2018-02,W6Y567,표선면,,
21674,2018-03,W6Y567,표선면,,
21675,2018-04,W6Y567,표선면,,
21676,2018-05,W6Y567,표선면,,
21677,2018-06,W6Y567,표선면,,
21678,2018-07,W6Y567,표선면,,
21679,2018-08,W6Y567,표선면,,
21680,2018-09,W6Y567,표선면,,
21681,2018-10,W6Y567,표선면,,
21682,2018-11,W6Y567,표선면,,
21683,2018-12,W6Y567,표선면,,
21684,2019-01,W6Y567,표선면,,
21685,2019-02,W6Y567,표선면,,
21686,2019-03,W6Y567,표선면,,
21687,2019-04,W6Y567,표선면,,
21688,2019-05,W6Y567,표선면,,
21689,2019-06,W6Y567,표선면,,
21690,2019-07,W6Y567,표선면,,
21691,2019-08,W6Y567,표선면,,
21692,2019-09,W6Y567,표선면,,
21693,2019-10,W6Y567,표선면,,
21694,2019-11,W6Y567,표선면,,
21695,2019-12,W6Y567,표선면,,
21696,2020-01,W6Y567,표선면,,
21697,2020-02,W6Y567,표선면,,
21698,2020-03,W6Y567,표선면,,
21699,2020-04,W6Y567,표선면,,
21700,2020-05,W6Y567,표선면,,
21701,2020-06,W6Y567,표선면,,
21702,2020-07,W6Y567,표선면,,
21703,2020-08,W6Y567,표선면,,
21704,2020-09,W6Y567,표선면,,
21705,2020-10,W6Y567,표선면,,
21706,2020-11,W6Y567,표선면,,
21707,2020-12,W6Y567,표선면,,
21708,2021-01,W6Y567,표선면,,
21709,2021-02,W6Y567,표선면,,
21710,2021-03,W6Y567,표선면,,
21711,2021-04,W6Y567,표선면,,
21712,2021-05,W6Y567,표선면,,
21713,2021-06,W6Y567,표선면,,
21714,2018-01,W6Y568,대정읍,,
21715,2018-02,W6Y568,대정읍,,
21716,2018-03,W6Y568,대정읍,,
21717,2018-04,W6Y568,대정읍,,
21718,2018-05,W6Y568,대정읍,,
21719,2018-06,W6Y568,대정읍,,
21720,2018-07,W6Y568,대정읍,,
21721,2018-08,W6Y568,대정읍,,
21722,2018-09,W6Y568,대정읍,,
21723,2018-10,W6Y568,대정읍,,
21724,2018-11,W6Y568,대정읍,,
21725,2018-12,W6Y568,대정읍,55000.0,29.0
21726,2019-01,W6Y568,대정읍,117300.0,48.0
21727,2019-02,W6Y568,대정읍,206300.0,84.0
21728,2019-03,W6Y568,대정읍,227150.0,102.0
21729,2019-04,W6Y568,대정읍,203900.0,114.0
21730,2019-05,W6Y568,대정읍,241600.0,138.0
21731,2019-06,W6Y568,대정읍,242850.0,143.0
21732,2019-07,W6Y568,대정읍,279250.0,159.0
21733,2019-08,W6Y568,대정읍,345300.0,200.0
21734,2019-09,W6Y568,대정읍,307600.0,188.0
21735,2019-10,W6Y568,대정읍,374550.0,225.0
21736,2019-11,W6Y568,대정읍,379750.0,189.0
21737,2019-12,W6Y568,대정읍,377850.0,182.0
21738,2020-01,W6Y568,대정읍,531150.0,205.0
21739,2020-02,W6Y568,대정읍,460550.0,207.0
21740,2020-03,W6Y568,대정읍,525650.0,250.0
21741,2020-04,W6Y568,대정읍,452750.0,227.0
21742,2020-05,W6Y568,대정읍,416100.0,240.0
21743,2020-06,W6Y568,대정읍,502300.0,261.0
21744,2020-07,W6Y568,대정읍,500500.0,251.0
21745,2020-08,W6Y568,대정읍,471950.0,255.0
21746,2020-09,W6Y568,대정읍,360350.0,199.0
21747,2020-10,W6Y568,대정읍,225700.0,140.0
21748,2020-11,W6Y568,대정읍,233600.0,129.0
21749,2020-12,W6Y568,대정읍,259800.0,114.0
21750,2021-01,W6Y568,대정읍,309650.0,141.0
21751,2021-02,W6Y568,대정읍,203550.0,104.0
21752,2021-03,W6Y568,대정읍,234800.0,118.0
21753,2021-04,W6Y568,대정읍,,
21754,2021-05,W6Y568,대정읍,284400.0,155.0
21755,2021-06,W6Y568,대정읍,213600.0,117.0
21756,2018-01,W6Y569,성산읍,,
21757,2018-02,W6Y569,성산읍,,
21758,2018-03,W6Y569,성산읍,,
21759,2018-04,W6Y569,성산읍,,
21760,2018-05,W6Y569,성산읍,,
21761,2018-06,W6Y569,성산읍,,
21762,2018-07,W6Y569,성산읍,,
21763,2018-08,W6Y569,성산읍,,
21764,2018-09,W6Y569,성산읍,,
21765,2018-10,W6Y569,성산읍,,
21766,2018-11,W6Y569,성산읍,,
21767,2018-12,W6Y569,성산읍,2200.0,6.0
21768,2019-01,W6Y569,성산읍,155950.0,71.0
21769,2019-02,W6Y569,성산읍,404500.0,148.0
21770,2019-03,W6Y569,성산읍,338050.0,193.0
21771,2019-04,W6Y569,성산읍,474750.0,320.0
21772,2019-05,W6Y569,성산읍,638900.0,416.0
21773,2019-06,W6Y569,성산읍,791800.0,541.0
21774,2019-07,W6Y569,성산읍,1195950.0,627.0
21775,2019-08,W6Y569,성산읍,1512050.0,833.0
21776,2019-09,W6Y569,성산읍,856850.0,492.0
21777,2019-10,W6Y569,성산읍,774350.0,436.0
21778,2019-11,W6Y569,성산읍,763750.0,500.0
21779,2019-12,W6Y569,성산읍,905300.0,514.0
21780,2020-01,W6Y569,성산읍,1204700.0,607.0
21781,2020-02,W6Y569,성산읍,829800.0,497.0
21782,2020-03,W6Y569,성산읍,855650.0,642.0
21783,2020-04,W6Y569,성산읍,895200.0,674.0
21784,2020-05,W6Y569,성산읍,1109150.0,763.0
21785,2020-06,W6Y569,성산읍,1180850.0,877.0
21786,2020-07,W6Y569,성산읍,1373050.0,990.0
21787,2020-08,W6Y569,성산읍,1336450.0,1084.0
21788,2020-09,W6Y569,성산읍,1052700.0,969.0
21789,2020-10,W6Y569,성산읍,1069050.0,1006.0
21790,2020-11,W6Y569,성산읍,961400.0,873.0
21791,2020-12,W6Y569,성산읍,1029750.0,849.0
21792,2021-01,W6Y569,성산읍,1157150.0,950.0
21793,2021-02,W6Y569,성산읍,881600.0,683.0
21794,2021-03,W6Y569,성산읍,1055250.0,891.0
21795,2021-04,W6Y569,성산읍,,
21796,2021-05,W6Y569,성산읍,1403100.0,1169.0
21797,2021-06,W6Y569,성산읍,1377900.0,1053.0
21798,2018-01,W6Y570,안덕면,,
21799,2018-02,W6Y570,안덕면,,
21800,2018-03,W6Y570,안덕면,,
21801,2018-04,W6Y570,안덕면,,
21802,2018-05,W6Y570,안덕면,,
21803,2018-06,W6Y570,안덕면,,
21804,2018-07,W6Y570,안덕면,,
21805,2018-08,W6Y570,안덕면,,
21806,2018-09,W6Y570,안덕면,,
21807,2018-10,W6Y570,안덕면,,
21808,2018-11,W6Y570,안덕면,,
21809,2018-12,W6Y570,안덕면,,
21810,2019-01,W6Y570,안덕면,5000.0,1.0
21811,2019-02,W6Y570,안덕면,8250.0,2.0
21812,2019-03,W6Y570,안덕면,60050.0,11.0
21813,2019-04,W6Y570,안덕면,63400.0,15.0
21814,2019-05,W6Y570,안덕면,92400.0,25.0
21815,2019-06,W6Y570,안덕면,106400.0,24.0
21816,2019-07,W6Y570,안덕면,96400.0,27.0
21817,2019-08,W6Y570,안덕면,119850.0,39.0
21818,2019-09,W6Y570,안덕면,85650.0,25.0
21819,2019-10,W6Y570,안덕면,71600.0,35.0
21820,2019-11,W6Y570,안덕면,107350.0,32.0
21821,2019-12,W6Y570,안덕면,91550.0,28.0
21822,2020-01,W6Y570,안덕면,90950.0,36.0
21823,2020-02,W6Y570,안덕면,87100.0,27.0
21824,2020-03,W6Y570,안덕면,143500.0,30.0
21825,2020-04,W6Y570,안덕면,100150.0,40.0
21826,2020-05,W6Y570,안덕면,110200.0,30.0
21827,2020-06,W6Y570,안덕면,74300.0,27.0
21828,2020-07,W6Y570,안덕면,72850.0,27.0
21829,2020-08,W6Y570,안덕면,157000.0,35.0
21830,2020-09,W6Y570,안덕면,107500.0,40.0
21831,2020-10,W6Y570,안덕면,99100.0,36.0
21832,2020-11,W6Y570,안덕면,100000.0,36.0
21833,2020-12,W6Y570,안덕면,151650.0,38.0
21834,2021-01,W6Y570,안덕면,124550.0,36.0
21835,2021-02,W6Y570,안덕면,114500.0,29.0
21836,2021-03,W6Y570,안덕면,128400.0,34.0
21837,2021-04,W6Y570,안덕면,,
21838,2021-05,W6Y570,안덕면,125800.0,49.0
21839,2021-06,W6Y570,안덕면,121950.0,45.0
21840,2018-01,W6Y571,안덕면,,
21841,2018-02,W6Y571,안덕면,,
21842,2018-03,W6Y571,안덕면,,
21843,2018-04,W6Y571,안덕면,,
21844,2018-05,W6Y571,안덕면,,
21845,2018-06,W6Y571,안덕면,,
21846,2018-07,W6Y571,안덕면,,
21847,2018-08,W6Y571,안덕면,,
21848,2018-09,W6Y571,안덕면,,
21849,2018-10,W6Y571,안덕면,,
21850,2018-11,W6Y571,안덕면,,
21851,2018-12,W6Y571,안덕면,1600.0,1.0
21852,2019-01,W6Y571,안덕면,81700.0,12.0
21853,2019-02,W6Y571,안덕면,260750.0,45.0
21854,2019-03,W6Y571,안덕면,220900.0,32.0
21855,2019-04,W6Y571,안덕면,158250.0,42.0
21856,2019-05,W6Y571,안덕면,111650.0,39.0
21857,2019-06,W6Y571,안덕면,91000.0,24.0
21858,2019-07,W6Y571,안덕면,90750.0,22.0
21859,2019-08,W6Y571,안덕면,164150.0,38.0
21860,2019-09,W6Y571,안덕면,76600.0,29.0
21861,2019-10,W6Y571,안덕면,91350.0,18.0
21862,2019-11,W6Y571,안덕면,74550.0,19.0
21863,2019-12,W6Y571,안덕면,22350.0,7.0
21864,2020-01,W6Y571,안덕면,457700.0,42.0
21865,2020-02,W6Y571,안덕면,583000.0,83.0
21866,2020-03,W6Y571,안덕면,227550.0,26.0
21867,2020-04,W6Y571,안덕면,307050.0,37.0
21868,2020-05,W6Y571,안덕면,390350.0,69.0
21869,2020-06,W6Y571,안덕면,479050.0,69.0
21870,2020-07,W6Y571,안덕면,516100.0,65.0
21871,2020-08,W6Y571,안덕면,782350.0,91.0
21872,2020-09,W6Y571,안덕면,266700.0,53.0
21873,2020-10,W6Y571,안덕면,221000.0,66.0
21874,2020-11,W6Y571,안덕면,224250.0,52.0
21875,2020-12,W6Y571,안덕면,231800.0,45.0
21876,2021-01,W6Y571,안덕면,148950.0,54.0
21877,2021-02,W6Y571,안덕면,175850.0,62.0
21878,2021-03,W6Y571,안덕면,287050.0,79.0
21879,2021-04,W6Y571,안덕면,,
21880,2021-05,W6Y571,안덕면,216050.0,87.0
21881,2021-06,W6Y571,안덕면,75600.0,43.0
21882,2018-01,W6Y572,안덕면,,
21883,2018-02,W6Y572,안덕면,,
21884,2018-03,W6Y572,안덕면,,
21885,2018-04,W6Y572,안덕면,,
21886,2018-05,W6Y572,안덕면,,
21887,2018-06,W6Y572,안덕면,,
21888,2018-07,W6Y572,안덕면,,
21889,2018-08,W6Y572,안덕면,,
21890,2018-09,W6Y572,안덕면,,
21891,2018-10,W6Y572,안덕면,,
21892,2018-11,W6Y572,안덕면,,
21893,2018-12,W6Y572,안덕면,,
21894,2019-01,W6Y572,안덕면,421650.0,106.0
21895,2019-02,W6Y572,안덕면,554200.0,160.0
21896,2019-03,W6Y572,안덕면,528350.0,180.0
21897,2019-04,W6Y572,안덕면,716950.0,239.0
21898,2019-05,W6Y572,안덕면,1054500.0,295.0
21899,2019-06,W6Y572,안덕면,928050.0,273.0
21900,2019-07,W6Y572,안덕면,1046350.0,303.0
21901,2019-08,W6Y572,안덕면,1189100.0,358.0
21902,2019-09,W6Y572,안덕면,941050.0,294.0
21903,2019-10,W6Y572,안덕면,872250.0,262.0
21904,2019-11,W6Y572,안덕면,833500.0,228.0
21905,2019-12,W6Y572,안덕면,1299150.0,258.0
21906,2020-01,W6Y572,안덕면,1329950.0,280.0
21907,2020-02,W6Y572,안덕면,1231750.0,262.0
21908,2020-03,W6Y572,안덕면,1262200.0,336.0
21909,2020-04,W6Y572,안덕면,1351950.0,300.0
21910,2020-05,W6Y572,안덕면,1619950.0,405.0
21911,2020-06,W6Y572,안덕면,1558800.0,398.0
21912,2020-07,W6Y572,안덕면,1726000.0,465.0
21913,2020-08,W6Y572,안덕면,1741900.0,464.0
21914,2020-09,W6Y572,안덕면,1424400.0,413.0
21915,2020-10,W6Y572,안덕면,1043850.0,302.0
21916,2020-11,W6Y572,안덕면,967150.0,235.0
21917,2020-12,W6Y572,안덕면,1062700.0,226.0
21918,2021-01,W6Y572,안덕면,801900.0,194.0
21919,2021-02,W6Y572,안덕면,748450.0,211.0
21920,2021-03,W6Y572,안덕면,952100.0,266.0
21921,2021-04,W6Y572,안덕면,,
21922,2021-05,W6Y572,안덕면,1578200.0,426.0
21923,2021-06,W6Y572,안덕면,2474050.0,568.0
21924,2018-01,W6Y573,안덕면,,
21925,2018-02,W6Y573,안덕면,,
21926,2018-03,W6Y573,안덕면,,
21927,2018-04,W6Y573,안덕면,,
21928,2018-05,W6Y573,안덕면,,
21929,2018-06,W6Y573,안덕면,,
21930,2018-07,W6Y573,안덕면,,
21931,2018-08,W6Y573,안덕면,,
21932,2018-09,W6Y573,안덕면,,
21933,2018-10,W6Y573,안덕면,,
21934,2018-11,W6Y573,안덕면,,
21935,2018-12,W6Y573,안덕면,10100.0,6.0
21936,2019-01,W6Y573,안덕면,67250.0,21.0
21937,2019-02,W6Y573,안덕면,209500.0,41.0
21938,2019-03,W6Y573,안덕면,135550.0,45.0
21939,2019-04,W6Y573,안덕면,72800.0,28.0
21940,2019-05,W6Y573,안덕면,164450.0,56.0
21941,2019-06,W6Y573,안덕면,190000.0,66.0
21942,2019-07,W6Y573,안덕면,207000.0,91.0
21943,2019-08,W6Y573,안덕면,179650.0,76.0
21944,2019-09,W6Y573,안덕면,212400.0,81.0
21945,2019-10,W6Y573,안덕면,146100.0,80.0
21946,2019-11,W6Y573,안덕면,125850.0,61.0
21947,2019-12,W6Y573,안덕면,199500.0,68.0
21948,2020-01,W6Y573,안덕면,164200.0,68.0
21949,2020-02,W6Y573,안덕면,225750.0,63.0
21950,2020-03,W6Y573,안덕면,156150.0,72.0
21951,2020-04,W6Y573,안덕면,221950.0,73.0
21952,2020-05,W6Y573,안덕면,201350.0,84.0
21953,2020-06,W6Y573,안덕면,224500.0,85.0
21954,2020-07,W6Y573,안덕면,225650.0,109.0
21955,2020-08,W6Y573,안덕면,263700.0,125.0
21956,2020-09,W6Y573,안덕면,275050.0,128.0
21957,2020-10,W6Y573,안덕면,219900.0,105.0
21958,2020-11,W6Y573,안덕면,246900.0,102.0
21959,2020-12,W6Y573,안덕면,233100.0,97.0
21960,2021-01,W6Y573,안덕면,206950.0,80.0
21961,2021-02,W6Y573,안덕면,280500.0,102.0
21962,2021-03,W6Y573,안덕면,221150.0,100.0
21963,2021-04,W6Y573,안덕면,,
21964,2021-05,W6Y573,안덕면,245400.0,125.0
21965,2021-06,W6Y573,안덕면,237550.0,106.0
21966,2018-01,W6Y574,안덕면,,
21967,2018-02,W6Y574,안덕면,,
21968,2018-03,W6Y574,안덕면,,
21969,2018-04,W6Y574,안덕면,,
21970,2018-05,W6Y574,안덕면,,
21971,2018-06,W6Y574,안덕면,,
21972,2018-07,W6Y574,안덕면,,
21973,2018-08,W6Y574,안덕면,,
21974,2018-09,W6Y574,안덕면,,
21975,2018-10,W6Y574,안덕면,,
21976,2018-11,W6Y574,안덕면,,
21977,2018-12,W6Y574,안덕면,7800.0,4.0
21978,2019-01,W6Y574,안덕면,119050.0,35.0
21979,2019-02,W6Y574,안덕면,188550.0,50.0
21980,2019-03,W6Y574,안덕면,381500.0,99.0
21981,2019-04,W6Y574,안덕면,309850.0,98.0
21982,2019-05,W6Y574,안덕면,326950.0,112.0
21983,2019-06,W6Y574,안덕면,267600.0,138.0
21984,2019-07,W6Y574,안덕면,369700.0,132.0
21985,2019-08,W6Y574,안덕면,453200.0,157.0
21986,2019-09,W6Y574,안덕면,326050.0,118.0
21987,2019-10,W6Y574,안덕면,263700.0,118.0
21988,2019-11,W6Y574,안덕면,226650.0,92.0
21989,2019-12,W6Y574,안덕면,224500.0,101.0
21990,2020-01,W6Y574,안덕면,249800.0,97.0
21991,2020-02,W6Y574,안덕면,230050.0,80.0
21992,2020-03,W6Y574,안덕면,277700.0,94.0
21993,2020-04,W6Y574,안덕면,243950.0,99.0
21994,2020-05,W6Y574,안덕면,260950.0,122.0
21995,2020-06,W6Y574,안덕면,237050.0,114.0
21996,2020-07,W6Y574,안덕면,335650.0,155.0
21997,2020-08,W6Y574,안덕면,277300.0,135.0
21998,2020-09,W6Y574,안덕면,300550.0,147.0
21999,2020-10,W6Y574,안덕면,277150.0,158.0
22000,2020-11,W6Y574,안덕면,288650.0,128.0
22001,2020-12,W6Y574,안덕면,361100.0,145.0
22002,2021-01,W6Y574,안덕면,323100.0,121.0
22003,2021-02,W6Y574,안덕면,295500.0,120.0
22004,2021-03,W6Y574,안덕면,318250.0,137.0
22005,2021-04,W6Y574,안덕면,,
22006,2021-05,W6Y574,안덕면,335450.0,150.0
22007,2021-06,W6Y574,안덕면,354650.0,201.0
22008,2018-01,W6Y575,안덕면,,
22009,2018-02,W6Y575,안덕면,,
22010,2018-03,W6Y575,안덕면,,
22011,2018-04,W6Y575,안덕면,,
22012,2018-05,W6Y575,안덕면,,
22013,2018-06,W6Y575,안덕면,,
22014,2018-07,W6Y575,안덕면,,
22015,2018-08,W6Y575,안덕면,,
22016,2018-09,W6Y575,안덕면,,
22017,2018-10,W6Y575,안덕면,,
22018,2018-11,W6Y575,안덕면,,
22019,2018-12,W6Y575,안덕면,2700.0,1.0
22020,2019-01,W6Y575,안덕면,28050.0,5.0
22021,2019-02,W6Y575,안덕면,20100.0,6.0
22022,2019-03,W6Y575,안덕면,13800.0,6.0
22023,2019-04,W6Y575,안덕면,15250.0,9.0
22024,2019-05,W6Y575,안덕면,43600.0,13.0
22025,2019-06,W6Y575,안덕면,146850.0,35.0
22026,2019-07,W6Y575,안덕면,75200.0,36.0
22027,2019-08,W6Y575,안덕면,53050.0,30.0
22028,2019-09,W6Y575,안덕면,45400.0,21.0
22029,2019-10,W6Y575,안덕면,45950.0,27.0
22030,2019-11,W6Y575,안덕면,27750.0,17.0
22031,2019-12,W6Y575,안덕면,52550.0,29.0
22032,2020-01,W6Y575,안덕면,107400.0,40.0
22033,2020-02,W6Y575,안덕면,70950.0,35.0
22034,2020-03,W6Y575,안덕면,132850.0,54.0
22035,2020-04,W6Y575,안덕면,121300.0,55.0
22036,2020-05,W6Y575,안덕면,123650.0,67.0
22037,2020-06,W6Y575,안덕면,281800.0,78.0
22038,2020-07,W6Y575,안덕면,446750.0,136.0
22039,2020-08,W6Y575,안덕면,458700.0,113.0
22040,2020-09,W6Y575,안덕면,338350.0,97.0
22041,2020-10,W6Y575,안덕면,449250.0,98.0
22042,2020-11,W6Y575,안덕면,250600.0,76.0
22043,2020-12,W6Y575,안덕면,235550.0,76.0
22044,2021-01,W6Y575,안덕면,233900.0,60.0
22045,2021-02,W6Y575,안덕면,143350.0,42.0
22046,2021-03,W6Y575,안덕면,266750.0,67.0
22047,2021-04,W6Y575,안덕면,,
22048,2021-05,W6Y575,안덕면,562800.0,130.0
22049,2021-06,W6Y575,안덕면,593100.0,143.0
22050,2018-01,W6Y576,안덕면,,
22051,2018-02,W6Y576,안덕면,,
22052,2018-03,W6Y576,안덕면,,
22053,2018-04,W6Y576,안덕면,,
22054,2018-05,W6Y576,안덕면,,
22055,2018-06,W6Y576,안덕면,,
22056,2018-07,W6Y576,안덕면,,
22057,2018-08,W6Y576,안덕면,,
22058,2018-09,W6Y576,안덕면,,
22059,2018-10,W6Y576,안덕면,,
22060,2018-11,W6Y576,안덕면,,
22061,2018-12,W6Y576,안덕면,11300.0,2.0
22062,2019-01,W6Y576,안덕면,105450.0,36.0
22063,2019-02,W6Y576,안덕면,135750.0,40.0
22064,2019-03,W6Y576,안덕면,78950.0,38.0
22065,2019-04,W6Y576,안덕면,162550.0,64.0
22066,2019-05,W6Y576,안덕면,106800.0,46.0
22067,2019-06,W6Y576,안덕면,108850.0,38.0
22068,2019-07,W6Y576,안덕면,152500.0,66.0
22069,2019-08,W6Y576,안덕면,174850.0,74.0
22070,2019-09,W6Y576,안덕면,175250.0,57.0
22071,2019-10,W6Y576,안덕면,211100.0,61.0
22072,2019-11,W6Y576,안덕면,69850.0,34.0
22073,2019-12,W6Y576,안덕면,72650.0,31.0
22074,2020-01,W6Y576,안덕면,104700.0,40.0
22075,2020-02,W6Y576,안덕면,100300.0,38.0
22076,2020-03,W6Y576,안덕면,81700.0,36.0
22077,2020-04,W6Y576,안덕면,119850.0,54.0
22078,2020-05,W6Y576,안덕면,138900.0,63.0
22079,2020-06,W6Y576,안덕면,218150.0,71.0
22080,2020-07,W6Y576,안덕면,176450.0,62.0
22081,2020-08,W6Y576,안덕면,193150.0,74.0
22082,2020-09,W6Y576,안덕면,84150.0,51.0
22083,2020-10,W6Y576,안덕면,167900.0,91.0
22084,2020-11,W6Y576,안덕면,138200.0,64.0
22085,2020-12,W6Y576,안덕면,120250.0,54.0
22086,2021-01,W6Y576,안덕면,82500.0,47.0
22087,2021-02,W6Y576,안덕면,86100.0,40.0
22088,2021-03,W6Y576,안덕면,101100.0,36.0
22089,2021-04,W6Y576,안덕면,,
22090,2021-05,W6Y576,안덕면,194100.0,58.0
22091,2021-06,W6Y576,안덕면,199750.0,68.0
22092,2018-01,W6Y577,안덕면,,
22093,2018-02,W6Y577,안덕면,,
22094,2018-03,W6Y577,안덕면,,
22095,2018-04,W6Y577,안덕면,,
22096,2018-05,W6Y577,안덕면,,
22097,2018-06,W6Y577,안덕면,,
22098,2018-07,W6Y577,안덕면,,
22099,2018-08,W6Y577,안덕면,,
22100,2018-09,W6Y577,안덕면,,
22101,2018-10,W6Y577,안덕면,,
22102,2018-11,W6Y577,안덕면,,
22103,2018-12,W6Y577,안덕면,6200.0,4.0
22104,2019-01,W6Y577,안덕면,167850.0,42.0
22105,2019-02,W6Y577,안덕면,164800.0,40.0
22106,2019-03,W6Y577,안덕면,180350.0,51.0
22107,2019-04,W6Y577,안덕면,169200.0,66.0
22108,2019-05,W6Y577,안덕면,353400.0,89.0
22109,2019-06,W6Y577,안덕면,444250.0,141.0
22110,2019-07,W6Y577,안덕면,511050.0,154.0
22111,2019-08,W6Y577,안덕면,553550.0,199.0
22112,2019-09,W6Y577,안덕면,356000.0,130.0
22113,2019-10,W6Y577,안덕면,277300.0,140.0
22114,2019-11,W6Y577,안덕면,235500.0,114.0
22115,2019-12,W6Y577,안덕면,256650.0,117.0
22116,2020-01,W6Y577,안덕면,594800.0,138.0
22117,2020-02,W6Y577,안덕면,525650.0,150.0
22118,2020-03,W6Y577,안덕면,444150.0,146.0
22119,2020-04,W6Y577,안덕면,327900.0,123.0
22120,2020-05,W6Y577,안덕면,563000.0,192.0
22121,2020-06,W6Y577,안덕면,522800.0,184.0
22122,2020-07,W6Y577,안덕면,746100.0,241.0
22123,2020-08,W6Y577,안덕면,878850.0,281.0
22124,2020-09,W6Y577,안덕면,273300.0,137.0
22125,2020-10,W6Y577,안덕면,397250.0,184.0
22126,2020-11,W6Y577,안덕면,316300.0,151.0
22127,2020-12,W6Y577,안덕면,364950.0,155.0
22128,2021-01,W6Y577,안덕면,438550.0,154.0
22129,2021-02,W6Y577,안덕면,383550.0,144.0
22130,2021-03,W6Y577,안덕면,329850.0,159.0
22131,2021-04,W6Y577,안덕면,,
22132,2021-05,W6Y577,안덕면,564150.0,301.0
22133,2021-06,W6Y577,안덕면,676400.0,325.0
22134,2018-01,W6Y578,안덕면,,
22135,2018-02,W6Y578,안덕면,,
22136,2018-03,W6Y578,안덕면,,
22137,2018-04,W6Y578,안덕면,,
22138,2018-05,W6Y578,안덕면,,
22139,2018-06,W6Y578,안덕면,,
22140,2018-07,W6Y578,안덕면,,
22141,2018-08,W6Y578,안덕면,,
22142,2018-09,W6Y578,안덕면,,
22143,2018-10,W6Y578,안덕면,,
22144,2018-11,W6Y578,안덕면,,
22145,2018-12,W6Y578,안덕면,90950.0,9.0
22146,2019-01,W6Y578,안덕면,513400.0,77.0
22147,2019-02,W6Y578,안덕면,676450.0,86.0
22148,2019-03,W6Y578,안덕면,880900.0,132.0
22149,2019-04,W6Y578,안덕면,819800.0,151.0
22150,2019-05,W6Y578,안덕면,1052500.0,185.0
22151,2019-06,W6Y578,안덕면,1227950.0,229.0
22152,2019-07,W6Y578,안덕면,1404100.0,238.0
22153,2019-08,W6Y578,안덕면,1562350.0,278.0
22154,2019-09,W6Y578,안덕면,1122550.0,258.0
22155,2019-10,W6Y578,안덕면,1177000.0,273.0
22156,2019-11,W6Y578,안덕면,1071650.0,233.0
22157,2019-12,W6Y578,안덕면,1185900.0,235.0
22158,2020-01,W6Y578,안덕면,1519550.0,212.0
22159,2020-02,W6Y578,안덕면,1101550.0,190.0
22160,2020-03,W6Y578,안덕면,1337100.0,262.0
22161,2020-04,W6Y578,안덕면,1002600.0,256.0
22162,2020-05,W6Y578,안덕면,1303850.0,314.0
22163,2020-06,W6Y578,안덕면,1888850.0,374.0
22164,2020-07,W6Y578,안덕면,1909300.0,415.0
22165,2020-08,W6Y578,안덕면,2354000.0,396.0
22166,2020-09,W6Y578,안덕면,1843750.0,341.0
22167,2020-10,W6Y578,안덕면,2454500.0,388.0
22168,2020-11,W6Y578,안덕면,2567350.0,375.0
22169,2020-12,W6Y578,안덕면,2067350.0,353.0
22170,2021-01,W6Y578,안덕면,1769950.0,266.0
22171,2021-02,W6Y578,안덕면,2277500.0,298.0
22172,2021-03,W6Y578,안덕면,2713100.0,321.0
22173,2021-04,W6Y578,안덕면,,
22174,2021-05,W6Y578,안덕면,3025300.0,399.0
22175,2021-06,W6Y578,안덕면,2661150.0,390.0
22176,2018-01,W6Y579,안덕면,,
22177,2018-02,W6Y579,안덕면,,
22178,2018-03,W6Y579,안덕면,,
22179,2018-04,W6Y579,안덕면,,
22180,2018-05,W6Y579,안덕면,,
22181,2018-06,W6Y579,안덕면,,
22182,2018-07,W6Y579,안덕면,,
22183,2018-08,W6Y579,안덕면,,
22184,2018-09,W6Y579,안덕면,,
22185,2018-10,W6Y579,안덕면,,
22186,2018-11,W6Y579,안덕면,,
22187,2018-12,W6Y579,안덕면,75450.0,13.0
22188,2019-01,W6Y579,안덕면,742950.0,97.0
22189,2019-02,W6Y579,안덕면,928250.0,137.0
22190,2019-03,W6Y579,안덕면,1024250.0,190.0
22191,2019-04,W6Y579,안덕면,1120100.0,211.0
22192,2019-05,W6Y579,안덕면,876600.0,201.0
22193,2019-06,W6Y579,안덕면,1002800.0,187.0
22194,2019-07,W6Y579,안덕면,1152200.0,240.0
22195,2019-08,W6Y579,안덕면,1397600.0,314.0
22196,2019-09,W6Y579,안덕면,794050.0,246.0
22197,2019-10,W6Y579,안덕면,876750.0,271.0
22198,2019-11,W6Y579,안덕면,1122350.0,256.0
22199,2019-12,W6Y579,안덕면,1367450.0,278.0
22200,2020-01,W6Y579,안덕면,1178550.0,281.0
22201,2020-02,W6Y579,안덕면,1102250.0,245.0
22202,2020-03,W6Y579,안덕면,1451200.0,333.0
22203,2020-04,W6Y579,안덕면,1373550.0,306.0
22204,2020-05,W6Y579,안덕면,1549000.0,363.0
22205,2020-06,W6Y579,안덕면,1818150.0,396.0
22206,2020-07,W6Y579,안덕면,2024950.0,439.0
22207,2020-08,W6Y579,안덕면,2558850.0,537.0
22208,2020-09,W6Y579,안덕면,1634950.0,382.0
22209,2020-10,W6Y579,안덕면,2287500.0,467.0
22210,2020-11,W6Y579,안덕면,2228850.0,414.0
22211,2020-12,W6Y579,안덕면,1899150.0,344.0
22212,2021-01,W6Y579,안덕면,1750850.0,327.0
22213,2021-02,W6Y579,안덕면,1829800.0,320.0
22214,2021-03,W6Y579,안덕면,2141450.0,390.0
22215,2021-04,W6Y579,안덕면,,
22216,2021-05,W6Y579,안덕면,2528700.0,531.0
22217,2021-06,W6Y579,안덕면,2448500.0,529.0
22218,2018-01,W6Y580,안덕면,,
22219,2018-02,W6Y580,안덕면,,
22220,2018-03,W6Y580,안덕면,,
22221,2018-04,W6Y580,안덕면,,
22222,2018-05,W6Y580,안덕면,,
22223,2018-06,W6Y580,안덕면,,
22224,2018-07,W6Y580,안덕면,,
22225,2018-08,W6Y580,안덕면,,
22226,2018-09,W6Y580,안덕면,,
22227,2018-10,W6Y580,안덕면,,
22228,2018-11,W6Y580,안덕면,,
22229,2018-12,W6Y580,안덕면,79650.0,15.0
22230,2019-01,W6Y580,안덕면,598000.0,98.0
22231,2019-02,W6Y580,안덕면,861950.0,125.0
22232,2019-03,W6Y580,안덕면,988300.0,167.0
22233,2019-04,W6Y580,안덕면,773050.0,139.0
22234,2019-05,W6Y580,안덕면,906900.0,200.0
22235,2019-06,W6Y580,안덕면,1073850.0,231.0
22236,2019-07,W6Y580,안덕면,1282200.0,281.0
22237,2019-08,W6Y580,안덕면,1588000.0,315.0
22238,2019-09,W6Y580,안덕면,1329800.0,287.0
22239,2019-10,W6Y580,안덕면,900850.0,215.0
22240,2019-11,W6Y580,안덕면,958500.0,215.0
22241,2019-12,W6Y580,안덕면,1009400.0,238.0
22242,2020-01,W6Y580,안덕면,1000400.0,253.0
22243,2020-02,W6Y580,안덕면,1021300.0,230.0
22244,2020-03,W6Y580,안덕면,989900.0,237.0
22245,2020-04,W6Y580,안덕면,712650.0,186.0
22246,2020-05,W6Y580,안덕면,958250.0,252.0
22247,2020-06,W6Y580,안덕면,1007250.0,279.0
22248,2020-07,W6Y580,안덕면,1044900.0,314.0
22249,2020-08,W6Y580,안덕면,1040850.0,286.0
22250,2020-09,W6Y580,안덕면,748700.0,225.0
22251,2020-10,W6Y580,안덕면,572750.0,161.0
22252,2020-11,W6Y580,안덕면,586500.0,131.0
22253,2020-12,W6Y580,안덕면,561150.0,112.0
22254,2021-01,W6Y580,안덕면,547650.0,125.0
22255,2021-02,W6Y580,안덕면,501350.0,99.0
22256,2021-03,W6Y580,안덕면,1166800.0,279.0
22257,2021-04,W6Y580,안덕면,,
22258,2021-05,W6Y580,안덕면,1155650.0,306.0
22259,2021-06,W6Y580,안덕면,1407050.0,361.0
22260,2018-01,W6Y581,안덕면,,
22261,2018-02,W6Y581,안덕면,,
22262,2018-03,W6Y581,안덕면,,
22263,2018-04,W6Y581,안덕면,,
22264,2018-05,W6Y581,안덕면,,
22265,2018-06,W6Y581,안덕면,,
22266,2018-07,W6Y581,안덕면,,
22267,2018-08,W6Y581,안덕면,,
22268,2018-09,W6Y581,안덕면,,
22269,2018-10,W6Y581,안덕면,,
22270,2018-11,W6Y581,안덕면,,
22271,2018-12,W6Y581,안덕면,57050.0,11.0
22272,2019-01,W6Y581,안덕면,960500.0,132.0
22273,2019-02,W6Y581,안덕면,1185250.0,189.0
22274,2019-03,W6Y581,안덕면,1368650.0,194.0
22275,2019-04,W6Y581,안덕면,1214150.0,193.0
22276,2019-05,W6Y581,안덕면,1347900.0,261.0
22277,2019-06,W6Y581,안덕면,1252000.0,291.0
22278,2019-07,W6Y581,안덕면,1328950.0,321.0
22279,2019-08,W6Y581,안덕면,1348650.0,403.0
22280,2019-09,W6Y581,안덕면,1213750.0,367.0
22281,2019-10,W6Y581,안덕면,1131800.0,306.0
22282,2019-11,W6Y581,안덕면,1123400.0,246.0
22283,2019-12,W6Y581,안덕면,1164950.0,258.0
22284,2020-01,W6Y581,안덕면,1030500.0,208.0
22285,2020-02,W6Y581,안덕면,690900.0,148.0
22286,2020-03,W6Y581,안덕면,468800.0,139.0
22287,2020-04,W6Y581,안덕면,469100.0,150.0
22288,2020-05,W6Y581,안덕면,488600.0,188.0
22289,2020-06,W6Y581,안덕면,548500.0,194.0
22290,2020-07,W6Y581,안덕면,548950.0,195.0
22291,2020-08,W6Y581,안덕면,1111950.0,366.0
22292,2020-09,W6Y581,안덕면,704200.0,290.0
22293,2020-10,W6Y581,안덕면,868750.0,318.0
22294,2020-11,W6Y581,안덕면,1038700.0,304.0
22295,2020-12,W6Y581,안덕면,875900.0,247.0
22296,2021-01,W6Y581,안덕면,1043950.0,265.0
22297,2021-02,W6Y581,안덕면,899800.0,244.0
22298,2021-03,W6Y581,안덕면,908950.0,241.0
22299,2021-04,W6Y581,안덕면,,
22300,2021-05,W6Y581,안덕면,966000.0,342.0
22301,2021-06,W6Y581,안덕면,972850.0,344.0
22302,2018-01,W6Y582,안덕면,,
22303,2018-02,W6Y582,안덕면,,
22304,2018-03,W6Y582,안덕면,,
22305,2018-04,W6Y582,안덕면,,
22306,2018-05,W6Y582,안덕면,,
22307,2018-06,W6Y582,안덕면,,
22308,2018-07,W6Y582,안덕면,,
22309,2018-08,W6Y582,안덕면,,
22310,2018-09,W6Y582,안덕면,,
22311,2018-10,W6Y582,안덕면,,
22312,2018-11,W6Y582,안덕면,,
22313,2018-12,W6Y582,안덕면,72350.0,10.0
22314,2019-01,W6Y582,안덕면,482700.0,97.0
22315,2019-02,W6Y582,안덕면,659500.0,168.0
22316,2019-03,W6Y582,안덕면,721100.0,183.0
22317,2019-04,W6Y582,안덕면,888300.0,189.0
22318,2019-05,W6Y582,안덕면,803650.0,186.0
22319,2019-06,W6Y582,안덕면,974250.0,260.0
22320,2019-07,W6Y582,안덕면,1316400.0,308.0
22321,2019-08,W6Y582,안덕면,1481400.0,305.0
22322,2019-09,W6Y582,안덕면,1099500.0,255.0
22323,2019-10,W6Y582,안덕면,737550.0,175.0
22324,2019-11,W6Y582,안덕면,721300.0,188.0
22325,2019-12,W6Y582,안덕면,904000.0,203.0
22326,2020-01,W6Y582,안덕면,1192500.0,267.0
22327,2020-02,W6Y582,안덕면,1043750.0,204.0
22328,2020-03,W6Y582,안덕면,1208200.0,240.0
22329,2020-04,W6Y582,안덕면,1110900.0,246.0
22330,2020-05,W6Y582,안덕면,1562850.0,342.0
22331,2020-06,W6Y582,안덕면,1102250.0,281.0
22332,2020-07,W6Y582,안덕면,752900.0,179.0
22333,2020-08,W6Y582,안덕면,122850.0,38.0
22334,2020-09,W6Y582,안덕면,,
22335,2020-10,W6Y582,안덕면,495950.0,158.0
22336,2020-11,W6Y582,안덕면,572850.0,169.0
22337,2020-12,W6Y582,안덕면,798950.0,211.0
22338,2021-01,W6Y582,안덕면,859350.0,193.0
22339,2021-02,W6Y582,안덕면,856800.0,188.0
22340,2021-03,W6Y582,안덕면,821200.0,223.0
22341,2021-04,W6Y582,안덕면,,
22342,2021-05,W6Y582,안덕면,1159800.0,346.0
22343,2021-06,W6Y582,안덕면,1424600.0,401.0
22344,2018-01,W6Y583,안덕면,,
22345,2018-02,W6Y583,안덕면,,
22346,2018-03,W6Y583,안덕면,,
22347,2018-04,W6Y583,안덕면,,
22348,2018-05,W6Y583,안덕면,,
22349,2018-06,W6Y583,안덕면,,
22350,2018-07,W6Y583,안덕면,,
22351,2018-08,W6Y583,안덕면,,
22352,2018-09,W6Y583,안덕면,,
22353,2018-10,W6Y583,안덕면,,
22354,2018-11,W6Y583,안덕면,,
22355,2018-12,W6Y583,안덕면,11050.0,3.0
22356,2019-01,W6Y583,안덕면,167850.0,63.0
22357,2019-02,W6Y583,안덕면,267050.0,91.0
22358,2019-03,W6Y583,안덕면,329750.0,104.0
22359,2019-04,W6Y583,안덕면,430000.0,142.0
22360,2019-05,W6Y583,안덕면,446400.0,171.0
22361,2019-06,W6Y583,안덕면,448050.0,169.0
22362,2019-07,W6Y583,안덕면,540100.0,218.0
22363,2019-08,W6Y583,안덕면,772050.0,271.0
22364,2019-09,W6Y583,안덕면,584500.0,239.0
22365,2019-10,W6Y583,안덕면,570500.0,248.0
22366,2019-11,W6Y583,안덕면,586700.0,199.0
22367,2019-12,W6Y583,안덕면,677500.0,195.0
22368,2020-01,W6Y583,안덕면,735200.0,219.0
22369,2020-02,W6Y583,안덕면,595650.0,191.0
22370,2020-03,W6Y583,안덕면,767100.0,219.0
22371,2020-04,W6Y583,안덕면,766050.0,224.0
22372,2020-05,W6Y583,안덕면,881250.0,282.0
22373,2020-06,W6Y583,안덕면,717550.0,266.0
22374,2020-07,W6Y583,안덕면,955650.0,300.0
22375,2020-08,W6Y583,안덕면,981400.0,321.0
22376,2020-09,W6Y583,안덕면,690850.0,266.0
22377,2020-10,W6Y583,안덕면,712400.0,281.0
22378,2020-11,W6Y583,안덕면,739250.0,256.0
22379,2020-12,W6Y583,안덕면,725400.0,224.0
22380,2021-01,W6Y583,안덕면,519400.0,187.0
22381,2021-02,W6Y583,안덕면,563550.0,202.0
22382,2021-03,W6Y583,안덕면,596500.0,222.0
22383,2021-04,W6Y583,안덕면,,
22384,2021-05,W6Y583,안덕면,789000.0,297.0
22385,2021-06,W6Y583,안덕면,910150.0,297.0
22386,2018-01,W6Y584,안덕면,,
22387,2018-02,W6Y584,안덕면,,
22388,2018-03,W6Y584,안덕면,,
22389,2018-04,W6Y584,안덕면,,
22390,2018-05,W6Y584,안덕면,,
22391,2018-06,W6Y584,안덕면,,
22392,2018-07,W6Y584,안덕면,,
22393,2018-08,W6Y584,안덕면,,
22394,2018-09,W6Y584,안덕면,,
22395,2018-10,W6Y584,안덕면,,
22396,2018-11,W6Y584,안덕면,,
22397,2018-12,W6Y584,안덕면,77100.0,9.0
22398,2019-01,W6Y584,안덕면,299800.0,84.0
22399,2019-02,W6Y584,안덕면,376100.0,144.0
22400,2019-03,W6Y584,안덕면,533800.0,208.0
22401,2019-04,W6Y584,안덕면,583350.0,231.0
22402,2019-05,W6Y584,안덕면,648450.0,254.0
22403,2019-06,W6Y584,안덕면,905050.0,327.0
22404,2019-07,W6Y584,안덕면,1035350.0,413.0
22405,2019-08,W6Y584,안덕면,883900.0,393.0
22406,2019-09,W6Y584,안덕면,986500.0,408.0
22407,2019-10,W6Y584,안덕면,796400.0,336.0
22408,2019-11,W6Y584,안덕면,1065200.0,335.0
22409,2019-12,W6Y584,안덕면,1424500.0,360.0
22410,2020-01,W6Y584,안덕면,1317700.0,355.0
22411,2020-02,W6Y584,안덕면,1350300.0,369.0
22412,2020-03,W6Y584,안덕면,1347800.0,398.0
22413,2020-04,W6Y584,안덕면,1334350.0,387.0
22414,2020-05,W6Y584,안덕면,1374900.0,495.0
22415,2020-06,W6Y584,안덕면,1278250.0,477.0
22416,2020-07,W6Y584,안덕면,1045800.0,409.0
22417,2020-08,W6Y584,안덕면,1485600.0,519.0
22418,2020-09,W6Y584,안덕면,994000.0,415.0
22419,2020-10,W6Y584,안덕면,1054850.0,373.0
22420,2020-11,W6Y584,안덕면,1149450.0,355.0
22421,2020-12,W6Y584,안덕면,973100.0,308.0
22422,2021-01,W6Y584,안덕면,1136200.0,340.0
22423,2021-02,W6Y584,안덕면,1066400.0,343.0
22424,2021-03,W6Y584,안덕면,952100.0,373.0
22425,2021-04,W6Y584,안덕면,,
22426,2021-05,W6Y584,안덕면,1075450.0,391.0
22427,2021-06,W6Y584,안덕면,1269650.0,421.0
22428,2018-01,W6Y585,안덕면,,
22429,2018-02,W6Y585,안덕면,,
22430,2018-03,W6Y585,안덕면,,
22431,2018-04,W6Y585,안덕면,,
22432,2018-05,W6Y585,안덕면,,
22433,2018-06,W6Y585,안덕면,,
22434,2018-07,W6Y585,안덕면,,
22435,2018-08,W6Y585,안덕면,,
22436,2018-09,W6Y585,안덕면,,
22437,2018-10,W6Y585,안덕면,,
22438,2018-11,W6Y585,안덕면,,
22439,2018-12,W6Y585,안덕면,,
22440,2019-01,W6Y585,안덕면,171750.0,27.0
22441,2019-02,W6Y585,안덕면,150150.0,30.0
22442,2019-03,W6Y585,안덕면,195700.0,25.0
22443,2019-04,W6Y585,안덕면,266350.0,37.0
22444,2019-05,W6Y585,안덕면,210250.0,45.0
22445,2019-06,W6Y585,안덕면,256450.0,60.0
22446,2019-07,W6Y585,안덕면,257450.0,75.0
22447,2019-08,W6Y585,안덕면,243100.0,62.0
22448,2019-09,W6Y585,안덕면,261000.0,66.0
22449,2019-10,W6Y585,안덕면,163300.0,46.0
22450,2019-11,W6Y585,안덕면,19850.0,4.0
22451,2019-12,W6Y585,안덕면,138600.0,48.0
22452,2020-01,W6Y585,안덕면,212600.0,82.0
22453,2020-02,W6Y585,안덕면,155800.0,58.0
22454,2020-03,W6Y585,안덕면,143850.0,69.0
22455,2020-04,W6Y585,안덕면,138550.0,71.0
22456,2020-05,W6Y585,안덕면,113850.0,71.0
22457,2020-06,W6Y585,안덕면,182850.0,87.0
22458,2020-07,W6Y585,안덕면,143300.0,70.0
22459,2020-08,W6Y585,안덕면,238400.0,91.0
22460,2020-09,W6Y585,안덕면,289050.0,84.0
22461,2020-10,W6Y585,안덕면,194550.0,66.0
22462,2020-11,W6Y585,안덕면,209350.0,61.0
22463,2020-12,W6Y585,안덕면,127950.0,44.0
22464,2021-01,W6Y585,안덕면,192800.0,51.0
22465,2021-02,W6Y585,안덕면,161200.0,51.0
22466,2021-03,W6Y585,안덕면,195550.0,56.0
22467,2021-04,W6Y585,안덕면,,
22468,2021-05,W6Y585,안덕면,257850.0,70.0
22469,2021-06,W6Y585,안덕면,289750.0,83.0
22470,2018-01,W6Y586,안덕면,,
22471,2018-02,W6Y586,안덕면,,
22472,2018-03,W6Y586,안덕면,,
22473,2018-04,W6Y586,안덕면,,
22474,2018-05,W6Y586,안덕면,,
22475,2018-06,W6Y586,안덕면,,
22476,2018-07,W6Y586,안덕면,,
22477,2018-08,W6Y586,안덕면,,
22478,2018-09,W6Y586,안덕면,,
22479,2018-10,W6Y586,안덕면,,
22480,2018-11,W6Y586,안덕면,,
22481,2018-12,W6Y586,안덕면,14700.0,8.0
22482,2019-01,W6Y586,안덕면,428200.0,65.0
22483,2019-02,W6Y586,안덕면,218900.0,66.0
22484,2019-03,W6Y586,안덕면,313400.0,86.0
22485,2019-04,W6Y586,안덕면,299200.0,93.0
22486,2019-05,W6Y586,안덕면,254750.0,88.0
22487,2019-06,W6Y586,안덕면,134700.0,64.0
22488,2019-07,W6Y586,안덕면,246350.0,131.0
22489,2019-08,W6Y586,안덕면,554650.0,192.0
22490,2019-09,W6Y586,안덕면,371900.0,167.0
22491,2019-10,W6Y586,안덕면,330250.0,186.0
22492,2019-11,W6Y586,안덕면,403300.0,156.0
22493,2019-12,W6Y586,안덕면,378200.0,156.0
22494,2020-01,W6Y586,안덕면,460150.0,132.0
22495,2020-02,W6Y586,안덕면,375600.0,125.0
22496,2020-03,W6Y586,안덕면,275600.0,132.0
22497,2020-04,W6Y586,안덕면,252300.0,105.0
22498,2020-05,W6Y586,안덕면,419150.0,147.0
22499,2020-06,W6Y586,안덕면,438400.0,145.0
22500,2020-07,W6Y586,안덕면,378950.0,147.0
22501,2020-08,W6Y586,안덕면,412000.0,169.0
22502,2020-09,W6Y586,안덕면,264650.0,137.0
22503,2020-10,W6Y586,안덕면,344050.0,140.0
22504,2020-11,W6Y586,안덕면,397850.0,125.0
22505,2020-12,W6Y586,안덕면,442250.0,116.0
22506,2021-01,W6Y586,안덕면,334350.0,123.0
22507,2021-02,W6Y586,안덕면,321650.0,114.0
22508,2021-03,W6Y586,안덕면,454350.0,154.0
22509,2021-04,W6Y586,안덕면,,
22510,2021-05,W6Y586,안덕면,288800.0,158.0
22511,2021-06,W6Y586,안덕면,312300.0,188.0
22512,2018-01,W6Y587,안덕면,,
22513,2018-02,W6Y587,안덕면,,
22514,2018-03,W6Y587,안덕면,,
22515,2018-04,W6Y587,안덕면,,
22516,2018-05,W6Y587,안덕면,,
22517,2018-06,W6Y587,안덕면,,
22518,2018-07,W6Y587,안덕면,,
22519,2018-08,W6Y587,안덕면,,
22520,2018-09,W6Y587,안덕면,,
22521,2018-10,W6Y587,안덕면,,
22522,2018-11,W6Y587,안덕면,,
22523,2018-12,W6Y587,안덕면,6550.0,2.0
22524,2019-01,W6Y587,안덕면,110900.0,21.0
22525,2019-02,W6Y587,안덕면,193400.0,35.0
22526,2019-03,W6Y587,안덕면,214050.0,48.0
22527,2019-04,W6Y587,안덕면,171550.0,38.0
22528,2019-05,W6Y587,안덕면,241850.0,53.0
22529,2019-06,W6Y587,안덕면,318250.0,78.0
22530,2019-07,W6Y587,안덕면,359600.0,85.0
22531,2019-08,W6Y587,안덕면,292350.0,61.0
22532,2019-09,W6Y587,안덕면,304100.0,71.0
22533,2019-10,W6Y587,안덕면,366200.0,90.0
22534,2019-11,W6Y587,안덕면,579700.0,105.0
22535,2019-12,W6Y587,안덕면,531350.0,114.0
22536,2020-01,W6Y587,안덕면,474550.0,86.0
22537,2020-02,W6Y587,안덕면,341250.0,94.0
22538,2020-03,W6Y587,안덕면,406400.0,102.0
22539,2020-04,W6Y587,안덕면,399150.0,102.0
22540,2020-05,W6Y587,안덕면,381950.0,94.0
22541,2020-06,W6Y587,안덕면,297750.0,75.0
22542,2020-07,W6Y587,안덕면,303250.0,80.0
22543,2020-08,W6Y587,안덕면,369600.0,104.0
22544,2020-09,W6Y587,안덕면,223800.0,68.0
22545,2020-10,W6Y587,안덕면,226100.0,67.0
22546,2020-11,W6Y587,안덕면,267850.0,73.0
22547,2020-12,W6Y587,안덕면,395400.0,64.0
22548,2021-01,W6Y587,안덕면,307650.0,71.0
22549,2021-02,W6Y587,안덕면,268150.0,54.0
22550,2021-03,W6Y587,안덕면,247950.0,58.0
22551,2021-04,W6Y587,안덕면,,
22552,2021-05,W6Y587,안덕면,351100.0,92.0
22553,2021-06,W6Y587,안덕면,386300.0,101.0
22554,2018-01,W6Y588,안덕면,,
22555,2018-02,W6Y588,안덕면,,
22556,2018-03,W6Y588,안덕면,,
22557,2018-04,W6Y588,안덕면,,
22558,2018-05,W6Y588,안덕면,,
22559,2018-06,W6Y588,안덕면,,
22560,2018-07,W6Y588,안덕면,,
22561,2018-08,W6Y588,안덕면,,
22562,2018-09,W6Y588,안덕면,,
22563,2018-10,W6Y588,안덕면,,
22564,2018-11,W6Y588,안덕면,,
22565,2018-12,W6Y588,안덕면,1350.0,1.0
22566,2019-01,W6Y588,안덕면,66950.0,6.0
22567,2019-02,W6Y588,안덕면,218050.0,32.0
22568,2019-03,W6Y588,안덕면,296850.0,50.0
22569,2019-04,W6Y588,안덕면,295750.0,53.0
22570,2019-05,W6Y588,안덕면,324050.0,48.0
22571,2019-06,W6Y588,안덕면,430000.0,60.0
22572,2019-07,W6Y588,안덕면,386700.0,70.0
22573,2019-08,W6Y588,안덕면,399800.0,59.0
22574,2019-09,W6Y588,안덕면,483750.0,48.0
22575,2019-10,W6Y588,안덕면,1159350.0,68.0
22576,2019-11,W6Y588,안덕면,915350.0,64.0
22577,2019-12,W6Y588,안덕면,359350.0,34.0
22578,2020-01,W6Y588,안덕면,292650.0,36.0
22579,2020-02,W6Y588,안덕면,344400.0,42.0
22580,2020-03,W6Y588,안덕면,361300.0,61.0
22581,2020-04,W6Y588,안덕면,524200.0,84.0
22582,2020-05,W6Y588,안덕면,495550.0,82.0
22583,2020-06,W6Y588,안덕면,581250.0,93.0
22584,2020-07,W6Y588,안덕면,611650.0,96.0
22585,2020-08,W6Y588,안덕면,617800.0,86.0
22586,2020-09,W6Y588,안덕면,520900.0,89.0
22587,2020-10,W6Y588,안덕면,425050.0,85.0
22588,2020-11,W6Y588,안덕면,473950.0,76.0
22589,2020-12,W6Y588,안덕면,353550.0,61.0
22590,2021-01,W6Y588,안덕면,340950.0,75.0
22591,2021-02,W6Y588,안덕면,358450.0,76.0
22592,2021-03,W6Y588,안덕면,503550.0,86.0
22593,2021-04,W6Y588,안덕면,,
22594,2021-05,W6Y588,안덕면,527200.0,83.0
22595,2021-06,W6Y588,안덕면,514850.0,81.0
22596,2018-01,W6Y589,안덕면,,
22597,2018-02,W6Y589,안덕면,,
22598,2018-03,W6Y589,안덕면,,
22599,2018-04,W6Y589,안덕면,,
22600,2018-05,W6Y589,안덕면,,
22601,2018-06,W6Y589,안덕면,,
22602,2018-07,W6Y589,안덕면,,
22603,2018-08,W6Y589,안덕면,,
22604,2018-09,W6Y589,안덕면,,
22605,2018-10,W6Y589,안덕면,,
22606,2018-11,W6Y589,안덕면,,
22607,2018-12,W6Y589,안덕면,,
22608,2019-01,W6Y589,안덕면,165750.0,33.0
22609,2019-02,W6Y589,안덕면,542600.0,73.0
22610,2019-03,W6Y589,안덕면,461150.0,66.0
22611,2019-04,W6Y589,안덕면,219450.0,67.0
22612,2019-05,W6Y589,안덕면,233000.0,73.0
22613,2019-06,W6Y589,안덕면,519350.0,109.0
22614,2019-07,W6Y589,안덕면,514000.0,127.0
22615,2019-08,W6Y589,안덕면,369750.0,149.0
22616,2019-09,W6Y589,안덕면,284900.0,138.0
22617,2019-10,W6Y589,안덕면,173600.0,102.0
22618,2019-11,W6Y589,안덕면,242600.0,113.0
22619,2019-12,W6Y589,안덕면,439650.0,145.0
22620,2020-01,W6Y589,안덕면,581700.0,169.0
22621,2020-02,W6Y589,안덕면,382600.0,131.0
22622,2020-03,W6Y589,안덕면,293250.0,116.0
22623,2020-04,W6Y589,안덕면,338250.0,133.0
22624,2020-05,W6Y589,안덕면,579550.0,193.0
22625,2020-06,W6Y589,안덕면,707500.0,223.0
22626,2020-07,W6Y589,안덕면,1150000.0,238.0
22627,2020-08,W6Y589,안덕면,861100.0,227.0
22628,2020-09,W6Y589,안덕면,402300.0,174.0
22629,2020-10,W6Y589,안덕면,413700.0,180.0
22630,2020-11,W6Y589,안덕면,358800.0,170.0
22631,2020-12,W6Y589,안덕면,396550.0,161.0
22632,2021-01,W6Y589,안덕면,354350.0,139.0
22633,2021-02,W6Y589,안덕면,360400.0,121.0
22634,2021-03,W6Y589,안덕면,360050.0,166.0
22635,2021-04,W6Y589,안덕면,,
22636,2021-05,W6Y589,안덕면,467750.0,218.0
22637,2021-06,W6Y589,안덕면,377500.0,220.0
22638,2018-01,W6Y590,안덕면,,
22639,2018-02,W6Y590,안덕면,,
22640,2018-03,W6Y590,안덕면,,
22641,2018-04,W6Y590,안덕면,,
22642,2018-05,W6Y590,안덕면,,
22643,2018-06,W6Y590,안덕면,,
22644,2018-07,W6Y590,안덕면,,
22645,2018-08,W6Y590,안덕면,,
22646,2018-09,W6Y590,안덕면,,
22647,2018-10,W6Y590,안덕면,,
22648,2018-11,W6Y590,안덕면,,
22649,2018-12,W6Y590,안덕면,68650.0,12.0
22650,2019-01,W6Y590,안덕면,1203550.0,146.0
22651,2019-02,W6Y590,안덕면,1307600.0,142.0
22652,2019-03,W6Y590,안덕면,1564250.0,164.0
22653,2019-04,W6Y590,안덕면,1768850.0,189.0
22654,2019-05,W6Y590,안덕면,2467750.0,289.0
22655,2019-06,W6Y590,안덕면,2599300.0,322.0
22656,2019-07,W6Y590,안덕면,2654400.0,320.0
22657,2019-08,W6Y590,안덕면,3179500.0,360.0
22658,2019-09,W6Y590,안덕면,2511150.0,293.0
22659,2019-10,W6Y590,안덕면,2730250.0,325.0
22660,2019-11,W6Y590,안덕면,2402950.0,327.0
22661,2019-12,W6Y590,안덕면,2471450.0,310.0
22662,2020-01,W6Y590,안덕면,2542000.0,303.0
22663,2020-02,W6Y590,안덕면,1871150.0,272.0
22664,2020-03,W6Y590,안덕면,2151850.0,342.0
22665,2020-04,W6Y590,안덕면,2200450.0,305.0
22666,2020-05,W6Y590,안덕면,2695800.0,372.0
22667,2020-06,W6Y590,안덕면,2365650.0,309.0
22668,2020-07,W6Y590,안덕면,,
22669,2020-08,W6Y590,안덕면,,
22670,2020-09,W6Y590,안덕면,,
22671,2020-10,W6Y590,안덕면,,
22672,2020-11,W6Y590,안덕면,,
22673,2020-12,W6Y590,안덕면,,
22674,2021-01,W6Y590,안덕면,,
22675,2021-02,W6Y590,안덕면,,
22676,2021-03,W6Y590,안덕면,,
22677,2021-04,W6Y590,안덕면,,
22678,2021-05,W6Y590,안덕면,,
22679,2021-06,W6Y590,안덕면,,
22680,2018-01,W6Y591,안덕면,,
22681,2018-02,W6Y591,안덕면,,
22682,2018-03,W6Y591,안덕면,,
22683,2018-04,W6Y591,안덕면,,
22684,2018-05,W6Y591,안덕면,,
22685,2018-06,W6Y591,안덕면,,
22686,2018-07,W6Y591,안덕면,,
22687,2018-08,W6Y591,안덕면,,
22688,2018-09,W6Y591,안덕면,,
22689,2018-10,W6Y591,안덕면,,
22690,2018-11,W6Y591,안덕면,,
22691,2018-12,W6Y591,안덕면,11200.0,7.0
22692,2019-01,W6Y591,안덕면,77600.0,45.0
22693,2019-02,W6Y591,안덕면,101250.0,59.0
22694,2019-03,W6Y591,안덕면,147500.0,68.0
22695,2019-04,W6Y591,안덕면,329950.0,76.0
22696,2019-05,W6Y591,안덕면,299100.0,105.0
22697,2019-06,W6Y591,안덕면,132700.0,75.0
22698,2019-07,W6Y591,안덕면,312850.0,80.0
22699,2019-08,W6Y591,안덕면,396500.0,112.0
22700,2019-09,W6Y591,안덕면,187000.0,101.0
22701,2019-10,W6Y591,안덕면,200050.0,108.0
22702,2019-11,W6Y591,안덕면,196100.0,106.0
22703,2019-12,W6Y591,안덕면,180450.0,98.0
22704,2020-01,W6Y591,안덕면,178700.0,90.0
22705,2020-02,W6Y591,안덕면,176400.0,82.0
22706,2020-03,W6Y591,안덕면,256150.0,89.0
22707,2020-04,W6Y591,안덕면,320400.0,97.0
22708,2020-05,W6Y591,안덕면,384200.0,107.0
22709,2020-06,W6Y591,안덕면,413500.0,111.0
22710,2020-07,W6Y591,안덕면,330650.0,109.0
22711,2020-08,W6Y591,안덕면,406450.0,119.0
22712,2020-09,W6Y591,안덕면,397400.0,133.0
22713,2020-10,W6Y591,안덕면,535700.0,136.0
22714,2020-11,W6Y591,안덕면,521600.0,153.0
22715,2020-12,W6Y591,안덕면,476300.0,170.0
22716,2021-01,W6Y591,안덕면,530900.0,141.0
22717,2021-02,W6Y591,안덕면,482800.0,116.0
22718,2021-03,W6Y591,안덕면,621850.0,147.0
22719,2021-04,W6Y591,안덕면,,
22720,2021-05,W6Y591,안덕면,708550.0,182.0
22721,2021-06,W6Y591,안덕면,780850.0,212.0
22722,2018-01,W6Y592,안덕면,,
22723,2018-02,W6Y592,안덕면,,
22724,2018-03,W6Y592,안덕면,,
22725,2018-04,W6Y592,안덕면,,
22726,2018-05,W6Y592,안덕면,,
22727,2018-06,W6Y592,안덕면,,
22728,2018-07,W6Y592,안덕면,,
22729,2018-08,W6Y592,안덕면,,
22730,2018-09,W6Y592,안덕면,,
22731,2018-10,W6Y592,안덕면,,
22732,2018-11,W6Y592,안덕면,,
22733,2018-12,W6Y592,안덕면,3500.0,3.0
22734,2019-01,W6Y592,안덕면,31450.0,16.0
22735,2019-02,W6Y592,안덕면,191650.0,25.0
22736,2019-03,W6Y592,안덕면,149750.0,44.0
22737,2019-04,W6Y592,안덕면,188650.0,43.0
22738,2019-05,W6Y592,안덕면,230350.0,56.0
22739,2019-06,W6Y592,안덕면,303750.0,66.0
22740,2019-07,W6Y592,안덕면,332650.0,80.0
22741,2019-08,W6Y592,안덕면,311750.0,63.0
22742,2019-09,W6Y592,안덕면,345100.0,82.0
22743,2019-10,W6Y592,안덕면,294300.0,81.0
22744,2019-11,W6Y592,안덕면,346800.0,72.0
22745,2019-12,W6Y592,안덕면,359100.0,71.0
22746,2020-01,W6Y592,안덕면,292450.0,68.0
22747,2020-02,W6Y592,안덕면,323350.0,72.0
22748,2020-03,W6Y592,안덕면,255650.0,80.0
22749,2020-04,W6Y592,안덕면,311250.0,72.0
22750,2020-05,W6Y592,안덕면,304150.0,88.0
22751,2020-06,W6Y592,안덕면,380700.0,85.0
22752,2020-07,W6Y592,안덕면,754600.0,117.0
22753,2020-08,W6Y592,안덕면,979300.0,139.0
22754,2020-09,W6Y592,안덕면,340900.0,83.0
22755,2020-10,W6Y592,안덕면,370650.0,77.0
22756,2020-11,W6Y592,안덕면,261200.0,87.0
22757,2020-12,W6Y592,안덕면,293800.0,82.0
22758,2021-01,W6Y592,안덕면,403100.0,101.0
22759,2021-02,W6Y592,안덕면,365300.0,90.0
22760,2021-03,W6Y592,안덕면,450850.0,96.0
22761,2021-04,W6Y592,안덕면,,
22762,2021-05,W6Y592,안덕면,291600.0,102.0
22763,2021-06,W6Y592,안덕면,316300.0,93.0
22764,2018-01,W6Y593,안덕면,,
22765,2018-02,W6Y593,안덕면,,
22766,2018-03,W6Y593,안덕면,,
22767,2018-04,W6Y593,안덕면,,
22768,2018-05,W6Y593,안덕면,,
22769,2018-06,W6Y593,안덕면,,
22770,2018-07,W6Y593,안덕면,,
22771,2018-08,W6Y593,안덕면,,
22772,2018-09,W6Y593,안덕면,,
22773,2018-10,W6Y593,안덕면,,
22774,2018-11,W6Y593,안덕면,,
22775,2018-12,W6Y593,안덕면,,
22776,2019-01,W6Y593,안덕면,29450.0,11.0
22777,2019-02,W6Y593,안덕면,43000.0,20.0
22778,2019-03,W6Y593,안덕면,48400.0,18.0
22779,2019-04,W6Y593,안덕면,71100.0,30.0
22780,2019-05,W6Y593,안덕면,61400.0,25.0
22781,2019-06,W6Y593,안덕면,104850.0,38.0
22782,2019-07,W6Y593,안덕면,146500.0,57.0
22783,2019-08,W6Y593,안덕면,175500.0,74.0
22784,2019-09,W6Y593,안덕면,96950.0,55.0
22785,2019-10,W6Y593,안덕면,158000.0,75.0
22786,2019-11,W6Y593,안덕면,139050.0,68.0
22787,2019-12,W6Y593,안덕면,164650.0,72.0
22788,2020-01,W6Y593,안덕면,185550.0,74.0
22789,2020-02,W6Y593,안덕면,128250.0,51.0
22790,2020-03,W6Y593,안덕면,167050.0,51.0
22791,2020-04,W6Y593,안덕면,136100.0,63.0
22792,2020-05,W6Y593,안덕면,208550.0,86.0
22793,2020-06,W6Y593,안덕면,279800.0,97.0
22794,2020-07,W6Y593,안덕면,318150.0,111.0
22795,2020-08,W6Y593,안덕면,386350.0,131.0
22796,2020-09,W6Y593,안덕면,244050.0,89.0
22797,2020-10,W6Y593,안덕면,355500.0,120.0
22798,2020-11,W6Y593,안덕면,303950.0,104.0
22799,2020-12,W6Y593,안덕면,247150.0,93.0
22800,2021-01,W6Y593,안덕면,219650.0,90.0
22801,2021-02,W6Y593,안덕면,223200.0,73.0
22802,2021-03,W6Y593,안덕면,265300.0,87.0
22803,2021-04,W6Y593,안덕면,,
22804,2021-05,W6Y593,안덕면,411150.0,130.0
22805,2021-06,W6Y593,안덕면,413200.0,110.0
22806,2018-01,W6Y594,안덕면,,
22807,2018-02,W6Y594,안덕면,,
22808,2018-03,W6Y594,안덕면,,
22809,2018-04,W6Y594,안덕면,,
22810,2018-05,W6Y594,안덕면,,
22811,2018-06,W6Y594,안덕면,,
22812,2018-07,W6Y594,안덕면,,
22813,2018-08,W6Y594,안덕면,,
22814,2018-09,W6Y594,안덕면,,
22815,2018-10,W6Y594,안덕면,,
22816,2018-11,W6Y594,안덕면,,
22817,2018-12,W6Y594,안덕면,350.0,3.0
22818,2019-01,W6Y594,안덕면,91700.0,31.0
22819,2019-02,W6Y594,안덕면,72100.0,27.0
22820,2019-03,W6Y594,안덕면,68850.0,33.0
22821,2019-04,W6Y594,안덕면,153050.0,60.0
22822,2019-05,W6Y594,안덕면,113700.0,59.0
22823,2019-06,W6Y594,안덕면,151550.0,52.0
22824,2019-07,W6Y594,안덕면,246150.0,73.0
22825,2019-08,W6Y594,안덕면,231600.0,100.0
22826,2019-09,W6Y594,안덕면,242850.0,98.0
22827,2019-10,W6Y594,안덕면,174000.0,94.0
22828,2019-11,W6Y594,안덕면,185800.0,84.0
22829,2019-12,W6Y594,안덕면,225850.0,85.0
22830,2020-01,W6Y594,안덕면,208500.0,78.0
22831,2020-02,W6Y594,안덕면,268800.0,115.0
22832,2020-03,W6Y594,안덕면,332650.0,112.0
22833,2020-04,W6Y594,안덕면,550750.0,108.0
22834,2020-05,W6Y594,안덕면,392500.0,137.0
22835,2020-06,W6Y594,안덕면,347750.0,146.0
22836,2020-07,W6Y594,안덕면,370500.0,166.0
22837,2020-08,W6Y594,안덕면,421350.0,131.0
22838,2020-09,W6Y594,안덕면,295400.0,107.0
22839,2020-10,W6Y594,안덕면,261050.0,106.0
22840,2020-11,W6Y594,안덕면,187350.0,94.0
22841,2020-12,W6Y594,안덕면,261650.0,95.0
22842,2021-01,W6Y594,안덕면,225350.0,90.0
22843,2021-02,W6Y594,안덕면,247600.0,89.0
22844,2021-03,W6Y594,안덕면,179550.0,78.0
22845,2021-04,W6Y594,안덕면,,
22846,2021-05,W6Y594,안덕면,252050.0,86.0
22847,2021-06,W6Y594,안덕면,147700.0,70.0
22848,2018-01,W6Y595,안덕면,,
22849,2018-02,W6Y595,안덕면,,
22850,2018-03,W6Y595,안덕면,,
22851,2018-04,W6Y595,안덕면,,
22852,2018-05,W6Y595,안덕면,,
22853,2018-06,W6Y595,안덕면,,
22854,2018-07,W6Y595,안덕면,,
22855,2018-08,W6Y595,안덕면,,
22856,2018-09,W6Y595,안덕면,,
22857,2018-10,W6Y595,안덕면,,
22858,2018-11,W6Y595,안덕면,,
22859,2018-12,W6Y595,안덕면,15150.0,3.0
22860,2019-01,W6Y595,안덕면,186650.0,39.0
22861,2019-02,W6Y595,안덕면,89250.0,30.0
22862,2019-03,W6Y595,안덕면,102800.0,35.0
22863,2019-04,W6Y595,안덕면,83800.0,42.0
22864,2019-05,W6Y595,안덕면,89100.0,58.0
22865,2019-06,W6Y595,안덕면,72950.0,46.0
22866,2019-07,W6Y595,안덕면,162500.0,77.0
22867,2019-08,W6Y595,안덕면,232100.0,103.0
22868,2019-09,W6Y595,안덕면,155750.0,76.0
22869,2019-10,W6Y595,안덕면,168600.0,83.0
22870,2019-11,W6Y595,안덕면,217500.0,69.0
22871,2019-12,W6Y595,안덕면,208100.0,61.0
22872,2020-01,W6Y595,안덕면,124500.0,61.0
22873,2020-02,W6Y595,안덕면,211050.0,46.0
22874,2020-03,W6Y595,안덕면,113750.0,47.0
22875,2020-04,W6Y595,안덕면,152950.0,57.0
22876,2020-05,W6Y595,안덕면,176700.0,82.0
22877,2020-06,W6Y595,안덕면,229250.0,84.0
22878,2020-07,W6Y595,안덕면,213900.0,106.0
22879,2020-08,W6Y595,안덕면,327550.0,149.0
22880,2020-09,W6Y595,안덕면,242050.0,106.0
22881,2020-10,W6Y595,안덕면,224650.0,95.0
22882,2020-11,W6Y595,안덕면,341600.0,95.0
22883,2020-12,W6Y595,안덕면,219450.0,80.0
22884,2021-01,W6Y595,안덕면,347200.0,85.0
22885,2021-02,W6Y595,안덕면,281550.0,88.0
22886,2021-03,W6Y595,안덕면,264650.0,87.0
22887,2021-04,W6Y595,안덕면,,
22888,2021-05,W6Y595,안덕면,338150.0,112.0
22889,2021-06,W6Y595,안덕면,418400.0,131.0
22890,2018-01,W6Y596,안덕면,,
22891,2018-02,W6Y596,안덕면,,
22892,2018-03,W6Y596,안덕면,,
22893,2018-04,W6Y596,안덕면,,
22894,2018-05,W6Y596,안덕면,,
22895,2018-06,W6Y596,안덕면,,
22896,2018-07,W6Y596,안덕면,,
22897,2018-08,W6Y596,안덕면,,
22898,2018-09,W6Y596,안덕면,,
22899,2018-10,W6Y596,안덕면,,
22900,2018-11,W6Y596,안덕면,,
22901,2018-12,W6Y596,안덕면,8350.0,2.0
22902,2019-01,W6Y596,안덕면,92500.0,29.0
22903,2019-02,W6Y596,안덕면,77200.0,24.0
22904,2019-03,W6Y596,안덕면,97700.0,32.0
22905,2019-04,W6Y596,안덕면,75950.0,34.0
22906,2019-05,W6Y596,안덕면,99650.0,36.0
22907,2019-06,W6Y596,안덕면,100350.0,38.0
22908,2019-07,W6Y596,안덕면,111000.0,41.0
22909,2019-08,W6Y596,안덕면,139300.0,54.0
22910,2019-09,W6Y596,안덕면,111800.0,63.0
22911,2019-10,W6Y596,안덕면,167250.0,55.0
22912,2019-11,W6Y596,안덕면,144750.0,40.0
22913,2019-12,W6Y596,안덕면,134800.0,44.0
22914,2020-01,W6Y596,안덕면,167800.0,55.0
22915,2020-02,W6Y596,안덕면,111400.0,43.0
22916,2020-03,W6Y596,안덕면,144500.0,50.0
22917,2020-04,W6Y596,안덕면,145250.0,45.0
22918,2020-05,W6Y596,안덕면,166800.0,55.0
22919,2020-06,W6Y596,안덕면,229650.0,74.0
22920,2020-07,W6Y596,안덕면,340000.0,93.0
22921,2020-08,W6Y596,안덕면,379500.0,143.0
22922,2020-09,W6Y596,안덕면,342600.0,155.0
22923,2020-10,W6Y596,안덕면,417100.0,156.0
22924,2020-11,W6Y596,안덕면,380250.0,150.0
22925,2020-12,W6Y596,안덕면,382400.0,145.0
22926,2021-01,W6Y596,안덕면,544350.0,137.0
22927,2021-02,W6Y596,안덕면,595100.0,148.0
22928,2021-03,W6Y596,안덕면,475800.0,144.0
22929,2021-04,W6Y596,안덕면,,
22930,2021-05,W6Y596,안덕면,601300.0,172.0
22931,2021-06,W6Y596,안덕면,806300.0,178.0
22932,2018-01,W6Y597,안덕면,,
22933,2018-02,W6Y597,안덕면,,
22934,2018-03,W6Y597,안덕면,,
22935,2018-04,W6Y597,안덕면,,
22936,2018-05,W6Y597,안덕면,,
22937,2018-06,W6Y597,안덕면,,
22938,2018-07,W6Y597,안덕면,,
22939,2018-08,W6Y597,안덕면,,
22940,2018-09,W6Y597,안덕면,,
22941,2018-10,W6Y597,안덕면,,
22942,2018-11,W6Y597,안덕면,,
22943,2018-12,W6Y597,안덕면,4100.0,1.0
22944,2019-01,W6Y597,안덕면,66350.0,19.0
22945,2019-02,W6Y597,안덕면,101950.0,20.0
22946,2019-03,W6Y597,안덕면,59450.0,19.0
22947,2019-04,W6Y597,안덕면,59150.0,24.0
22948,2019-05,W6Y597,안덕면,86150.0,43.0
22949,2019-06,W6Y597,안덕면,196900.0,42.0
22950,2019-07,W6Y597,안덕면,262800.0,68.0
22951,2019-08,W6Y597,안덕면,302250.0,71.0
22952,2019-09,W6Y597,안덕면,194900.0,59.0
22953,2019-10,W6Y597,안덕면,161100.0,60.0
22954,2019-11,W6Y597,안덕면,154200.0,40.0
22955,2019-12,W6Y597,안덕면,181150.0,59.0
22956,2020-01,W6Y597,안덕면,275750.0,73.0
22957,2020-02,W6Y597,안덕면,243650.0,84.0
22958,2020-03,W6Y597,안덕면,335750.0,107.0
22959,2020-04,W6Y597,안덕면,48200.0,23.0
22960,2020-05,W6Y597,안덕면,279600.0,103.0
22961,2020-06,W6Y597,안덕면,202750.0,65.0
22962,2020-07,W6Y597,안덕면,,
22963,2020-08,W6Y597,안덕면,,
22964,2020-09,W6Y597,안덕면,,
22965,2020-10,W6Y597,안덕면,,
22966,2020-11,W6Y597,안덕면,,
22967,2020-12,W6Y597,안덕면,,
22968,2021-01,W6Y597,안덕면,,
22969,2021-02,W6Y597,안덕면,,
22970,2021-03,W6Y597,안덕면,,
22971,2021-04,W6Y597,안덕면,,
22972,2021-05,W6Y597,안덕면,,
22973,2021-06,W6Y597,안덕면,,
22974,2018-01,W6Y598,안덕면,,
22975,2018-02,W6Y598,안덕면,,
22976,2018-03,W6Y598,안덕면,,
22977,2018-04,W6Y598,안덕면,,
22978,2018-05,W6Y598,안덕면,,
22979,2018-06,W6Y598,안덕면,,
22980,2018-07,W6Y598,안덕면,,
22981,2018-08,W6Y598,안덕면,,
22982,2018-09,W6Y598,안덕면,,
22983,2018-10,W6Y598,안덕면,,
22984,2018-11,W6Y598,안덕면,,
22985,2018-12,W6Y598,안덕면,8750.0,3.0
22986,2019-01,W6Y598,안덕면,113500.0,26.0
22987,2019-02,W6Y598,안덕면,56300.0,25.0
22988,2019-03,W6Y598,안덕면,72300.0,27.0
22989,2019-04,W6Y598,안덕면,96550.0,32.0
22990,2019-05,W6Y598,안덕면,71200.0,28.0
22991,2019-06,W6Y598,안덕면,198900.0,59.0
22992,2019-07,W6Y598,안덕면,187800.0,51.0
22993,2019-08,W6Y598,안덕면,206850.0,65.0
22994,2019-09,W6Y598,안덕면,232750.0,58.0
22995,2019-10,W6Y598,안덕면,176400.0,87.0
22996,2019-11,W6Y598,안덕면,167050.0,62.0
22997,2019-12,W6Y598,안덕면,168600.0,52.0
22998,2020-01,W6Y598,안덕면,229000.0,65.0
22999,2020-02,W6Y598,안덕면,144900.0,58.0
23000,2020-03,W6Y598,안덕면,167900.0,57.0
23001,2020-04,W6Y598,안덕면,141300.0,55.0
23002,2020-05,W6Y598,안덕면,157200.0,79.0
23003,2020-06,W6Y598,안덕면,208550.0,80.0
23004,2020-07,W6Y598,안덕면,260900.0,84.0
23005,2020-08,W6Y598,안덕면,280350.0,82.0
23006,2020-09,W6Y598,안덕면,196700.0,92.0
23007,2020-10,W6Y598,안덕면,257450.0,119.0
23008,2020-11,W6Y598,안덕면,201550.0,88.0
23009,2020-12,W6Y598,안덕면,276250.0,64.0
23010,2021-01,W6Y598,안덕면,158750.0,55.0
23011,2021-02,W6Y598,안덕면,149700.0,52.0
23012,2021-03,W6Y598,안덕면,81150.0,35.0
23013,2021-04,W6Y598,안덕면,,
23014,2021-05,W6Y598,안덕면,133250.0,80.0
23015,2021-06,W6Y598,안덕면,194900.0,60.0
23016,2018-01,W6Y599,안덕면,,
23017,2018-02,W6Y599,안덕면,,
23018,2018-03,W6Y599,안덕면,,
23019,2018-04,W6Y599,안덕면,,
23020,2018-05,W6Y599,안덕면,,
23021,2018-06,W6Y599,안덕면,,
23022,2018-07,W6Y599,안덕면,,
23023,2018-08,W6Y599,안덕면,,
23024,2018-09,W6Y599,안덕면,,
23025,2018-10,W6Y599,안덕면,,
23026,2018-11,W6Y599,안덕면,,
23027,2018-12,W6Y599,안덕면,400.0,1.0
23028,2019-01,W6Y599,안덕면,70300.0,23.0
23029,2019-02,W6Y599,안덕면,30400.0,12.0
23030,2019-03,W6Y599,안덕면,54300.0,28.0
23031,2019-04,W6Y599,안덕면,47950.0,26.0
23032,2019-05,W6Y599,안덕면,81350.0,31.0
23033,2019-06,W6Y599,안덕면,83450.0,36.0
23034,2019-07,W6Y599,안덕면,82100.0,48.0
23035,2019-08,W6Y599,안덕면,83950.0,48.0
23036,2019-09,W6Y599,안덕면,67450.0,34.0
23037,2019-10,W6Y599,안덕면,50600.0,31.0
23038,2019-11,W6Y599,안덕면,63800.0,30.0
23039,2019-12,W6Y599,안덕면,64100.0,27.0
23040,2020-01,W6Y599,안덕면,84650.0,29.0
23041,2020-02,W6Y599,안덕면,101800.0,40.0
23042,2020-03,W6Y599,안덕면,135200.0,66.0
23043,2020-04,W6Y599,안덕면,139650.0,70.0
23044,2020-05,W6Y599,안덕면,187650.0,100.0
23045,2020-06,W6Y599,안덕면,169250.0,80.0
23046,2020-07,W6Y599,안덕면,,
23047,2020-08,W6Y599,안덕면,,
23048,2020-09,W6Y599,안덕면,,
23049,2020-10,W6Y599,안덕면,,
23050,2020-11,W6Y599,안덕면,,
23051,2020-12,W6Y599,안덕면,,
23052,2021-01,W6Y599,안덕면,,
23053,2021-02,W6Y599,안덕면,,
23054,2021-03,W6Y599,안덕면,,
23055,2021-04,W6Y599,안덕면,,
23056,2021-05,W6Y599,안덕면,,
23057,2021-06,W6Y599,안덕면,,
23058,2018-01,W6Y600,안덕면,,
23059,2018-02,W6Y600,안덕면,,
23060,2018-03,W6Y600,안덕면,,
23061,2018-04,W6Y600,안덕면,,
23062,2018-05,W6Y600,안덕면,,
23063,2018-06,W6Y600,안덕면,,
23064,2018-07,W6Y600,안덕면,,
23065,2018-08,W6Y600,안덕면,,
23066,2018-09,W6Y600,안덕면,,
23067,2018-10,W6Y600,안덕면,,
23068,2018-11,W6Y600,안덕면,,
23069,2018-12,W6Y600,안덕면,38400.0,12.0
23070,2019-01,W6Y600,안덕면,235400.0,74.0
23071,2019-02,W6Y600,안덕면,299300.0,86.0
23072,2019-03,W6Y600,안덕면,332400.0,106.0
23073,2019-04,W6Y600,안덕면,680050.0,145.0
23074,2019-05,W6Y600,안덕면,919200.0,195.0
23075,2019-06,W6Y600,안덕면,815500.0,198.0
23076,2019-07,W6Y600,안덕면,920400.0,242.0
23077,2019-08,W6Y600,안덕면,923000.0,230.0
23078,2019-09,W6Y600,안덕면,887450.0,250.0
23079,2019-10,W6Y600,안덕면,805400.0,225.0
23080,2019-11,W6Y600,안덕면,708700.0,185.0
23081,2019-12,W6Y600,안덕면,740900.0,166.0
23082,2020-01,W6Y600,안덕면,861500.0,186.0
23083,2020-02,W6Y600,안덕면,628400.0,145.0
23084,2020-03,W6Y600,안덕면,685950.0,175.0
23085,2020-04,W6Y600,안덕면,478800.0,150.0
23086,2020-05,W6Y600,안덕면,467150.0,179.0
23087,2020-06,W6Y600,안덕면,721100.0,211.0
23088,2020-07,W6Y600,안덕면,774750.0,228.0
23089,2020-08,W6Y600,안덕면,975550.0,254.0
23090,2020-09,W6Y600,안덕면,654250.0,229.0
23091,2020-10,W6Y600,안덕면,772900.0,247.0
23092,2020-11,W6Y600,안덕면,729300.0,213.0
23093,2020-12,W6Y600,안덕면,580850.0,205.0
23094,2021-01,W6Y600,안덕면,497150.0,190.0
23095,2021-02,W6Y600,안덕면,604650.0,194.0
23096,2021-03,W6Y600,안덕면,598000.0,178.0
23097,2021-04,W6Y600,안덕면,,
23098,2021-05,W6Y600,안덕면,734400.0,197.0
23099,2021-06,W6Y600,안덕면,704600.0,194.0
23100,2018-01,W6Y601,안덕면,,
23101,2018-02,W6Y601,안덕면,,
23102,2018-03,W6Y601,안덕면,,
23103,2018-04,W6Y601,안덕면,,
23104,2018-05,W6Y601,안덕면,,
23105,2018-06,W6Y601,안덕면,,
23106,2018-07,W6Y601,안덕면,,
23107,2018-08,W6Y601,안덕면,,
23108,2018-09,W6Y601,안덕면,,
23109,2018-10,W6Y601,안덕면,,
23110,2018-11,W6Y601,안덕면,,
23111,2018-12,W6Y601,안덕면,8150.0,3.0
23112,2019-01,W6Y601,안덕면,222250.0,35.0
23113,2019-02,W6Y601,안덕면,201800.0,47.0
23114,2019-03,W6Y601,안덕면,229300.0,38.0
23115,2019-04,W6Y601,안덕면,280900.0,49.0
23116,2019-05,W6Y601,안덕면,345700.0,55.0
23117,2019-06,W6Y601,안덕면,333400.0,59.0
23118,2019-07,W6Y601,안덕면,346750.0,92.0
23119,2019-08,W6Y601,안덕면,312200.0,85.0
23120,2019-09,W6Y601,안덕면,304900.0,104.0
23121,2019-10,W6Y601,안덕면,287800.0,92.0
23122,2019-11,W6Y601,안덕면,317900.0,84.0
23123,2019-12,W6Y601,안덕면,379950.0,61.0
23124,2020-01,W6Y601,안덕면,365200.0,49.0
23125,2020-02,W6Y601,안덕면,192650.0,43.0
23126,2020-03,W6Y601,안덕면,248900.0,50.0
23127,2020-04,W6Y601,안덕면,212150.0,42.0
23128,2020-05,W6Y601,안덕면,298800.0,42.0
23129,2020-06,W6Y601,안덕면,306850.0,44.0
23130,2020-07,W6Y601,안덕면,454600.0,61.0
23131,2020-08,W6Y601,안덕면,587950.0,81.0
23132,2020-09,W6Y601,안덕면,410650.0,66.0
23133,2020-10,W6Y601,안덕면,520950.0,71.0
23134,2020-11,W6Y601,안덕면,435950.0,71.0
23135,2020-12,W6Y601,안덕면,86650.0,33.0
23136,2021-01,W6Y601,안덕면,139000.0,54.0
23137,2021-02,W6Y601,안덕면,171300.0,57.0
23138,2021-03,W6Y601,안덕면,118900.0,47.0
23139,2021-04,W6Y601,안덕면,,
23140,2021-05,W6Y601,안덕면,221050.0,72.0
23141,2021-06,W6Y601,안덕면,196600.0,78.0
23142,2018-01,W6Y602,안덕면,,
23143,2018-02,W6Y602,안덕면,,
23144,2018-03,W6Y602,안덕면,,
23145,2018-04,W6Y602,안덕면,,
23146,2018-05,W6Y602,안덕면,,
23147,2018-06,W6Y602,안덕면,,
23148,2018-07,W6Y602,안덕면,,
23149,2018-08,W6Y602,안덕면,,
23150,2018-09,W6Y602,안덕면,,
23151,2018-10,W6Y602,안덕면,,
23152,2018-11,W6Y602,안덕면,,
23153,2018-12,W6Y602,안덕면,,
23154,2019-01,W6Y602,안덕면,46850.0,11.0
23155,2019-02,W6Y602,안덕면,59200.0,17.0
23156,2019-03,W6Y602,안덕면,92350.0,24.0
23157,2019-04,W6Y602,안덕면,77300.0,25.0
23158,2019-05,W6Y602,안덕면,90850.0,32.0
23159,2019-06,W6Y602,안덕면,88000.0,30.0
23160,2019-07,W6Y602,안덕면,100100.0,33.0
23161,2019-08,W6Y602,안덕면,128150.0,43.0
23162,2019-09,W6Y602,안덕면,131650.0,45.0
23163,2019-10,W6Y602,안덕면,93050.0,33.0
23164,2019-11,W6Y602,안덕면,123900.0,38.0
23165,2019-12,W6Y602,안덕면,100800.0,29.0
23166,2020-01,W6Y602,안덕면,130050.0,31.0
23167,2020-02,W6Y602,안덕면,115500.0,28.0
23168,2020-03,W6Y602,안덕면,119750.0,35.0
23169,2020-04,W6Y602,안덕면,89500.0,24.0
23170,2020-05,W6Y602,안덕면,115150.0,32.0
23171,2020-06,W6Y602,안덕면,99300.0,35.0
23172,2020-07,W6Y602,안덕면,119850.0,47.0
23173,2020-08,W6Y602,안덕면,98900.0,39.0
23174,2020-09,W6Y602,안덕면,78200.0,33.0
23175,2020-10,W6Y602,안덕면,126500.0,31.0
23176,2020-11,W6Y602,안덕면,76750.0,27.0
23177,2020-12,W6Y602,안덕면,113450.0,26.0
23178,2021-01,W6Y602,안덕면,81800.0,26.0
23179,2021-02,W6Y602,안덕면,114900.0,35.0
23180,2021-03,W6Y602,안덕면,113300.0,25.0
23181,2021-04,W6Y602,안덕면,,
23182,2021-05,W6Y602,안덕면,128550.0,44.0
23183,2021-06,W6Y602,안덕면,114200.0,39.0
23184,2018-01,W6Y603,안덕면,,
23185,2018-02,W6Y603,안덕면,,
23186,2018-03,W6Y603,안덕면,,
23187,2018-04,W6Y603,안덕면,,
23188,2018-05,W6Y603,안덕면,,
23189,2018-06,W6Y603,안덕면,,
23190,2018-07,W6Y603,안덕면,,
23191,2018-08,W6Y603,안덕면,,
23192,2018-09,W6Y603,안덕면,,
23193,2018-10,W6Y603,안덕면,,
23194,2018-11,W6Y603,안덕면,,
23195,2018-12,W6Y603,안덕면,12150.0,5.0
23196,2019-01,W6Y603,안덕면,56750.0,25.0
23197,2019-02,W6Y603,안덕면,84150.0,33.0
23198,2019-03,W6Y603,안덕면,90850.0,36.0
23199,2019-04,W6Y603,안덕면,86500.0,38.0
23200,2019-05,W6Y603,안덕면,48650.0,34.0
23201,2019-06,W6Y603,안덕면,84600.0,35.0
23202,2019-07,W6Y603,안덕면,94250.0,35.0
23203,2019-08,W6Y603,안덕면,126200.0,46.0
23204,2019-09,W6Y603,안덕면,65600.0,31.0
23205,2019-10,W6Y603,안덕면,69750.0,31.0
23206,2019-11,W6Y603,안덕면,78300.0,40.0
23207,2019-12,W6Y603,안덕면,81250.0,39.0
23208,2020-01,W6Y603,안덕면,99400.0,29.0
23209,2020-02,W6Y603,안덕면,103300.0,39.0
23210,2020-03,W6Y603,안덕면,99000.0,41.0
23211,2020-04,W6Y603,안덕면,74900.0,40.0
23212,2020-05,W6Y603,안덕면,73200.0,46.0
23213,2020-06,W6Y603,안덕면,102550.0,50.0
23214,2020-07,W6Y603,안덕면,186700.0,78.0
23215,2020-08,W6Y603,안덕면,169450.0,71.0
23216,2020-09,W6Y603,안덕면,137000.0,59.0
23217,2020-10,W6Y603,안덕면,121400.0,56.0
23218,2020-11,W6Y603,안덕면,149600.0,61.0
23219,2020-12,W6Y603,안덕면,153700.0,41.0
23220,2021-01,W6Y603,안덕면,133200.0,50.0
23221,2021-02,W6Y603,안덕면,134850.0,49.0
23222,2021-03,W6Y603,안덕면,126650.0,50.0
23223,2021-04,W6Y603,안덕면,,
23224,2021-05,W6Y603,안덕면,128350.0,69.0
23225,2021-06,W6Y603,안덕면,89850.0,43.0
23226,2018-01,W6Y604,안덕면,,
23227,2018-02,W6Y604,안덕면,,
23228,2018-03,W6Y604,안덕면,,
23229,2018-04,W6Y604,안덕면,,
23230,2018-05,W6Y604,안덕면,,
23231,2018-06,W6Y604,안덕면,,
23232,2018-07,W6Y604,안덕면,,
23233,2018-08,W6Y604,안덕면,,
23234,2018-09,W6Y604,안덕면,,
23235,2018-10,W6Y604,안덕면,,
23236,2018-11,W6Y604,안덕면,,
23237,2018-12,W6Y604,안덕면,137650.0,22.0
23238,2019-01,W6Y604,안덕면,220250.0,60.0
23239,2019-02,W6Y604,안덕면,444700.0,88.0
23240,2019-03,W6Y604,안덕면,431800.0,75.0
23241,2019-04,W6Y604,안덕면,461750.0,93.0
23242,2019-05,W6Y604,안덕면,654350.0,130.0
23243,2019-06,W6Y604,안덕면,504500.0,128.0
23244,2019-07,W6Y604,안덕면,678800.0,172.0
23245,2019-08,W6Y604,안덕면,799850.0,183.0
23246,2019-09,W6Y604,안덕면,523800.0,139.0
23247,2019-10,W6Y604,안덕면,541200.0,142.0
23248,2019-11,W6Y604,안덕면,383150.0,108.0
23249,2019-12,W6Y604,안덕면,440850.0,106.0
23250,2020-01,W6Y604,안덕면,780850.0,148.0
23251,2020-02,W6Y604,안덕면,350000.0,88.0
23252,2020-03,W6Y604,안덕면,642150.0,140.0
23253,2020-04,W6Y604,안덕면,501550.0,115.0
23254,2020-05,W6Y604,안덕면,771400.0,160.0
23255,2020-06,W6Y604,안덕면,783050.0,185.0
23256,2020-07,W6Y604,안덕면,821950.0,199.0
23257,2020-08,W6Y604,안덕면,923700.0,210.0
23258,2020-09,W6Y604,안덕면,767600.0,189.0
23259,2020-10,W6Y604,안덕면,854550.0,206.0
23260,2020-11,W6Y604,안덕면,928800.0,215.0
23261,2020-12,W6Y604,안덕면,801100.0,172.0
23262,2021-01,W6Y604,안덕면,662800.0,168.0
23263,2021-02,W6Y604,안덕면,734150.0,156.0
23264,2021-03,W6Y604,안덕면,1084200.0,239.0
23265,2021-04,W6Y604,안덕면,,
23266,2021-05,W6Y604,안덕면,1055950.0,283.0
23267,2021-06,W6Y604,안덕면,1145800.0,301.0
23268,2018-01,W6Y605,안덕면,,
23269,2018-02,W6Y605,안덕면,,
23270,2018-03,W6Y605,안덕면,,
23271,2018-04,W6Y605,안덕면,,
23272,2018-05,W6Y605,안덕면,,
23273,2018-06,W6Y605,안덕면,,
23274,2018-07,W6Y605,안덕면,,
23275,2018-08,W6Y605,안덕면,,
23276,2018-09,W6Y605,안덕면,,
23277,2018-10,W6Y605,안덕면,,
23278,2018-11,W6Y605,안덕면,,
23279,2018-12,W6Y605,안덕면,60250.0,14.0
23280,2019-01,W6Y605,안덕면,437150.0,102.0
23281,2019-02,W6Y605,안덕면,611550.0,137.0
23282,2019-03,W6Y605,안덕면,875950.0,185.0
23283,2019-04,W6Y605,안덕면,846100.0,222.0
23284,2019-05,W6Y605,안덕면,951100.0,268.0
23285,2019-06,W6Y605,안덕면,1118200.0,304.0
23286,2019-07,W6Y605,안덕면,1150500.0,330.0
23287,2019-08,W6Y605,안덕면,1048250.0,332.0
23288,2019-09,W6Y605,안덕면,970200.0,279.0
23289,2019-10,W6Y605,안덕면,945550.0,237.0
23290,2019-11,W6Y605,안덕면,1035400.0,230.0
23291,2019-12,W6Y605,안덕면,1128550.0,235.0
23292,2020-01,W6Y605,안덕면,1138550.0,235.0
23293,2020-02,W6Y605,안덕면,873150.0,201.0
23294,2020-03,W6Y605,안덕면,929750.0,203.0
23295,2020-04,W6Y605,안덕면,1195350.0,238.0
23296,2020-05,W6Y605,안덕면,1578900.0,379.0
23297,2020-06,W6Y605,안덕면,1778700.0,364.0
23298,2020-07,W6Y605,안덕면,1949550.0,427.0
23299,2020-08,W6Y605,안덕면,2298950.0,463.0
23300,2020-09,W6Y605,안덕면,1885900.0,386.0
23301,2020-10,W6Y605,안덕면,2137050.0,423.0
23302,2020-11,W6Y605,안덕면,1984300.0,403.0
23303,2020-12,W6Y605,안덕면,1727500.0,370.0
23304,2021-01,W6Y605,안덕면,1377800.0,346.0
23305,2021-02,W6Y605,안덕면,1627900.0,342.0
23306,2021-03,W6Y605,안덕면,1909100.0,351.0
23307,2021-04,W6Y605,안덕면,,
23308,2021-05,W6Y605,안덕면,2384200.0,466.0
23309,2021-06,W6Y605,안덕면,2511050.0,502.0
23310,2018-01,W6Y606,안덕면,,
23311,2018-02,W6Y606,안덕면,,
23312,2018-03,W6Y606,안덕면,,
23313,2018-04,W6Y606,안덕면,,
23314,2018-05,W6Y606,안덕면,,
23315,2018-06,W6Y606,안덕면,,
23316,2018-07,W6Y606,안덕면,,
23317,2018-08,W6Y606,안덕면,,
23318,2018-09,W6Y606,안덕면,,
23319,2018-10,W6Y606,안덕면,,
23320,2018-11,W6Y606,안덕면,,
23321,2018-12,W6Y606,안덕면,75750.0,25.0
23322,2019-01,W6Y606,안덕면,377200.0,98.0
23323,2019-02,W6Y606,안덕면,541950.0,115.0
23324,2019-03,W6Y606,안덕면,675050.0,141.0
23325,2019-04,W6Y606,안덕면,708400.0,147.0
23326,2019-05,W6Y606,안덕면,745950.0,181.0
23327,2019-06,W6Y606,안덕면,779300.0,177.0
23328,2019-07,W6Y606,안덕면,904950.0,216.0
23329,2019-08,W6Y606,안덕면,1472200.0,264.0
23330,2019-09,W6Y606,안덕면,1052650.0,196.0
23331,2019-10,W6Y606,안덕면,1167050.0,208.0
23332,2019-11,W6Y606,안덕면,1261450.0,203.0
23333,2019-12,W6Y606,안덕면,1083200.0,186.0
23334,2020-01,W6Y606,안덕면,656900.0,146.0
23335,2020-02,W6Y606,안덕면,424900.0,122.0
23336,2020-03,W6Y606,안덕면,555600.0,160.0
23337,2020-04,W6Y606,안덕면,491900.0,162.0
23338,2020-05,W6Y606,안덕면,1411550.0,223.0
23339,2020-06,W6Y606,안덕면,1102650.0,175.0
23340,2020-07,W6Y606,안덕면,974050.0,157.0
23341,2020-08,W6Y606,안덕면,1054850.0,165.0
23342,2020-09,W6Y606,안덕면,245450.0,66.0
23343,2020-10,W6Y606,안덕면,420150.0,110.0
23344,2020-11,W6Y606,안덕면,467850.0,114.0
23345,2020-12,W6Y606,안덕면,418400.0,131.0
23346,2021-01,W6Y606,안덕면,663350.0,160.0
23347,2021-02,W6Y606,안덕면,1225850.0,191.0
23348,2021-03,W6Y606,안덕면,1676250.0,229.0
23349,2021-04,W6Y606,안덕면,,
23350,2021-05,W6Y606,안덕면,1139100.0,176.0
23351,2021-06,W6Y606,안덕면,817800.0,153.0
23352,2018-01,W6Y607,안덕면,,
23353,2018-02,W6Y607,안덕면,,
23354,2018-03,W6Y607,안덕면,,
23355,2018-04,W6Y607,안덕면,,
23356,2018-05,W6Y607,안덕면,,
23357,2018-06,W6Y607,안덕면,,
23358,2018-07,W6Y607,안덕면,,
23359,2018-08,W6Y607,안덕면,,
23360,2018-09,W6Y607,안덕면,,
23361,2018-10,W6Y607,안덕면,,
23362,2018-11,W6Y607,안덕면,,
23363,2018-12,W6Y607,안덕면,187600.0,24.0
23364,2019-01,W6Y607,안덕면,673300.0,144.0
23365,2019-02,W6Y607,안덕면,565050.0,155.0
23366,2019-03,W6Y607,안덕면,869550.0,190.0
23367,2019-04,W6Y607,안덕면,568850.0,154.0
23368,2019-05,W6Y607,안덕면,890950.0,226.0
23369,2019-06,W6Y607,안덕면,782550.0,243.0
23370,2019-07,W6Y607,안덕면,1152500.0,293.0
23371,2019-08,W6Y607,안덕면,1810550.0,425.0
23372,2019-09,W6Y607,안덕면,834000.0,251.0
23373,2019-10,W6Y607,안덕면,834750.0,247.0
23374,2019-11,W6Y607,안덕면,699500.0,212.0
23375,2019-12,W6Y607,안덕면,730500.0,196.0
23376,2020-01,W6Y607,안덕면,1139450.0,220.0
23377,2020-02,W6Y607,안덕면,896750.0,186.0
23378,2020-03,W6Y607,안덕면,702200.0,160.0
23379,2020-04,W6Y607,안덕면,1112649.0,241.0
23380,2020-05,W6Y607,안덕면,1286100.0,317.0
23381,2020-06,W6Y607,안덕면,1413100.0,301.0
23382,2020-07,W6Y607,안덕면,1899000.0,372.0
23383,2020-08,W6Y607,안덕면,1580350.0,319.0
23384,2020-09,W6Y607,안덕면,1089300.0,308.0
23385,2020-10,W6Y607,안덕면,1372550.0,311.0
23386,2020-11,W6Y607,안덕면,1167850.0,274.0
23387,2020-12,W6Y607,안덕면,897100.0,219.0
23388,2021-01,W6Y607,안덕면,992700.0,219.0
23389,2021-02,W6Y607,안덕면,1027000.0,221.0
23390,2021-03,W6Y607,안덕면,1087000.0,289.0
23391,2021-04,W6Y607,안덕면,,
23392,2021-05,W6Y607,안덕면,942200.0,229.0
23393,2021-06,W6Y607,안덕면,1198600.0,294.0
23394,2018-01,W6Y608,대정읍,,
23395,2018-02,W6Y608,대정읍,,
23396,2018-03,W6Y608,대정읍,,
23397,2018-04,W6Y608,대정읍,,
23398,2018-05,W6Y608,대정읍,,
23399,2018-06,W6Y608,대정읍,,
23400,2018-07,W6Y608,대정읍,,
23401,2018-08,W6Y608,대정읍,,
23402,2018-09,W6Y608,대정읍,,
23403,2018-10,W6Y608,대정읍,,
23404,2018-11,W6Y608,대정읍,,
23405,2018-12,W6Y608,대정읍,28200.0,9.0
23406,2019-01,W6Y608,대정읍,230650.0,51.0
23407,2019-02,W6Y608,대정읍,339200.0,89.0
23408,2019-03,W6Y608,대정읍,509350.0,120.0
23409,2019-04,W6Y608,대정읍,499000.0,145.0
23410,2019-05,W6Y608,대정읍,557950.0,177.0
23411,2019-06,W6Y608,대정읍,593600.0,182.0
23412,2019-07,W6Y608,대정읍,509700.0,206.0
23413,2019-08,W6Y608,대정읍,797600.0,271.0
23414,2019-09,W6Y608,대정읍,716550.0,249.0
23415,2019-10,W6Y608,대정읍,832500.0,257.0
23416,2019-11,W6Y608,대정읍,728750.0,226.0
23417,2019-12,W6Y608,대정읍,723950.0,233.0
23418,2020-01,W6Y608,대정읍,706450.0,214.0
23419,2020-02,W6Y608,대정읍,791500.0,240.0
23420,2020-03,W6Y608,대정읍,951700.0,299.0
23421,2020-04,W6Y608,대정읍,676050.0,234.0
23422,2020-05,W6Y608,대정읍,783700.0,261.0
23423,2020-06,W6Y608,대정읍,707650.0,261.0
23424,2020-07,W6Y608,대정읍,790350.0,287.0
23425,2020-08,W6Y608,대정읍,779750.0,288.0
23426,2020-09,W6Y608,대정읍,645750.0,240.0
23427,2020-10,W6Y608,대정읍,628900.0,255.0
23428,2020-11,W6Y608,대정읍,693500.0,281.0
23429,2020-12,W6Y608,대정읍,988300.0,324.0
23430,2021-01,W6Y608,대정읍,1032850.0,303.0
23431,2021-02,W6Y608,대정읍,888050.0,301.0
23432,2021-03,W6Y608,대정읍,993800.0,334.0
23433,2021-04,W6Y608,대정읍,,
23434,2021-05,W6Y608,대정읍,1142400.0,382.0
23435,2021-06,W6Y608,대정읍,1002400.0,367.0
23436,2018-01,W6Y609,대정읍,,
23437,2018-02,W6Y609,대정읍,,
23438,2018-03,W6Y609,대정읍,,
23439,2018-04,W6Y609,대정읍,,
23440,2018-05,W6Y609,대정읍,,
23441,2018-06,W6Y609,대정읍,,
23442,2018-07,W6Y609,대정읍,,
23443,2018-08,W6Y609,대정읍,,
23444,2018-09,W6Y609,대정읍,,
23445,2018-10,W6Y609,대정읍,,
23446,2018-11,W6Y609,대정읍,,
23447,2018-12,W6Y609,대정읍,28300.0,4.0
23448,2019-01,W6Y609,대정읍,154350.0,41.0
23449,2019-02,W6Y609,대정읍,144750.0,39.0
23450,2019-03,W6Y609,대정읍,142200.0,45.0
23451,2019-04,W6Y609,대정읍,135800.0,45.0
23452,2019-05,W6Y609,대정읍,138850.0,38.0
23453,2019-06,W6Y609,대정읍,207600.0,57.0
23454,2019-07,W6Y609,대정읍,33650.0,15.0
23455,2019-08,W6Y609,대정읍,240950.0,64.0
23456,2019-09,W6Y609,대정읍,322350.0,86.0
23457,2019-10,W6Y609,대정읍,364000.0,127.0
23458,2019-11,W6Y609,대정읍,332300.0,84.0
23459,2019-12,W6Y609,대정읍,328350.0,75.0
23460,2020-01,W6Y609,대정읍,294500.0,101.0
23461,2020-02,W6Y609,대정읍,374150.0,109.0
23462,2020-03,W6Y609,대정읍,486250.0,103.0
23463,2020-04,W6Y609,대정읍,517350.0,126.0
23464,2020-05,W6Y609,대정읍,407050.0,128.0
23465,2020-06,W6Y609,대정읍,684200.0,189.0
23466,2020-07,W6Y609,대정읍,669500.0,184.0
23467,2020-08,W6Y609,대정읍,654650.0,212.0
23468,2020-09,W6Y609,대정읍,492750.0,160.0
23469,2020-10,W6Y609,대정읍,294350.0,87.0
23470,2020-11,W6Y609,대정읍,192550.0,53.0
23471,2020-12,W6Y609,대정읍,132450.0,36.0
23472,2021-01,W6Y609,대정읍,42150.0,20.0
23473,2021-02,W6Y609,대정읍,73800.0,18.0
23474,2021-03,W6Y609,대정읍,128000.0,33.0
23475,2021-04,W6Y609,대정읍,,
23476,2021-05,W6Y609,대정읍,321650.0,79.0
23477,2021-06,W6Y609,대정읍,631100.0,121.0
23478,2018-01,W6Y610,대정읍,,
23479,2018-02,W6Y610,대정읍,,
23480,2018-03,W6Y610,대정읍,,
23481,2018-04,W6Y610,대정읍,,
23482,2018-05,W6Y610,대정읍,,
23483,2018-06,W6Y610,대정읍,,
23484,2018-07,W6Y610,대정읍,,
23485,2018-08,W6Y610,대정읍,,
23486,2018-09,W6Y610,대정읍,,
23487,2018-10,W6Y610,대정읍,,
23488,2018-11,W6Y610,대정읍,,
23489,2018-12,W6Y610,대정읍,1350.0,1.0
23490,2019-01,W6Y610,대정읍,265350.0,117.0
23491,2019-02,W6Y610,대정읍,359150.0,118.0
23492,2019-03,W6Y610,대정읍,423700.0,131.0
23493,2019-04,W6Y610,대정읍,412700.0,145.0
23494,2019-05,W6Y610,대정읍,218200.0,80.0
23495,2019-06,W6Y610,대정읍,142100.0,8.0
23496,2019-07,W6Y610,대정읍,24350.0,2.0
23497,2019-08,W6Y610,대정읍,,
23498,2019-09,W6Y610,대정읍,127300.0,6.0
23499,2019-10,W6Y610,대정읍,131800.0,8.0
23500,2019-11,W6Y610,대정읍,170250.0,9.0
23501,2019-12,W6Y610,대정읍,104400.0,5.0
23502,2020-01,W6Y610,대정읍,139700.0,9.0
23503,2020-02,W6Y610,대정읍,123750.0,5.0
23504,2020-03,W6Y610,대정읍,158050.0,14.0
23505,2020-04,W6Y610,대정읍,128600.0,8.0
23506,2020-05,W6Y610,대정읍,112400.0,6.0
23507,2020-06,W6Y610,대정읍,121950.0,15.0
23508,2020-07,W6Y610,대정읍,150000.0,29.0
23509,2020-08,W6Y610,대정읍,163200.0,26.0
23510,2020-09,W6Y610,대정읍,189800.0,26.0
23511,2020-10,W6Y610,대정읍,132700.0,25.0
23512,2020-11,W6Y610,대정읍,107500.0,21.0
23513,2020-12,W6Y610,대정읍,110850.0,9.0
23514,2021-01,W6Y610,대정읍,5500.0,2.0
23515,2021-02,W6Y610,대정읍,700.0,1.0
23516,2021-03,W6Y610,대정읍,46300.0,9.0
23517,2021-04,W6Y610,대정읍,,
23518,2021-05,W6Y610,대정읍,122050.0,40.0
23519,2021-06,W6Y610,대정읍,114300.0,31.0
23520,2018-01,W6Y611,대정읍,,
23521,2018-02,W6Y611,대정읍,,
23522,2018-03,W6Y611,대정읍,,
23523,2018-04,W6Y611,대정읍,,
23524,2018-05,W6Y611,대정읍,,
23525,2018-06,W6Y611,대정읍,,
23526,2018-07,W6Y611,대정읍,,
23527,2018-08,W6Y611,대정읍,,
23528,2018-09,W6Y611,대정읍,,
23529,2018-10,W6Y611,대정읍,,
23530,2018-11,W6Y611,대정읍,,
23531,2018-12,W6Y611,대정읍,1050.0,1.0
23532,2019-01,W6Y611,대정읍,65950.0,13.0
23533,2019-02,W6Y611,대정읍,68300.0,18.0
23534,2019-03,W6Y611,대정읍,75150.0,19.0
23535,2019-04,W6Y611,대정읍,16600.0,10.0
23536,2019-05,W6Y611,대정읍,70550.0,14.0
23537,2019-06,W6Y611,대정읍,493100.0,124.0
23538,2019-07,W6Y611,대정읍,696100.0,215.0
23539,2019-08,W6Y611,대정읍,965200.0,333.0
23540,2019-09,W6Y611,대정읍,779450.0,242.0
23541,2019-10,W6Y611,대정읍,803050.0,277.0
23542,2019-11,W6Y611,대정읍,913600.0,263.0
23543,2019-12,W6Y611,대정읍,1041700.0,262.0
23544,2020-01,W6Y611,대정읍,1148050.0,295.0
23545,2020-02,W6Y611,대정읍,1128900.0,281.0
23546,2020-03,W6Y611,대정읍,1183200.0,289.0
23547,2020-04,W6Y611,대정읍,1418900.0,327.0
23548,2020-05,W6Y611,대정읍,1429450.0,369.0
23549,2020-06,W6Y611,대정읍,1880450.0,533.0
23550,2020-07,W6Y611,대정읍,1790200.0,534.0
23551,2020-08,W6Y611,대정읍,1694700.0,411.0
23552,2020-09,W6Y611,대정읍,1201850.0,303.0
23553,2020-10,W6Y611,대정읍,1463950.0,375.0
23554,2020-11,W6Y611,대정읍,1698900.0,403.0
23555,2020-12,W6Y611,대정읍,1573450.0,378.0
23556,2021-01,W6Y611,대정읍,1405700.0,340.0
23557,2021-02,W6Y611,대정읍,1553100.0,325.0
23558,2021-03,W6Y611,대정읍,1556800.0,335.0
23559,2021-04,W6Y611,대정읍,,
23560,2021-05,W6Y611,대정읍,1742550.0,403.0
23561,2021-06,W6Y611,대정읍,1854650.0,490.0
23562,2018-01,W6Y612,대정읍,,
23563,2018-02,W6Y612,대정읍,,
23564,2018-03,W6Y612,대정읍,,
23565,2018-04,W6Y612,대정읍,,
23566,2018-05,W6Y612,대정읍,,
23567,2018-06,W6Y612,대정읍,,
23568,2018-07,W6Y612,대정읍,,
23569,2018-08,W6Y612,대정읍,,
23570,2018-09,W6Y612,대정읍,,
23571,2018-10,W6Y612,대정읍,,
23572,2018-11,W6Y612,대정읍,,
23573,2018-12,W6Y612,대정읍,,
23574,2019-01,W6Y612,대정읍,5950.0,5.0
23575,2019-02,W6Y612,대정읍,2450.0,2.0
23576,2019-03,W6Y612,대정읍,16850.0,8.0
23577,2019-04,W6Y612,대정읍,433600.0,48.0
23578,2019-05,W6Y612,대정읍,664550.0,54.0
23579,2019-06,W6Y612,대정읍,606950.0,52.0
23580,2019-07,W6Y612,대정읍,644700.0,69.0
23581,2019-08,W6Y612,대정읍,702050.0,91.0
23582,2019-09,W6Y612,대정읍,642350.0,73.0
23583,2019-10,W6Y612,대정읍,651950.0,68.0
23584,2019-11,W6Y612,대정읍,535950.0,69.0
23585,2019-12,W6Y612,대정읍,646050.0,63.0
23586,2020-01,W6Y612,대정읍,605900.0,62.0
23587,2020-02,W6Y612,대정읍,442150.0,68.0
23588,2020-03,W6Y612,대정읍,394450.0,48.0
23589,2020-04,W6Y612,대정읍,563600.0,44.0
23590,2020-05,W6Y612,대정읍,671350.0,65.0
23591,2020-06,W6Y612,대정읍,652150.0,73.0
23592,2020-07,W6Y612,대정읍,691700.0,74.0
23593,2020-08,W6Y612,대정읍,717850.0,76.0
23594,2020-09,W6Y612,대정읍,409350.0,54.0
23595,2020-10,W6Y612,대정읍,480800.0,47.0
23596,2020-11,W6Y612,대정읍,576450.0,48.0
23597,2020-12,W6Y612,대정읍,463900.0,52.0
23598,2021-01,W6Y612,대정읍,377450.0,43.0
23599,2021-02,W6Y612,대정읍,372400.0,37.0
23600,2021-03,W6Y612,대정읍,457900.0,47.0
23601,2021-04,W6Y612,대정읍,,
23602,2021-05,W6Y612,대정읍,476400.0,51.0
23603,2021-06,W6Y612,대정읍,540300.0,57.0
23604,2018-01,W6Y613,대정읍,,
23605,2018-02,W6Y613,대정읍,,
23606,2018-03,W6Y613,대정읍,,
23607,2018-04,W6Y613,대정읍,,
23608,2018-05,W6Y613,대정읍,,
23609,2018-06,W6Y613,대정읍,,
23610,2018-07,W6Y613,대정읍,,
23611,2018-08,W6Y613,대정읍,,
23612,2018-09,W6Y613,대정읍,,
23613,2018-10,W6Y613,대정읍,,
23614,2018-11,W6Y613,대정읍,,
23615,2018-12,W6Y613,대정읍,99450.0,6.0
23616,2019-01,W6Y613,대정읍,191200.0,27.0
23617,2019-02,W6Y613,대정읍,241800.0,63.0
23618,2019-03,W6Y613,대정읍,303000.0,65.0
23619,2019-04,W6Y613,대정읍,580150.0,86.0
23620,2019-05,W6Y613,대정읍,659600.0,108.0
23621,2019-06,W6Y613,대정읍,489650.0,118.0
23622,2019-07,W6Y613,대정읍,591450.0,140.0
23623,2019-08,W6Y613,대정읍,477350.0,169.0
23624,2019-09,W6Y613,대정읍,474750.0,139.0
23625,2019-10,W6Y613,대정읍,556300.0,141.0
23626,2019-11,W6Y613,대정읍,532600.0,149.0
23627,2019-12,W6Y613,대정읍,419750.0,117.0
23628,2020-01,W6Y613,대정읍,373300.0,127.0
23629,2020-02,W6Y613,대정읍,328250.0,106.0
23630,2020-03,W6Y613,대정읍,484700.0,126.0
23631,2020-04,W6Y613,대정읍,522200.0,125.0
23632,2020-05,W6Y613,대정읍,587200.0,137.0
23633,2020-06,W6Y613,대정읍,552200.0,161.0
23634,2020-07,W6Y613,대정읍,644850.0,202.0
23635,2020-08,W6Y613,대정읍,696900.0,216.0
23636,2020-09,W6Y613,대정읍,759100.0,178.0
23637,2020-10,W6Y613,대정읍,778550.0,221.0
23638,2020-11,W6Y613,대정읍,755850.0,197.0
23639,2020-12,W6Y613,대정읍,755200.0,169.0
23640,2021-01,W6Y613,대정읍,771800.0,171.0
23641,2021-02,W6Y613,대정읍,659700.0,166.0
23642,2021-03,W6Y613,대정읍,838450.0,189.0
23643,2021-04,W6Y613,대정읍,,
23644,2021-05,W6Y613,대정읍,894900.0,213.0
23645,2021-06,W6Y613,대정읍,1066700.0,258.0
23646,2018-01,W6Y614,대정읍,,
23647,2018-02,W6Y614,대정읍,,
23648,2018-03,W6Y614,대정읍,,
23649,2018-04,W6Y614,대정읍,,
23650,2018-05,W6Y614,대정읍,,
23651,2018-06,W6Y614,대정읍,,
23652,2018-07,W6Y614,대정읍,,
23653,2018-08,W6Y614,대정읍,,
23654,2018-09,W6Y614,대정읍,,
23655,2018-10,W6Y614,대정읍,,
23656,2018-11,W6Y614,대정읍,,
23657,2018-12,W6Y614,대정읍,,
23658,2019-01,W6Y614,대정읍,22200.0,3.0
23659,2019-02,W6Y614,대정읍,61600.0,15.0
23660,2019-03,W6Y614,대정읍,63450.0,15.0
23661,2019-04,W6Y614,대정읍,11700.0,7.0
23662,2019-05,W6Y614,대정읍,85350.0,20.0
23663,2019-06,W6Y614,대정읍,45350.0,22.0
23664,2019-07,W6Y614,대정읍,151200.0,45.0
23665,2019-08,W6Y614,대정읍,99400.0,31.0
23666,2019-09,W6Y614,대정읍,74550.0,24.0
23667,2019-10,W6Y614,대정읍,67050.0,25.0
23668,2019-11,W6Y614,대정읍,45700.0,16.0
23669,2019-12,W6Y614,대정읍,22600.0,13.0
23670,2020-01,W6Y614,대정읍,53750.0,20.0
23671,2020-02,W6Y614,대정읍,49200.0,19.0
23672,2020-03,W6Y614,대정읍,48300.0,16.0
23673,2020-04,W6Y614,대정읍,51750.0,14.0
23674,2020-05,W6Y614,대정읍,80300.0,26.0
23675,2020-06,W6Y614,대정읍,122850.0,42.0
23676,2020-07,W6Y614,대정읍,103050.0,27.0
23677,2020-08,W6Y614,대정읍,131100.0,36.0
23678,2020-09,W6Y614,대정읍,93050.0,34.0
23679,2020-10,W6Y614,대정읍,107950.0,33.0
23680,2020-11,W6Y614,대정읍,66950.0,19.0
23681,2020-12,W6Y614,대정읍,81100.0,20.0
23682,2021-01,W6Y614,대정읍,70050.0,18.0
23683,2021-02,W6Y614,대정읍,69550.0,26.0
23684,2021-03,W6Y614,대정읍,73850.0,21.0
23685,2021-04,W6Y614,대정읍,,
23686,2021-05,W6Y614,대정읍,126450.0,38.0
23687,2021-06,W6Y614,대정읍,102150.0,36.0
23688,2018-01,W6Y615,대정읍,,
23689,2018-02,W6Y615,대정읍,,
23690,2018-03,W6Y615,대정읍,,
23691,2018-04,W6Y615,대정읍,,
23692,2018-05,W6Y615,대정읍,,
23693,2018-06,W6Y615,대정읍,,
23694,2018-07,W6Y615,대정읍,,
23695,2018-08,W6Y615,대정읍,,
23696,2018-09,W6Y615,대정읍,,
23697,2018-10,W6Y615,대정읍,,
23698,2018-11,W6Y615,대정읍,,
23699,2018-12,W6Y615,대정읍,1200.0,1.0
23700,2019-01,W6Y615,대정읍,98300.0,13.0
23701,2019-02,W6Y615,대정읍,156400.0,39.0
23702,2019-03,W6Y615,대정읍,224600.0,41.0
23703,2019-04,W6Y615,대정읍,227550.0,58.0
23704,2019-05,W6Y615,대정읍,191550.0,72.0
23705,2019-06,W6Y615,대정읍,217600.0,96.0
23706,2019-07,W6Y615,대정읍,252850.0,101.0
23707,2019-08,W6Y615,대정읍,372550.0,100.0
23708,2019-09,W6Y615,대정읍,332800.0,109.0
23709,2019-10,W6Y615,대정읍,256350.0,96.0
23710,2019-11,W6Y615,대정읍,259000.0,61.0
23711,2019-12,W6Y615,대정읍,372100.0,73.0
23712,2020-01,W6Y615,대정읍,318500.0,85.0
23713,2020-02,W6Y615,대정읍,326950.0,92.0
23714,2020-03,W6Y615,대정읍,323250.0,95.0
23715,2020-04,W6Y615,대정읍,272150.0,67.0
23716,2020-05,W6Y615,대정읍,334700.0,86.0
23717,2020-06,W6Y615,대정읍,233400.0,74.0
23718,2020-07,W6Y615,대정읍,165950.0,44.0
23719,2020-08,W6Y615,대정읍,418800.0,85.0
23720,2020-09,W6Y615,대정읍,277300.0,79.0
23721,2020-10,W6Y615,대정읍,402200.0,86.0
23722,2020-11,W6Y615,대정읍,412900.0,81.0
23723,2020-12,W6Y615,대정읍,254550.0,73.0
23724,2021-01,W6Y615,대정읍,330300.0,83.0
23725,2021-02,W6Y615,대정읍,265350.0,73.0
23726,2021-03,W6Y615,대정읍,333200.0,70.0
23727,2021-04,W6Y615,대정읍,,
23728,2021-05,W6Y615,대정읍,352100.0,108.0
23729,2021-06,W6Y615,대정읍,320850.0,101.0
23730,2018-01,W6Y616,대정읍,,
23731,2018-02,W6Y616,대정읍,,
23732,2018-03,W6Y616,대정읍,,
23733,2018-04,W6Y616,대정읍,,
23734,2018-05,W6Y616,대정읍,,
23735,2018-06,W6Y616,대정읍,,
23736,2018-07,W6Y616,대정읍,,
23737,2018-08,W6Y616,대정읍,,
23738,2018-09,W6Y616,대정읍,,
23739,2018-10,W6Y616,대정읍,,
23740,2018-11,W6Y616,대정읍,,
23741,2018-12,W6Y616,대정읍,,
23742,2019-01,W6Y616,대정읍,,
23743,2019-02,W6Y616,대정읍,,
23744,2019-03,W6Y616,대정읍,3900.0,2.0
23745,2019-04,W6Y616,대정읍,6800.0,1.0
23746,2019-05,W6Y616,대정읍,29300.0,6.0
23747,2019-06,W6Y616,대정읍,430650.0,133.0
23748,2019-07,W6Y616,대정읍,1313350.0,323.0
23749,2019-08,W6Y616,대정읍,796750.0,247.0
23750,2019-09,W6Y616,대정읍,1092450.0,390.0
23751,2019-10,W6Y616,대정읍,896400.0,290.0
23752,2019-11,W6Y616,대정읍,910750.0,341.0
23753,2019-12,W6Y616,대정읍,1880500.0,574.0
23754,2020-01,W6Y616,대정읍,2140250.0,641.0
23755,2020-02,W6Y616,대정읍,1391600.0,442.0
23756,2020-03,W6Y616,대정읍,1569550.0,485.0
23757,2020-04,W6Y616,대정읍,54100.0,22.0
23758,2020-05,W6Y616,대정읍,1212300.0,396.0
23759,2020-06,W6Y616,대정읍,112350.0,43.0
23760,2020-07,W6Y616,대정읍,477300.0,150.0
23761,2020-08,W6Y616,대정읍,68350.0,34.0
23762,2020-09,W6Y616,대정읍,783800.0,155.0
23763,2020-10,W6Y616,대정읍,1393600.0,338.0
23764,2020-11,W6Y616,대정읍,1461850.0,341.0
23765,2020-12,W6Y616,대정읍,886450.0,231.0
23766,2021-01,W6Y616,대정읍,260700.0,73.0
23767,2021-02,W6Y616,대정읍,948500.0,242.0
23768,2021-03,W6Y616,대정읍,936400.0,292.0
23769,2021-04,W6Y616,대정읍,,
23770,2021-05,W6Y616,대정읍,1101550.0,357.0
23771,2021-06,W6Y616,대정읍,198600.0,104.0
23772,2018-01,W6Y617,대정읍,,
23773,2018-02,W6Y617,대정읍,,
23774,2018-03,W6Y617,대정읍,,
23775,2018-04,W6Y617,대정읍,,
23776,2018-05,W6Y617,대정읍,,
23777,2018-06,W6Y617,대정읍,,
23778,2018-07,W6Y617,대정읍,,
23779,2018-08,W6Y617,대정읍,,
23780,2018-09,W6Y617,대정읍,,
23781,2018-10,W6Y617,대정읍,,
23782,2018-11,W6Y617,대정읍,,
23783,2018-12,W6Y617,대정읍,6400.0,3.0
23784,2019-01,W6Y617,대정읍,36900.0,14.0
23785,2019-02,W6Y617,대정읍,46100.0,17.0
23786,2019-03,W6Y617,대정읍,44400.0,20.0
23787,2019-04,W6Y617,대정읍,65700.0,18.0
23788,2019-05,W6Y617,대정읍,71950.0,30.0
23789,2019-06,W6Y617,대정읍,321350.0,104.0
23790,2019-07,W6Y617,대정읍,623300.0,181.0
23791,2019-08,W6Y617,대정읍,601550.0,168.0
23792,2019-09,W6Y617,대정읍,499300.0,126.0
23793,2019-10,W6Y617,대정읍,480000.0,100.0
23794,2019-11,W6Y617,대정읍,336150.0,61.0
23795,2019-12,W6Y617,대정읍,371850.0,66.0
23796,2020-01,W6Y617,대정읍,535600.0,82.0
23797,2020-02,W6Y617,대정읍,470100.0,73.0
23798,2020-03,W6Y617,대정읍,483700.0,94.0
23799,2020-04,W6Y617,대정읍,218950.0,59.0
23800,2020-05,W6Y617,대정읍,616100.0,112.0
23801,2020-06,W6Y617,대정읍,1110950.0,204.0
23802,2020-07,W6Y617,대정읍,1045450.0,207.0
23803,2020-08,W6Y617,대정읍,844200.0,141.0
23804,2020-09,W6Y617,대정읍,383400.0,74.0
23805,2020-10,W6Y617,대정읍,897000.0,113.0
23806,2020-11,W6Y617,대정읍,955100.0,125.0
23807,2020-12,W6Y617,대정읍,542050.0,109.0
23808,2021-01,W6Y617,대정읍,829000.0,109.0
23809,2021-02,W6Y617,대정읍,889850.0,161.0
23810,2021-03,W6Y617,대정읍,1161150.0,231.0
23811,2021-04,W6Y617,대정읍,,
23812,2021-05,W6Y617,대정읍,1230450.0,253.0
23813,2021-06,W6Y617,대정읍,805350.0,169.0
23814,2018-01,W6Y618,대정읍,,
23815,2018-02,W6Y618,대정읍,,
23816,2018-03,W6Y618,대정읍,,
23817,2018-04,W6Y618,대정읍,,
23818,2018-05,W6Y618,대정읍,,
23819,2018-06,W6Y618,대정읍,,
23820,2018-07,W6Y618,대정읍,,
23821,2018-08,W6Y618,대정읍,,
23822,2018-09,W6Y618,대정읍,,
23823,2018-10,W6Y618,대정읍,,
23824,2018-11,W6Y618,대정읍,,
23825,2018-12,W6Y618,대정읍,1450.0,1.0
23826,2019-01,W6Y618,대정읍,56250.0,24.0
23827,2019-02,W6Y618,대정읍,49150.0,25.0
23828,2019-03,W6Y618,대정읍,30650.0,20.0
23829,2019-04,W6Y618,대정읍,26500.0,17.0
23830,2019-05,W6Y618,대정읍,35500.0,17.0
23831,2019-06,W6Y618,대정읍,62550.0,34.0
23832,2019-07,W6Y618,대정읍,69750.0,34.0
23833,2019-08,W6Y618,대정읍,63350.0,29.0
23834,2019-09,W6Y618,대정읍,49350.0,32.0
23835,2019-10,W6Y618,대정읍,55400.0,31.0
23836,2019-11,W6Y618,대정읍,24550.0,15.0
23837,2019-12,W6Y618,대정읍,19700.0,15.0
23838,2020-01,W6Y618,대정읍,47150.0,23.0
23839,2020-02,W6Y618,대정읍,30550.0,23.0
23840,2020-03,W6Y618,대정읍,29750.0,19.0
23841,2020-04,W6Y618,대정읍,12750.0,10.0
23842,2020-05,W6Y618,대정읍,20700.0,15.0
23843,2020-06,W6Y618,대정읍,22050.0,20.0
23844,2020-07,W6Y618,대정읍,71700.0,32.0
23845,2020-08,W6Y618,대정읍,76300.0,39.0
23846,2020-09,W6Y618,대정읍,39850.0,27.0
23847,2020-10,W6Y618,대정읍,30150.0,29.0
23848,2020-11,W6Y618,대정읍,32900.0,20.0
23849,2020-12,W6Y618,대정읍,37200.0,22.0
23850,2021-01,W6Y618,대정읍,34650.0,24.0
23851,2021-02,W6Y618,대정읍,27800.0,22.0
23852,2021-03,W6Y618,대정읍,67100.0,36.0
23853,2021-04,W6Y618,대정읍,,
23854,2021-05,W6Y618,대정읍,180250.0,114.0
23855,2021-06,W6Y618,대정읍,270750.0,166.0
23856,2018-01,W6Y619,대정읍,,
23857,2018-02,W6Y619,대정읍,,
23858,2018-03,W6Y619,대정읍,,
23859,2018-04,W6Y619,대정읍,,
23860,2018-05,W6Y619,대정읍,,
23861,2018-06,W6Y619,대정읍,,
23862,2018-07,W6Y619,대정읍,,
23863,2018-08,W6Y619,대정읍,,
23864,2018-09,W6Y619,대정읍,,
23865,2018-10,W6Y619,대정읍,,
23866,2018-11,W6Y619,대정읍,,
23867,2018-12,W6Y619,대정읍,,
23868,2019-01,W6Y619,대정읍,15950.0,6.0
23869,2019-02,W6Y619,대정읍,64200.0,9.0
23870,2019-03,W6Y619,대정읍,51250.0,13.0
23871,2019-04,W6Y619,대정읍,126100.0,38.0
23872,2019-05,W6Y619,대정읍,141150.0,60.0
23873,2019-06,W6Y619,대정읍,84800.0,33.0
23874,2019-07,W6Y619,대정읍,434900.0,94.0
23875,2019-08,W6Y619,대정읍,300250.0,98.0
23876,2019-09,W6Y619,대정읍,178200.0,51.0
23877,2019-10,W6Y619,대정읍,219650.0,63.0
23878,2019-11,W6Y619,대정읍,158700.0,49.0
23879,2019-12,W6Y619,대정읍,186500.0,44.0
23880,2020-01,W6Y619,대정읍,130050.0,27.0
23881,2020-02,W6Y619,대정읍,115950.0,37.0
23882,2020-03,W6Y619,대정읍,165450.0,52.0
23883,2020-04,W6Y619,대정읍,137950.0,44.0
23884,2020-05,W6Y619,대정읍,210850.0,59.0
23885,2020-06,W6Y619,대정읍,313700.0,67.0
23886,2020-07,W6Y619,대정읍,255300.0,66.0
23887,2020-08,W6Y619,대정읍,655700.0,60.0
23888,2020-09,W6Y619,대정읍,359950.0,53.0
23889,2020-10,W6Y619,대정읍,720200.0,114.0
23890,2020-11,W6Y619,대정읍,998300.0,107.0
23891,2020-12,W6Y619,대정읍,724850.0,86.0
23892,2021-01,W6Y619,대정읍,218600.0,76.0
23893,2021-02,W6Y619,대정읍,265950.0,60.0
23894,2021-03,W6Y619,대정읍,246550.0,80.0
23895,2021-04,W6Y619,대정읍,,
23896,2021-05,W6Y619,대정읍,,
23897,2021-06,W6Y619,대정읍,,
23898,2018-01,W6Y620,대정읍,,
23899,2018-02,W6Y620,대정읍,,
23900,2018-03,W6Y620,대정읍,,
23901,2018-04,W6Y620,대정읍,,
23902,2018-05,W6Y620,대정읍,,
23903,2018-06,W6Y620,대정읍,,
23904,2018-07,W6Y620,대정읍,,
23905,2018-08,W6Y620,대정읍,,
23906,2018-09,W6Y620,대정읍,,
23907,2018-10,W6Y620,대정읍,,
23908,2018-11,W6Y620,대정읍,,
23909,2018-12,W6Y620,대정읍,1150.0,3.0
23910,2019-01,W6Y620,대정읍,17250.0,10.0
23911,2019-02,W6Y620,대정읍,20850.0,7.0
23912,2019-03,W6Y620,대정읍,50050.0,25.0
23913,2019-04,W6Y620,대정읍,37650.0,23.0
23914,2019-05,W6Y620,대정읍,65450.0,40.0
23915,2019-06,W6Y620,대정읍,96800.0,51.0
23916,2019-07,W6Y620,대정읍,59650.0,25.0
23917,2019-08,W6Y620,대정읍,120650.0,31.0
23918,2019-09,W6Y620,대정읍,74600.0,38.0
23919,2019-10,W6Y620,대정읍,92050.0,40.0
23920,2019-11,W6Y620,대정읍,93650.0,39.0
23921,2019-12,W6Y620,대정읍,65200.0,32.0
23922,2020-01,W6Y620,대정읍,71250.0,26.0
23923,2020-02,W6Y620,대정읍,65050.0,26.0
23924,2020-03,W6Y620,대정읍,53700.0,28.0
23925,2020-04,W6Y620,대정읍,58650.0,32.0
23926,2020-05,W6Y620,대정읍,65950.0,36.0
23927,2020-06,W6Y620,대정읍,48750.0,31.0
23928,2020-07,W6Y620,대정읍,336900.0,24.0
23929,2020-08,W6Y620,대정읍,44700.0,18.0
23930,2020-09,W6Y620,대정읍,28100.0,13.0
23931,2020-10,W6Y620,대정읍,129850.0,16.0
23932,2020-11,W6Y620,대정읍,157050.0,28.0
23933,2020-12,W6Y620,대정읍,162850.0,32.0
23934,2021-01,W6Y620,대정읍,75100.0,25.0
23935,2021-02,W6Y620,대정읍,17900.0,8.0
23936,2021-03,W6Y620,대정읍,35000.0,14.0
23937,2021-04,W6Y620,대정읍,,
23938,2021-05,W6Y620,대정읍,,
23939,2021-06,W6Y620,대정읍,,
23940,2018-01,W6Y621,대정읍,,
23941,2018-02,W6Y621,대정읍,,
23942,2018-03,W6Y621,대정읍,,
23943,2018-04,W6Y621,대정읍,,
23944,2018-05,W6Y621,대정읍,,
23945,2018-06,W6Y621,대정읍,,
23946,2018-07,W6Y621,대정읍,,
23947,2018-08,W6Y621,대정읍,,
23948,2018-09,W6Y621,대정읍,,
23949,2018-10,W6Y621,대정읍,,
23950,2018-11,W6Y621,대정읍,,
23951,2018-12,W6Y621,대정읍,,
23952,2019-01,W6Y621,대정읍,8450.0,6.0
23953,2019-02,W6Y621,대정읍,40050.0,13.0
23954,2019-03,W6Y621,대정읍,49950.0,14.0
23955,2019-04,W6Y621,대정읍,75700.0,32.0
23956,2019-05,W6Y621,대정읍,50850.0,23.0
23957,2019-06,W6Y621,대정읍,86250.0,36.0
23958,2019-07,W6Y621,대정읍,54000.0,21.0
23959,2019-08,W6Y621,대정읍,14000.0,6.0
23960,2019-09,W6Y621,대정읍,18150.0,7.0
23961,2019-10,W6Y621,대정읍,59700.0,20.0
23962,2019-11,W6Y621,대정읍,104800.0,34.0
23963,2019-12,W6Y621,대정읍,82500.0,16.0
23964,2020-01,W6Y621,대정읍,114050.0,25.0
23965,2020-02,W6Y621,대정읍,84800.0,32.0
23966,2020-03,W6Y621,대정읍,69150.0,24.0
23967,2020-04,W6Y621,대정읍,94450.0,30.0
23968,2020-05,W6Y621,대정읍,109150.0,48.0
23969,2020-06,W6Y621,대정읍,168300.0,56.0
23970,2020-07,W6Y621,대정읍,91900.0,61.0
23971,2020-08,W6Y621,대정읍,139750.0,85.0
23972,2020-09,W6Y621,대정읍,72800.0,63.0
23973,2020-10,W6Y621,대정읍,80100.0,39.0
23974,2020-11,W6Y621,대정읍,69950.0,51.0
23975,2020-12,W6Y621,대정읍,46200.0,43.0
23976,2021-01,W6Y621,대정읍,200600.0,47.0
23977,2021-02,W6Y621,대정읍,227600.0,59.0
23978,2021-03,W6Y621,대정읍,267550.0,61.0
23979,2021-04,W6Y621,대정읍,,
23980,2021-05,W6Y621,대정읍,345650.0,89.0
23981,2021-06,W6Y621,대정읍,436050.0,88.0
23982,2018-01,W6Y622,대정읍,,
23983,2018-02,W6Y622,대정읍,,
23984,2018-03,W6Y622,대정읍,,
23985,2018-04,W6Y622,대정읍,,
23986,2018-05,W6Y622,대정읍,,
23987,2018-06,W6Y622,대정읍,,
23988,2018-07,W6Y622,대정읍,,
23989,2018-08,W6Y622,대정읍,,
23990,2018-09,W6Y622,대정읍,,
23991,2018-10,W6Y622,대정읍,,
23992,2018-11,W6Y622,대정읍,,
23993,2018-12,W6Y622,대정읍,4100.0,2.0
23994,2019-01,W6Y622,대정읍,113850.0,35.0
23995,2019-02,W6Y622,대정읍,173250.0,48.0
23996,2019-03,W6Y622,대정읍,225350.0,57.0
23997,2019-04,W6Y622,대정읍,246000.0,74.0
23998,2019-05,W6Y622,대정읍,204950.0,88.0
23999,2019-06,W6Y622,대정읍,263300.0,107.0
24000,2019-07,W6Y622,대정읍,502200.0,126.0
24001,2019-08,W6Y622,대정읍,537700.0,136.0
24002,2019-09,W6Y622,대정읍,376300.0,109.0
24003,2019-10,W6Y622,대정읍,428000.0,114.0
24004,2019-11,W6Y622,대정읍,465950.0,119.0
24005,2019-12,W6Y622,대정읍,458600.0,108.0
24006,2020-01,W6Y622,대정읍,433400.0,104.0
24007,2020-02,W6Y622,대정읍,472600.0,91.0
24008,2020-03,W6Y622,대정읍,435650.0,91.0
24009,2020-04,W6Y622,대정읍,423800.0,96.0
24010,2020-05,W6Y622,대정읍,399600.0,97.0
24011,2020-06,W6Y622,대정읍,331200.0,85.0
24012,2020-07,W6Y622,대정읍,467400.0,118.0
24013,2020-08,W6Y622,대정읍,468200.0,131.0
24014,2020-09,W6Y622,대정읍,407750.0,112.0
24015,2020-10,W6Y622,대정읍,355500.0,98.0
24016,2020-11,W6Y622,대정읍,442450.0,109.0
24017,2020-12,W6Y622,대정읍,465300.0,90.0
24018,2021-01,W6Y622,대정읍,435550.0,78.0
24019,2021-02,W6Y622,대정읍,432450.0,86.0
24020,2021-03,W6Y622,대정읍,489000.0,94.0
24021,2021-04,W6Y622,대정읍,,
24022,2021-05,W6Y622,대정읍,386200.0,127.0
24023,2021-06,W6Y622,대정읍,500800.0,133.0
24024,2018-01,W6Y623,대정읍,,
24025,2018-02,W6Y623,대정읍,,
24026,2018-03,W6Y623,대정읍,,
24027,2018-04,W6Y623,대정읍,,
24028,2018-05,W6Y623,대정읍,,
24029,2018-06,W6Y623,대정읍,,
24030,2018-07,W6Y623,대정읍,,
24031,2018-08,W6Y623,대정읍,,
24032,2018-09,W6Y623,대정읍,,
24033,2018-10,W6Y623,대정읍,,
24034,2018-11,W6Y623,대정읍,,
24035,2018-12,W6Y623,대정읍,1650.0,1.0
24036,2019-01,W6Y623,대정읍,8650.0,3.0
24037,2019-02,W6Y623,대정읍,14650.0,6.0
24038,2019-03,W6Y623,대정읍,17950.0,9.0
24039,2019-04,W6Y623,대정읍,44650.0,20.0
24040,2019-05,W6Y623,대정읍,85250.0,30.0
24041,2019-06,W6Y623,대정읍,31200.0,18.0
24042,2019-07,W6Y623,대정읍,63700.0,26.0
24043,2019-08,W6Y623,대정읍,85000.0,32.0
24044,2019-09,W6Y623,대정읍,115450.0,36.0
24045,2019-10,W6Y623,대정읍,95250.0,37.0
24046,2019-11,W6Y623,대정읍,121600.0,25.0
24047,2019-12,W6Y623,대정읍,124400.0,28.0
24048,2020-01,W6Y623,대정읍,171300.0,25.0
24049,2020-02,W6Y623,대정읍,134150.0,27.0
24050,2020-03,W6Y623,대정읍,170150.0,28.0
24051,2020-04,W6Y623,대정읍,101950.0,23.0
24052,2020-05,W6Y623,대정읍,249550.0,44.0
24053,2020-06,W6Y623,대정읍,83200.0,17.0
24054,2020-07,W6Y623,대정읍,54850.0,5.0
24055,2020-08,W6Y623,대정읍,142600.0,26.0
24056,2020-09,W6Y623,대정읍,186000.0,29.0
24057,2020-10,W6Y623,대정읍,177800.0,27.0
24058,2020-11,W6Y623,대정읍,96050.0,25.0
24059,2020-12,W6Y623,대정읍,96900.0,27.0
24060,2021-01,W6Y623,대정읍,104000.0,25.0
24061,2021-02,W6Y623,대정읍,113750.0,27.0
24062,2021-03,W6Y623,대정읍,158100.0,43.0
24063,2021-04,W6Y623,대정읍,,
24064,2021-05,W6Y623,대정읍,122900.0,34.0
24065,2021-06,W6Y623,대정읍,137050.0,34.0
24066,2018-01,W6Y624,대정읍,,
24067,2018-02,W6Y624,대정읍,,
24068,2018-03,W6Y624,대정읍,,
24069,2018-04,W6Y624,대정읍,,
24070,2018-05,W6Y624,대정읍,,
24071,2018-06,W6Y624,대정읍,,
24072,2018-07,W6Y624,대정읍,,
24073,2018-08,W6Y624,대정읍,,
24074,2018-09,W6Y624,대정읍,,
24075,2018-10,W6Y624,대정읍,,
24076,2018-11,W6Y624,대정읍,,
24077,2018-12,W6Y624,대정읍,32000.0,8.0
24078,2019-01,W6Y624,대정읍,222350.0,58.0
24079,2019-02,W6Y624,대정읍,356550.0,84.0
24080,2019-03,W6Y624,대정읍,237250.0,86.0
24081,2019-04,W6Y624,대정읍,245300.0,89.0
24082,2019-05,W6Y624,대정읍,348100.0,113.0
24083,2019-06,W6Y624,대정읍,325800.0,125.0
24084,2019-07,W6Y624,대정읍,341800.0,153.0
24085,2019-08,W6Y624,대정읍,370200.0,176.0
24086,2019-09,W6Y624,대정읍,253150.0,128.0
24087,2019-10,W6Y624,대정읍,284200.0,120.0
24088,2019-11,W6Y624,대정읍,166600.0,80.0
24089,2019-12,W6Y624,대정읍,231300.0,90.0
24090,2020-01,W6Y624,대정읍,282400.0,109.0
24091,2020-02,W6Y624,대정읍,280150.0,80.0
24092,2020-03,W6Y624,대정읍,224900.0,81.0
24093,2020-04,W6Y624,대정읍,270200.0,95.0
24094,2020-05,W6Y624,대정읍,434250.0,132.0
24095,2020-06,W6Y624,대정읍,416600.0,159.0
24096,2020-07,W6Y624,대정읍,441600.0,168.0
24097,2020-08,W6Y624,대정읍,509550.0,191.0
24098,2020-09,W6Y624,대정읍,412300.0,184.0
24099,2020-10,W6Y624,대정읍,417650.0,178.0
24100,2020-11,W6Y624,대정읍,428750.0,172.0
24101,2020-12,W6Y624,대정읍,477550.0,173.0
24102,2021-01,W6Y624,대정읍,466900.0,173.0
24103,2021-02,W6Y624,대정읍,465050.0,193.0
24104,2021-03,W6Y624,대정읍,640150.0,212.0
24105,2021-04,W6Y624,대정읍,,
24106,2021-05,W6Y624,대정읍,729050.0,282.0
24107,2021-06,W6Y624,대정읍,632700.0,299.0
24108,2018-01,W6Y625,대정읍,,
24109,2018-02,W6Y625,대정읍,,
24110,2018-03,W6Y625,대정읍,,
24111,2018-04,W6Y625,대정읍,,
24112,2018-05,W6Y625,대정읍,,
24113,2018-06,W6Y625,대정읍,,
24114,2018-07,W6Y625,대정읍,,
24115,2018-08,W6Y625,대정읍,,
24116,2018-09,W6Y625,대정읍,,
24117,2018-10,W6Y625,대정읍,,
24118,2018-11,W6Y625,대정읍,,
24119,2018-12,W6Y625,대정읍,3800.0,1.0
24120,2019-01,W6Y625,대정읍,20850.0,5.0
24121,2019-02,W6Y625,대정읍,16400.0,8.0
24122,2019-03,W6Y625,대정읍,36400.0,8.0
24123,2019-04,W6Y625,대정읍,5400.0,3.0
24124,2019-05,W6Y625,대정읍,13150.0,5.0
24125,2019-06,W6Y625,대정읍,27500.0,7.0
24126,2019-07,W6Y625,대정읍,7500.0,3.0
24127,2019-08,W6Y625,대정읍,23900.0,6.0
24128,2019-09,W6Y625,대정읍,17550.0,6.0
24129,2019-10,W6Y625,대정읍,18150.0,7.0
24130,2019-11,W6Y625,대정읍,19050.0,4.0
24131,2019-12,W6Y625,대정읍,5800.0,3.0
24132,2020-01,W6Y625,대정읍,58650.0,7.0
24133,2020-02,W6Y625,대정읍,7750.0,4.0
24134,2020-03,W6Y625,대정읍,33500.0,6.0
24135,2020-04,W6Y625,대정읍,29600.0,6.0
24136,2020-05,W6Y625,대정읍,47800.0,16.0
24137,2020-06,W6Y625,대정읍,47800.0,27.0
24138,2020-07,W6Y625,대정읍,73500.0,36.0
24139,2020-08,W6Y625,대정읍,86850.0,44.0
24140,2020-09,W6Y625,대정읍,107200.0,42.0
24141,2020-10,W6Y625,대정읍,86700.0,42.0
24142,2020-11,W6Y625,대정읍,79200.0,45.0
24143,2020-12,W6Y625,대정읍,108600.0,51.0
24144,2021-01,W6Y625,대정읍,175500.0,69.0
24145,2021-02,W6Y625,대정읍,134400.0,53.0
24146,2021-03,W6Y625,대정읍,53500.0,36.0
24147,2021-04,W6Y625,대정읍,,
24148,2021-05,W6Y625,대정읍,82850.0,58.0
24149,2021-06,W6Y625,대정읍,93550.0,50.0
24150,2018-01,W6Y626,대정읍,,
24151,2018-02,W6Y626,대정읍,,
24152,2018-03,W6Y626,대정읍,,
24153,2018-04,W6Y626,대정읍,,
24154,2018-05,W6Y626,대정읍,,
24155,2018-06,W6Y626,대정읍,,
24156,2018-07,W6Y626,대정읍,,
24157,2018-08,W6Y626,대정읍,,
24158,2018-09,W6Y626,대정읍,,
24159,2018-10,W6Y626,대정읍,,
24160,2018-11,W6Y626,대정읍,,
24161,2018-12,W6Y626,대정읍,10250.0,2.0
24162,2019-01,W6Y626,대정읍,14900.0,5.0
24163,2019-02,W6Y626,대정읍,34850.0,13.0
24164,2019-03,W6Y626,대정읍,26250.0,12.0
24165,2019-04,W6Y626,대정읍,7000.0,5.0
24166,2019-05,W6Y626,대정읍,26600.0,4.0
24167,2019-06,W6Y626,대정읍,27750.0,8.0
24168,2019-07,W6Y626,대정읍,51600.0,17.0
24169,2019-08,W6Y626,대정읍,55800.0,19.0
24170,2019-09,W6Y626,대정읍,52800.0,18.0
24171,2019-10,W6Y626,대정읍,83850.0,17.0
24172,2019-11,W6Y626,대정읍,101900.0,30.0
24173,2019-12,W6Y626,대정읍,114600.0,27.0
24174,2020-01,W6Y626,대정읍,106100.0,20.0
24175,2020-02,W6Y626,대정읍,75050.0,13.0
24176,2020-03,W6Y626,대정읍,19000.0,3.0
24177,2020-04,W6Y626,대정읍,71350.0,16.0
24178,2020-05,W6Y626,대정읍,125400.0,34.0
24179,2020-06,W6Y626,대정읍,108450.0,35.0
24180,2020-07,W6Y626,대정읍,106850.0,36.0
24181,2020-08,W6Y626,대정읍,115450.0,45.0
24182,2020-09,W6Y626,대정읍,41100.0,31.0
24183,2020-10,W6Y626,대정읍,57950.0,30.0
24184,2020-11,W6Y626,대정읍,93350.0,38.0
24185,2020-12,W6Y626,대정읍,75300.0,40.0
24186,2021-01,W6Y626,대정읍,53400.0,32.0
24187,2021-02,W6Y626,대정읍,107600.0,35.0
24188,2021-03,W6Y626,대정읍,111700.0,41.0
24189,2021-04,W6Y626,대정읍,,
24190,2021-05,W6Y626,대정읍,182500.0,43.0
24191,2021-06,W6Y626,대정읍,100850.0,57.0
24192,2018-01,W6Y627,대정읍,,
24193,2018-02,W6Y627,대정읍,,
24194,2018-03,W6Y627,대정읍,,
24195,2018-04,W6Y627,대정읍,,
24196,2018-05,W6Y627,대정읍,,
24197,2018-06,W6Y627,대정읍,,
24198,2018-07,W6Y627,대정읍,,
24199,2018-08,W6Y627,대정읍,,
24200,2018-09,W6Y627,대정읍,,
24201,2018-10,W6Y627,대정읍,,
24202,2018-11,W6Y627,대정읍,,
24203,2018-12,W6Y627,대정읍,7350.0,2.0
24204,2019-01,W6Y627,대정읍,91800.0,16.0
24205,2019-02,W6Y627,대정읍,52150.0,15.0
24206,2019-03,W6Y627,대정읍,35750.0,11.0
24207,2019-04,W6Y627,대정읍,38700.0,22.0
24208,2019-05,W6Y627,대정읍,108250.0,34.0
24209,2019-06,W6Y627,대정읍,78650.0,38.0
24210,2019-07,W6Y627,대정읍,126750.0,41.0
24211,2019-08,W6Y627,대정읍,94300.0,29.0
24212,2019-09,W6Y627,대정읍,49800.0,24.0
24213,2019-10,W6Y627,대정읍,109400.0,44.0
24214,2019-11,W6Y627,대정읍,125250.0,48.0
24215,2019-12,W6Y627,대정읍,144600.0,47.0
24216,2020-01,W6Y627,대정읍,167400.0,51.0
24217,2020-02,W6Y627,대정읍,177900.0,45.0
24218,2020-03,W6Y627,대정읍,223850.0,73.0
24219,2020-04,W6Y627,대정읍,218550.0,90.0
24220,2020-05,W6Y627,대정읍,314100.0,94.0
24221,2020-06,W6Y627,대정읍,264050.0,88.0
24222,2020-07,W6Y627,대정읍,355900.0,130.0
24223,2020-08,W6Y627,대정읍,459100.0,153.0
24224,2020-09,W6Y627,대정읍,322850.0,114.0
24225,2020-10,W6Y627,대정읍,312100.0,124.0
24226,2020-11,W6Y627,대정읍,296950.0,130.0
24227,2020-12,W6Y627,대정읍,292700.0,121.0
24228,2021-01,W6Y627,대정읍,229800.0,74.0
24229,2021-02,W6Y627,대정읍,231500.0,74.0
24230,2021-03,W6Y627,대정읍,236600.0,84.0
24231,2021-04,W6Y627,대정읍,,
24232,2021-05,W6Y627,대정읍,487200.0,171.0
24233,2021-06,W6Y627,대정읍,432600.0,150.0
24234,2018-01,W6Y628,대정읍,,
24235,2018-02,W6Y628,대정읍,,
24236,2018-03,W6Y628,대정읍,,
24237,2018-04,W6Y628,대정읍,,
24238,2018-05,W6Y628,대정읍,,
24239,2018-06,W6Y628,대정읍,,
24240,2018-07,W6Y628,대정읍,,
24241,2018-08,W6Y628,대정읍,,
24242,2018-09,W6Y628,대정읍,,
24243,2018-10,W6Y628,대정읍,,
24244,2018-11,W6Y628,대정읍,,
24245,2018-12,W6Y628,대정읍,7350.0,3.0
24246,2019-01,W6Y628,대정읍,157600.0,37.0
24247,2019-02,W6Y628,대정읍,574400.0,43.0
24248,2019-03,W6Y628,대정읍,1305450.0,78.0
24249,2019-04,W6Y628,대정읍,1387050.0,82.0
24250,2019-05,W6Y628,대정읍,1205350.0,78.0
24251,2019-06,W6Y628,대정읍,1374550.0,89.0
24252,2019-07,W6Y628,대정읍,1549550.0,106.0
24253,2019-08,W6Y628,대정읍,1258600.0,109.0
24254,2019-09,W6Y628,대정읍,1026550.0,97.0
24255,2019-10,W6Y628,대정읍,797700.0,61.0
24256,2019-11,W6Y628,대정읍,646750.0,63.0
24257,2019-12,W6Y628,대정읍,954100.0,61.0
24258,2020-01,W6Y628,대정읍,1204250.0,84.0
24259,2020-02,W6Y628,대정읍,953200.0,63.0
24260,2020-03,W6Y628,대정읍,1249950.0,101.0
24261,2020-04,W6Y628,대정읍,1368650.0,92.0
24262,2020-05,W6Y628,대정읍,1524250.0,97.0
24263,2020-06,W6Y628,대정읍,1450700.0,113.0
24264,2020-07,W6Y628,대정읍,1610150.0,124.0
24265,2020-08,W6Y628,대정읍,1636600.0,125.0
24266,2020-09,W6Y628,대정읍,1324800.0,115.0
24267,2020-10,W6Y628,대정읍,1428450.0,101.0
24268,2020-11,W6Y628,대정읍,1189150.0,102.0
24269,2020-12,W6Y628,대정읍,941700.0,91.0
24270,2021-01,W6Y628,대정읍,1004050.0,81.0
24271,2021-02,W6Y628,대정읍,1092750.0,85.0
24272,2021-03,W6Y628,대정읍,1352100.0,96.0
24273,2021-04,W6Y628,대정읍,,
24274,2021-05,W6Y628,대정읍,1580350.0,115.0
24275,2021-06,W6Y628,대정읍,1056600.0,104.0
24276,2018-01,W6Y629,대정읍,,
24277,2018-02,W6Y629,대정읍,,
24278,2018-03,W6Y629,대정읍,,
24279,2018-04,W6Y629,대정읍,,
24280,2018-05,W6Y629,대정읍,,
24281,2018-06,W6Y629,대정읍,,
24282,2018-07,W6Y629,대정읍,,
24283,2018-08,W6Y629,대정읍,,
24284,2018-09,W6Y629,대정읍,,
24285,2018-10,W6Y629,대정읍,,
24286,2018-11,W6Y629,대정읍,,
24287,2018-12,W6Y629,대정읍,4800.0,2.0
24288,2019-01,W6Y629,대정읍,9350.0,3.0
24289,2019-02,W6Y629,대정읍,2800.0,3.0
24290,2019-03,W6Y629,대정읍,41250.0,7.0
24291,2019-04,W6Y629,대정읍,96250.0,13.0
24292,2019-05,W6Y629,대정읍,178500.0,21.0
24293,2019-06,W6Y629,대정읍,574200.0,184.0
24294,2019-07,W6Y629,대정읍,1388800.0,387.0
24295,2019-08,W6Y629,대정읍,1703650.0,510.0
24296,2019-09,W6Y629,대정읍,1048950.0,337.0
24297,2019-10,W6Y629,대정읍,1768500.0,487.0
24298,2019-11,W6Y629,대정읍,1659900.0,428.0
24299,2019-12,W6Y629,대정읍,579350.0,149.0
24300,2020-01,W6Y629,대정읍,482050.0,98.0
24301,2020-02,W6Y629,대정읍,1733350.0,354.0
24302,2020-03,W6Y629,대정읍,1721900.0,376.0
24303,2020-04,W6Y629,대정읍,1762200.0,568.0
24304,2020-05,W6Y629,대정읍,1582850.0,462.0
24305,2020-06,W6Y629,대정읍,1916900.0,510.0
24306,2020-07,W6Y629,대정읍,1130350.0,282.0
24307,2020-08,W6Y629,대정읍,1403200.0,426.0
24308,2020-09,W6Y629,대정읍,889100.0,236.0
24309,2020-10,W6Y629,대정읍,778900.0,199.0
24310,2020-11,W6Y629,대정읍,517950.0,151.0
24311,2020-12,W6Y629,대정읍,1064250.0,246.0
24312,2021-01,W6Y629,대정읍,1493650.0,309.0
24313,2021-02,W6Y629,대정읍,1277550.0,261.0
24314,2021-03,W6Y629,대정읍,1438400.0,263.0
24315,2021-04,W6Y629,대정읍,,
24316,2021-05,W6Y629,대정읍,1646650.0,417.0
24317,2021-06,W6Y629,대정읍,699500.0,203.0
24318,2018-01,W6Y630,대정읍,,
24319,2018-02,W6Y630,대정읍,,
24320,2018-03,W6Y630,대정읍,,
24321,2018-04,W6Y630,대정읍,,
24322,2018-05,W6Y630,대정읍,,
24323,2018-06,W6Y630,대정읍,,
24324,2018-07,W6Y630,대정읍,,
24325,2018-08,W6Y630,대정읍,,
24326,2018-09,W6Y630,대정읍,,
24327,2018-10,W6Y630,대정읍,,
24328,2018-11,W6Y630,대정읍,,
24329,2018-12,W6Y630,대정읍,3300.0,1.0
24330,2019-01,W6Y630,대정읍,44750.0,17.0
24331,2019-02,W6Y630,대정읍,60100.0,27.0
24332,2019-03,W6Y630,대정읍,58550.0,19.0
24333,2019-04,W6Y630,대정읍,51150.0,26.0
24334,2019-05,W6Y630,대정읍,47950.0,22.0
24335,2019-06,W6Y630,대정읍,85300.0,23.0
24336,2019-07,W6Y630,대정읍,158300.0,68.0
24337,2019-08,W6Y630,대정읍,275600.0,83.0
24338,2019-09,W6Y630,대정읍,227800.0,71.0
24339,2019-10,W6Y630,대정읍,339950.0,82.0
24340,2019-11,W6Y630,대정읍,317100.0,81.0
24341,2019-12,W6Y630,대정읍,325250.0,89.0
24342,2020-01,W6Y630,대정읍,391300.0,102.0
24343,2020-02,W6Y630,대정읍,403500.0,106.0
24344,2020-03,W6Y630,대정읍,635450.0,134.0
24345,2020-04,W6Y630,대정읍,522250.0,131.0
24346,2020-05,W6Y630,대정읍,447500.0,129.0
24347,2020-06,W6Y630,대정읍,503450.0,138.0
24348,2020-07,W6Y630,대정읍,477450.0,137.0
24349,2020-08,W6Y630,대정읍,478500.0,131.0
24350,2020-09,W6Y630,대정읍,436100.0,125.0
24351,2020-10,W6Y630,대정읍,337400.0,95.0
24352,2020-11,W6Y630,대정읍,,
24353,2020-12,W6Y630,대정읍,,
24354,2021-01,W6Y630,대정읍,,
24355,2021-02,W6Y630,대정읍,,
24356,2021-03,W6Y630,대정읍,,
24357,2021-04,W6Y630,대정읍,,
24358,2021-05,W6Y630,대정읍,,
24359,2021-06,W6Y630,대정읍,,
24360,2018-01,W6Y631,대정읍,,
24361,2018-02,W6Y631,대정읍,,
24362,2018-03,W6Y631,대정읍,,
24363,2018-04,W6Y631,대정읍,,
24364,2018-05,W6Y631,대정읍,,
24365,2018-06,W6Y631,대정읍,,
24366,2018-07,W6Y631,대정읍,,
24367,2018-08,W6Y631,대정읍,,
24368,2018-09,W6Y631,대정읍,,
24369,2018-10,W6Y631,대정읍,,
24370,2018-11,W6Y631,대정읍,,
24371,2018-12,W6Y631,대정읍,1350.0,1.0
24372,2019-01,W6Y631,대정읍,85550.0,21.0
24373,2019-02,W6Y631,대정읍,96850.0,25.0
24374,2019-03,W6Y631,대정읍,93350.0,31.0
24375,2019-04,W6Y631,대정읍,104350.0,34.0
24376,2019-05,W6Y631,대정읍,124250.0,51.0
24377,2019-06,W6Y631,대정읍,168600.0,46.0
24378,2019-07,W6Y631,대정읍,124550.0,50.0
24379,2019-08,W6Y631,대정읍,164900.0,56.0
24380,2019-09,W6Y631,대정읍,156050.0,47.0
24381,2019-10,W6Y631,대정읍,151600.0,56.0
24382,2019-11,W6Y631,대정읍,141550.0,45.0
24383,2019-12,W6Y631,대정읍,108000.0,37.0
24384,2020-01,W6Y631,대정읍,127800.0,35.0
24385,2020-02,W6Y631,대정읍,115450.0,29.0
24386,2020-03,W6Y631,대정읍,109700.0,34.0
24387,2020-04,W6Y631,대정읍,90150.0,36.0
24388,2020-05,W6Y631,대정읍,108150.0,39.0
24389,2020-06,W6Y631,대정읍,97900.0,31.0
24390,2020-07,W6Y631,대정읍,288600.0,61.0
24391,2020-08,W6Y631,대정읍,377050.0,74.0
24392,2020-09,W6Y631,대정읍,353550.0,84.0
24393,2020-10,W6Y631,대정읍,211350.0,62.0
24394,2020-11,W6Y631,대정읍,192350.0,45.0
24395,2020-12,W6Y631,대정읍,,
24396,2021-01,W6Y631,대정읍,,
24397,2021-02,W6Y631,대정읍,,
24398,2021-03,W6Y631,대정읍,,
24399,2021-04,W6Y631,대정읍,,
24400,2021-05,W6Y631,대정읍,,
24401,2021-06,W6Y631,대정읍,,
24402,2018-01,W6Y632,대정읍,,
24403,2018-02,W6Y632,대정읍,,
24404,2018-03,W6Y632,대정읍,,
24405,2018-04,W6Y632,대정읍,,
24406,2018-05,W6Y632,대정읍,,
24407,2018-06,W6Y632,대정읍,,
24408,2018-07,W6Y632,대정읍,,
24409,2018-08,W6Y632,대정읍,,
24410,2018-09,W6Y632,대정읍,,
24411,2018-10,W6Y632,대정읍,,
24412,2018-11,W6Y632,대정읍,,
24413,2018-12,W6Y632,대정읍,17750.0,3.0
24414,2019-01,W6Y632,대정읍,10300.0,3.0
24415,2019-02,W6Y632,대정읍,43150.0,10.0
24416,2019-03,W6Y632,대정읍,18650.0,10.0
24417,2019-04,W6Y632,대정읍,47300.0,18.0
24418,2019-05,W6Y632,대정읍,85850.0,38.0
24419,2019-06,W6Y632,대정읍,91350.0,34.0
24420,2019-07,W6Y632,대정읍,75950.0,33.0
24421,2019-08,W6Y632,대정읍,118300.0,41.0
24422,2019-09,W6Y632,대정읍,130400.0,38.0
24423,2019-10,W6Y632,대정읍,142500.0,54.0
24424,2019-11,W6Y632,대정읍,163100.0,35.0
24425,2019-12,W6Y632,대정읍,183750.0,46.0
24426,2020-01,W6Y632,대정읍,113300.0,36.0
24427,2020-02,W6Y632,대정읍,133700.0,36.0
24428,2020-03,W6Y632,대정읍,37850.0,16.0
24429,2020-04,W6Y632,대정읍,44100.0,17.0
24430,2020-05,W6Y632,대정읍,82600.0,23.0
24431,2020-06,W6Y632,대정읍,80850.0,22.0
24432,2020-07,W6Y632,대정읍,75550.0,26.0
24433,2020-08,W6Y632,대정읍,97800.0,39.0
24434,2020-09,W6Y632,대정읍,72450.0,28.0
24435,2020-10,W6Y632,대정읍,103600.0,26.0
24436,2020-11,W6Y632,대정읍,,
24437,2020-12,W6Y632,대정읍,,
24438,2021-01,W6Y632,대정읍,,
24439,2021-02,W6Y632,대정읍,,
24440,2021-03,W6Y632,대정읍,,
24441,2021-04,W6Y632,대정읍,,
24442,2021-05,W6Y632,대정읍,,
24443,2021-06,W6Y632,대정읍,,
24444,2018-01,W6Y633,대정읍,,
24445,2018-02,W6Y633,대정읍,,
24446,2018-03,W6Y633,대정읍,,
24447,2018-04,W6Y633,대정읍,,
24448,2018-05,W6Y633,대정읍,,
24449,2018-06,W6Y633,대정읍,,
24450,2018-07,W6Y633,대정읍,,
24451,2018-08,W6Y633,대정읍,,
24452,2018-09,W6Y633,대정읍,,
24453,2018-10,W6Y633,대정읍,,
24454,2018-11,W6Y633,대정읍,,
24455,2018-12,W6Y633,대정읍,,
24456,2019-01,W6Y633,대정읍,,
24457,2019-02,W6Y633,대정읍,,
24458,2019-03,W6Y633,대정읍,6050.0,2.0
24459,2019-04,W6Y633,대정읍,227650.0,84.0
24460,2019-05,W6Y633,대정읍,369500.0,146.0
24461,2019-06,W6Y633,대정읍,532250.0,192.0
24462,2019-07,W6Y633,대정읍,380850.0,158.0
24463,2019-08,W6Y633,대정읍,476850.0,198.0
24464,2019-09,W6Y633,대정읍,77150.0,38.0
24465,2019-10,W6Y633,대정읍,2900.0,5.0
24466,2019-11,W6Y633,대정읍,2350.0,2.0
24467,2019-12,W6Y633,대정읍,9750.0,9.0
24468,2020-01,W6Y633,대정읍,8200.0,7.0
24469,2020-02,W6Y633,대정읍,12750.0,13.0
24470,2020-03,W6Y633,대정읍,17200.0,12.0
24471,2020-04,W6Y633,대정읍,20100.0,13.0
24472,2020-05,W6Y633,대정읍,25200.0,12.0
24473,2020-06,W6Y633,대정읍,20350.0,19.0
24474,2020-07,W6Y633,대정읍,,
24475,2020-08,W6Y633,대정읍,,
24476,2020-09,W6Y633,대정읍,,
24477,2020-10,W6Y633,대정읍,,
24478,2020-11,W6Y633,대정읍,,
24479,2020-12,W6Y633,대정읍,,
24480,2021-01,W6Y633,대정읍,,
24481,2021-02,W6Y633,대정읍,,
24482,2021-03,W6Y633,대정읍,,
24483,2021-04,W6Y633,대정읍,,
24484,2021-05,W6Y633,대정읍,,
24485,2021-06,W6Y633,대정읍,,
24486,2018-01,W6Y634,대정읍,,
24487,2018-02,W6Y634,대정읍,,
24488,2018-03,W6Y634,대정읍,,
24489,2018-04,W6Y634,대정읍,,
24490,2018-05,W6Y634,대정읍,,
24491,2018-06,W6Y634,대정읍,,
24492,2018-07,W6Y634,대정읍,,
24493,2018-08,W6Y634,대정읍,,
24494,2018-09,W6Y634,대정읍,,
24495,2018-10,W6Y634,대정읍,,
24496,2018-11,W6Y634,대정읍,,
24497,2018-12,W6Y634,대정읍,1800.0,1.0
24498,2019-01,W6Y634,대정읍,41250.0,17.0
24499,2019-02,W6Y634,대정읍,295050.0,30.0
24500,2019-03,W6Y634,대정읍,465650.0,62.0
24501,2019-04,W6Y634,대정읍,264500.0,57.0
24502,2019-05,W6Y634,대정읍,261150.0,57.0
24503,2019-06,W6Y634,대정읍,173600.0,56.0
24504,2019-07,W6Y634,대정읍,305150.0,84.0
24505,2019-08,W6Y634,대정읍,313100.0,95.0
24506,2019-09,W6Y634,대정읍,337400.0,92.0
24507,2019-10,W6Y634,대정읍,225450.0,75.0
24508,2019-11,W6Y634,대정읍,327500.0,78.0
24509,2019-12,W6Y634,대정읍,348950.0,82.0
24510,2020-01,W6Y634,대정읍,377150.0,80.0
24511,2020-02,W6Y634,대정읍,319800.0,82.0
24512,2020-03,W6Y634,대정읍,283450.0,75.0
24513,2020-04,W6Y634,대정읍,255100.0,66.0
24514,2020-05,W6Y634,대정읍,219600.0,69.0
24515,2020-06,W6Y634,대정읍,198000.0,70.0
24516,2020-07,W6Y634,대정읍,282950.0,105.0
24517,2020-08,W6Y634,대정읍,219900.0,83.0
24518,2020-09,W6Y634,대정읍,202600.0,92.0
24519,2020-10,W6Y634,대정읍,230550.0,113.0
24520,2020-11,W6Y634,대정읍,188150.0,91.0
24521,2020-12,W6Y634,대정읍,191650.0,86.0
24522,2021-01,W6Y634,대정읍,206650.0,95.0
24523,2021-02,W6Y634,대정읍,150450.0,71.0
24524,2021-03,W6Y634,대정읍,178500.0,93.0
24525,2021-04,W6Y634,대정읍,,
24526,2021-05,W6Y634,대정읍,304050.0,143.0
24527,2021-06,W6Y634,대정읍,313200.0,155.0
24528,2018-01,W6Y635,대정읍,,
24529,2018-02,W6Y635,대정읍,,
24530,2018-03,W6Y635,대정읍,,
24531,2018-04,W6Y635,대정읍,,
24532,2018-05,W6Y635,대정읍,,
24533,2018-06,W6Y635,대정읍,,
24534,2018-07,W6Y635,대정읍,,
24535,2018-08,W6Y635,대정읍,,
24536,2018-09,W6Y635,대정읍,,
24537,2018-10,W6Y635,대정읍,,
24538,2018-11,W6Y635,대정읍,,
24539,2018-12,W6Y635,대정읍,,
24540,2019-01,W6Y635,대정읍,,
24541,2019-02,W6Y635,대정읍,,
24542,2019-03,W6Y635,대정읍,1750.0,1.0
24543,2019-04,W6Y635,대정읍,273200.0,19.0
24544,2019-05,W6Y635,대정읍,274000.0,21.0
24545,2019-06,W6Y635,대정읍,218300.0,30.0
24546,2019-07,W6Y635,대정읍,364100.0,40.0
24547,2019-08,W6Y635,대정읍,282300.0,33.0
24548,2019-09,W6Y635,대정읍,225800.0,35.0
24549,2019-10,W6Y635,대정읍,55700.0,25.0
24550,2019-11,W6Y635,대정읍,53900.0,24.0
24551,2019-12,W6Y635,대정읍,14950.0,14.0
24552,2020-01,W6Y635,대정읍,47000.0,22.0
24553,2020-02,W6Y635,대정읍,19100.0,14.0
24554,2020-03,W6Y635,대정읍,23250.0,16.0
24555,2020-04,W6Y635,대정읍,33600.0,15.0
24556,2020-05,W6Y635,대정읍,60900.0,29.0
24557,2020-06,W6Y635,대정읍,72600.0,26.0
24558,2020-07,W6Y635,대정읍,54000.0,25.0
24559,2020-08,W6Y635,대정읍,60250.0,36.0
24560,2020-09,W6Y635,대정읍,45950.0,26.0
24561,2020-10,W6Y635,대정읍,37700.0,27.0
24562,2020-11,W6Y635,대정읍,47050.0,17.0
24563,2020-12,W6Y635,대정읍,43050.0,21.0
24564,2021-01,W6Y635,대정읍,53100.0,25.0
24565,2021-02,W6Y635,대정읍,26350.0,18.0
24566,2021-03,W6Y635,대정읍,41000.0,25.0
24567,2021-04,W6Y635,대정읍,,
24568,2021-05,W6Y635,대정읍,484600.0,46.0
24569,2021-06,W6Y635,대정읍,117700.0,16.0
24570,2018-01,W6Y636,대정읍,,
24571,2018-02,W6Y636,대정읍,,
24572,2018-03,W6Y636,대정읍,,
24573,2018-04,W6Y636,대정읍,,
24574,2018-05,W6Y636,대정읍,,
24575,2018-06,W6Y636,대정읍,,
24576,2018-07,W6Y636,대정읍,,
24577,2018-08,W6Y636,대정읍,,
24578,2018-09,W6Y636,대정읍,,
24579,2018-10,W6Y636,대정읍,,
24580,2018-11,W6Y636,대정읍,,
24581,2018-12,W6Y636,대정읍,,
24582,2019-01,W6Y636,대정읍,11400.0,9.0
24583,2019-02,W6Y636,대정읍,25400.0,9.0
24584,2019-03,W6Y636,대정읍,37550.0,19.0
24585,2019-04,W6Y636,대정읍,56250.0,26.0
24586,2019-05,W6Y636,대정읍,66500.0,42.0
24587,2019-06,W6Y636,대정읍,529900.0,198.0
24588,2019-07,W6Y636,대정읍,879050.0,334.0
24589,2019-08,W6Y636,대정읍,1109200.0,351.0
24590,2019-09,W6Y636,대정읍,1085850.0,329.0
24591,2019-10,W6Y636,대정읍,673450.0,231.0
24592,2019-11,W6Y636,대정읍,759250.0,199.0
24593,2019-12,W6Y636,대정읍,670650.0,194.0
24594,2020-01,W6Y636,대정읍,1199150.0,248.0
24595,2020-02,W6Y636,대정읍,512200.0,103.0
24596,2020-03,W6Y636,대정읍,733250.0,135.0
24597,2020-04,W6Y636,대정읍,100250.0,37.0
24598,2020-05,W6Y636,대정읍,582900.0,185.0
24599,2020-06,W6Y636,대정읍,1617700.0,550.0
24600,2020-07,W6Y636,대정읍,1798650.0,652.0
24601,2020-08,W6Y636,대정읍,2053000.0,738.0
24602,2020-09,W6Y636,대정읍,1873300.0,736.0
24603,2020-10,W6Y636,대정읍,1744450.0,608.0
24604,2020-11,W6Y636,대정읍,1660000.0,585.0
24605,2020-12,W6Y636,대정읍,1558950.0,526.0
24606,2021-01,W6Y636,대정읍,1890350.0,559.0
24607,2021-02,W6Y636,대정읍,1506250.0,524.0
24608,2021-03,W6Y636,대정읍,1560750.0,566.0
24609,2021-04,W6Y636,대정읍,,
24610,2021-05,W6Y636,대정읍,1791650.0,536.0
24611,2021-06,W6Y636,대정읍,1028250.0,318.0
24612,2018-01,W6Y637,대정읍,,
24613,2018-02,W6Y637,대정읍,,
24614,2018-03,W6Y637,대정읍,,
24615,2018-04,W6Y637,대정읍,,
24616,2018-05,W6Y637,대정읍,,
24617,2018-06,W6Y637,대정읍,,
24618,2018-07,W6Y637,대정읍,,
24619,2018-08,W6Y637,대정읍,,
24620,2018-09,W6Y637,대정읍,,
24621,2018-10,W6Y637,대정읍,,
24622,2018-11,W6Y637,대정읍,,
24623,2018-12,W6Y637,대정읍,,
24624,2019-01,W6Y637,대정읍,,
24625,2019-02,W6Y637,대정읍,18800.0,2.0
24626,2019-03,W6Y637,대정읍,36500.0,2.0
24627,2019-04,W6Y637,대정읍,7400.0,5.0
24628,2019-05,W6Y637,대정읍,16300.0,12.0
24629,2019-06,W6Y637,대정읍,164100.0,52.0
24630,2019-07,W6Y637,대정읍,414400.0,103.0
24631,2019-08,W6Y637,대정읍,391350.0,123.0
24632,2019-09,W6Y637,대정읍,538200.0,164.0
24633,2019-10,W6Y637,대정읍,453050.0,147.0
24634,2019-11,W6Y637,대정읍,547250.0,161.0
24635,2019-12,W6Y637,대정읍,530450.0,137.0
24636,2020-01,W6Y637,대정읍,877000.0,141.0
24637,2020-02,W6Y637,대정읍,826250.0,110.0
24638,2020-03,W6Y637,대정읍,674300.0,160.0
24639,2020-04,W6Y637,대정읍,639450.0,183.0
24640,2020-05,W6Y637,대정읍,1039800.0,205.0
24641,2020-06,W6Y637,대정읍,883350.0,154.0
24642,2020-07,W6Y637,대정읍,1061350.0,222.0
24643,2020-08,W6Y637,대정읍,972900.0,194.0
24644,2020-09,W6Y637,대정읍,760800.0,136.0
24645,2020-10,W6Y637,대정읍,563750.0,115.0
24646,2020-11,W6Y637,대정읍,62700.0,29.0
24647,2020-12,W6Y637,대정읍,515000.0,105.0
24648,2021-01,W6Y637,대정읍,549550.0,149.0
24649,2021-02,W6Y637,대정읍,590250.0,97.0
24650,2021-03,W6Y637,대정읍,931200.0,220.0
24651,2021-04,W6Y637,대정읍,,
24652,2021-05,W6Y637,대정읍,573400.0,166.0
24653,2021-06,W6Y637,대정읍,278700.0,120.0
24654,2018-01,W6Y638,대정읍,,
24655,2018-02,W6Y638,대정읍,,
24656,2018-03,W6Y638,대정읍,,
24657,2018-04,W6Y638,대정읍,,
24658,2018-05,W6Y638,대정읍,,
24659,2018-06,W6Y638,대정읍,,
24660,2018-07,W6Y638,대정읍,,
24661,2018-08,W6Y638,대정읍,,
24662,2018-09,W6Y638,대정읍,,
24663,2018-10,W6Y638,대정읍,,
24664,2018-11,W6Y638,대정읍,,
24665,2018-12,W6Y638,대정읍,17650.0,3.0
24666,2019-01,W6Y638,대정읍,167850.0,39.0
24667,2019-02,W6Y638,대정읍,218050.0,47.0
24668,2019-03,W6Y638,대정읍,269550.0,58.0
24669,2019-04,W6Y638,대정읍,185200.0,60.0
24670,2019-05,W6Y638,대정읍,233150.0,73.0
24671,2019-06,W6Y638,대정읍,456050.0,115.0
24672,2019-07,W6Y638,대정읍,982300.0,183.0
24673,2019-08,W6Y638,대정읍,608900.0,132.0
24674,2019-09,W6Y638,대정읍,329750.0,78.0
24675,2019-10,W6Y638,대정읍,243750.0,76.0
24676,2019-11,W6Y638,대정읍,217850.0,64.0
24677,2019-12,W6Y638,대정읍,280400.0,71.0
24678,2020-01,W6Y638,대정읍,278100.0,68.0
24679,2020-02,W6Y638,대정읍,242350.0,64.0
24680,2020-03,W6Y638,대정읍,317450.0,64.0
24681,2020-04,W6Y638,대정읍,197650.0,67.0
24682,2020-05,W6Y638,대정읍,398800.0,91.0
24683,2020-06,W6Y638,대정읍,777100.0,162.0
24684,2020-07,W6Y638,대정읍,799150.0,141.0
24685,2020-08,W6Y638,대정읍,854050.0,154.0
24686,2020-09,W6Y638,대정읍,388850.0,102.0
24687,2020-10,W6Y638,대정읍,438050.0,112.0
24688,2020-11,W6Y638,대정읍,458050.0,126.0
24689,2020-12,W6Y638,대정읍,381400.0,116.0
24690,2021-01,W6Y638,대정읍,289950.0,103.0
24691,2021-02,W6Y638,대정읍,321550.0,81.0
24692,2021-03,W6Y638,대정읍,332750.0,118.0
24693,2021-04,W6Y638,대정읍,,
24694,2021-05,W6Y638,대정읍,448100.0,159.0
24695,2021-06,W6Y638,대정읍,942200.0,249.0
24696,2018-01,W6Y639,대정읍,,
24697,2018-02,W6Y639,대정읍,,
24698,2018-03,W6Y639,대정읍,,
24699,2018-04,W6Y639,대정읍,,
24700,2018-05,W6Y639,대정읍,,
24701,2018-06,W6Y639,대정읍,,
24702,2018-07,W6Y639,대정읍,,
24703,2018-08,W6Y639,대정읍,,
24704,2018-09,W6Y639,대정읍,,
24705,2018-10,W6Y639,대정읍,,
24706,2018-11,W6Y639,대정읍,,
24707,2018-12,W6Y639,대정읍,13350.0,3.0
24708,2019-01,W6Y639,대정읍,26250.0,4.0
24709,2019-02,W6Y639,대정읍,97550.0,14.0
24710,2019-03,W6Y639,대정읍,187400.0,25.0
24711,2019-04,W6Y639,대정읍,199700.0,20.0
24712,2019-05,W6Y639,대정읍,,
24713,2019-06,W6Y639,대정읍,201850.0,82.0
24714,2019-07,W6Y639,대정읍,488800.0,172.0
24715,2019-08,W6Y639,대정읍,373850.0,149.0
24716,2019-09,W6Y639,대정읍,500800.0,191.0
24717,2019-10,W6Y639,대정읍,447550.0,183.0
24718,2019-11,W6Y639,대정읍,440200.0,170.0
24719,2019-12,W6Y639,대정읍,632650.0,167.0
24720,2020-01,W6Y639,대정읍,624250.0,176.0
24721,2020-02,W6Y639,대정읍,618050.0,184.0
24722,2020-03,W6Y639,대정읍,603550.0,212.0
24723,2020-04,W6Y639,대정읍,517300.0,182.0
24724,2020-05,W6Y639,대정읍,619950.0,244.0
24725,2020-06,W6Y639,대정읍,663350.0,266.0
24726,2020-07,W6Y639,대정읍,856200.0,323.0
24727,2020-08,W6Y639,대정읍,937600.0,324.0
24728,2020-09,W6Y639,대정읍,670700.0,263.0
24729,2020-10,W6Y639,대정읍,977300.0,336.0
24730,2020-11,W6Y639,대정읍,980250.0,312.0
24731,2020-12,W6Y639,대정읍,921400.0,309.0
24732,2021-01,W6Y639,대정읍,836600.0,278.0
24733,2021-02,W6Y639,대정읍,1027350.0,281.0
24734,2021-03,W6Y639,대정읍,817900.0,277.0
24735,2021-04,W6Y639,대정읍,,
24736,2021-05,W6Y639,대정읍,947450.0,303.0
24737,2021-06,W6Y639,대정읍,867400.0,306.0
24738,2018-01,W6Y640,대정읍,,
24739,2018-02,W6Y640,대정읍,,
24740,2018-03,W6Y640,대정읍,,
24741,2018-04,W6Y640,대정읍,,
24742,2018-05,W6Y640,대정읍,,
24743,2018-06,W6Y640,대정읍,,
24744,2018-07,W6Y640,대정읍,,
24745,2018-08,W6Y640,대정읍,,
24746,2018-09,W6Y640,대정읍,,
24747,2018-10,W6Y640,대정읍,,
24748,2018-11,W6Y640,대정읍,,
24749,2018-12,W6Y640,대정읍,21500.0,4.0
24750,2019-01,W6Y640,대정읍,227200.0,32.0
24751,2019-02,W6Y640,대정읍,217900.0,35.0
24752,2019-03,W6Y640,대정읍,232550.0,42.0
24753,2019-04,W6Y640,대정읍,260000.0,42.0
24754,2019-05,W6Y640,대정읍,409850.0,61.0
24755,2019-06,W6Y640,대정읍,446900.0,81.0
24756,2019-07,W6Y640,대정읍,622600.0,113.0
24757,2019-08,W6Y640,대정읍,506450.0,100.0
24758,2019-09,W6Y640,대정읍,530250.0,97.0
24759,2019-10,W6Y640,대정읍,820850.0,105.0
24760,2019-11,W6Y640,대정읍,772550.0,116.0
24761,2019-12,W6Y640,대정읍,960850.0,108.0
24762,2020-01,W6Y640,대정읍,920750.0,95.0
24763,2020-02,W6Y640,대정읍,902500.0,79.0
24764,2020-03,W6Y640,대정읍,1033600.0,90.0
24765,2020-04,W6Y640,대정읍,1033650.0,83.0
24766,2020-05,W6Y640,대정읍,772100.0,66.0
24767,2020-06,W6Y640,대정읍,430950.0,56.0
24768,2020-07,W6Y640,대정읍,454550.0,76.0
24769,2020-08,W6Y640,대정읍,505200.0,74.0
24770,2020-09,W6Y640,대정읍,735550.0,71.0
24771,2020-10,W6Y640,대정읍,295250.0,50.0
24772,2020-11,W6Y640,대정읍,294150.0,39.0
24773,2020-12,W6Y640,대정읍,424450.0,52.0
24774,2021-01,W6Y640,대정읍,398700.0,55.0
24775,2021-02,W6Y640,대정읍,395250.0,48.0
24776,2021-03,W6Y640,대정읍,289750.0,41.0
24777,2021-04,W6Y640,대정읍,,
24778,2021-05,W6Y640,대정읍,371400.0,60.0
24779,2021-06,W6Y640,대정읍,460100.0,86.0
24780,2018-01,W6Y641,대정읍,,
24781,2018-02,W6Y641,대정읍,,
24782,2018-03,W6Y641,대정읍,,
24783,2018-04,W6Y641,대정읍,,
24784,2018-05,W6Y641,대정읍,,
24785,2018-06,W6Y641,대정읍,,
24786,2018-07,W6Y641,대정읍,,
24787,2018-08,W6Y641,대정읍,,
24788,2018-09,W6Y641,대정읍,,
24789,2018-10,W6Y641,대정읍,,
24790,2018-11,W6Y641,대정읍,,
24791,2018-12,W6Y641,대정읍,,
24792,2019-01,W6Y641,대정읍,,
24793,2019-02,W6Y641,대정읍,,
24794,2019-03,W6Y641,대정읍,14950.0,5.0
24795,2019-04,W6Y641,대정읍,185250.0,23.0
24796,2019-05,W6Y641,대정읍,191300.0,44.0
24797,2019-06,W6Y641,대정읍,461600.0,65.0
24798,2019-07,W6Y641,대정읍,563100.0,81.0
24799,2019-08,W6Y641,대정읍,545200.0,80.0
24800,2019-09,W6Y641,대정읍,529700.0,74.0
24801,2019-10,W6Y641,대정읍,581900.0,87.0
24802,2019-11,W6Y641,대정읍,582150.0,78.0
24803,2019-12,W6Y641,대정읍,596900.0,82.0
24804,2020-01,W6Y641,대정읍,619150.0,62.0
24805,2020-02,W6Y641,대정읍,481600.0,78.0
24806,2020-03,W6Y641,대정읍,572900.0,100.0
24807,2020-04,W6Y641,대정읍,538900.0,89.0
24808,2020-05,W6Y641,대정읍,662150.0,122.0
24809,2020-06,W6Y641,대정읍,673300.0,111.0
24810,2020-07,W6Y641,대정읍,644350.0,112.0
24811,2020-08,W6Y641,대정읍,578100.0,76.0
24812,2020-09,W6Y641,대정읍,618950.0,99.0
24813,2020-10,W6Y641,대정읍,569800.0,81.0
24814,2020-11,W6Y641,대정읍,678250.0,105.0
24815,2020-12,W6Y641,대정읍,626950.0,82.0
24816,2021-01,W6Y641,대정읍,485550.0,79.0
24817,2021-02,W6Y641,대정읍,662850.0,75.0
24818,2021-03,W6Y641,대정읍,771100.0,96.0
24819,2021-04,W6Y641,대정읍,,
24820,2021-05,W6Y641,대정읍,1111350.0,107.0
24821,2021-06,W6Y641,대정읍,1347350.0,138.0
24822,2018-01,W6Y642,대정읍,,
24823,2018-02,W6Y642,대정읍,,
24824,2018-03,W6Y642,대정읍,,
24825,2018-04,W6Y642,대정읍,,
24826,2018-05,W6Y642,대정읍,,
24827,2018-06,W6Y642,대정읍,,
24828,2018-07,W6Y642,대정읍,,
24829,2018-08,W6Y642,대정읍,,
24830,2018-09,W6Y642,대정읍,,
24831,2018-10,W6Y642,대정읍,,
24832,2018-11,W6Y642,대정읍,,
24833,2018-12,W6Y642,대정읍,,
24834,2019-01,W6Y642,대정읍,9100.0,7.0
24835,2019-02,W6Y642,대정읍,90300.0,19.0
24836,2019-03,W6Y642,대정읍,54050.0,23.0
24837,2019-04,W6Y642,대정읍,22750.0,17.0
24838,2019-05,W6Y642,대정읍,60950.0,29.0
24839,2019-06,W6Y642,대정읍,69250.0,41.0
24840,2019-07,W6Y642,대정읍,174200.0,82.0
24841,2019-08,W6Y642,대정읍,210800.0,99.0
24842,2019-09,W6Y642,대정읍,147800.0,59.0
24843,2019-10,W6Y642,대정읍,116100.0,61.0
24844,2019-11,W6Y642,대정읍,68150.0,33.0
24845,2019-12,W6Y642,대정읍,125750.0,58.0
24846,2020-01,W6Y642,대정읍,101000.0,50.0
24847,2020-02,W6Y642,대정읍,88050.0,52.0
24848,2020-03,W6Y642,대정읍,194550.0,74.0
24849,2020-04,W6Y642,대정읍,143700.0,90.0
24850,2020-05,W6Y642,대정읍,181550.0,110.0
24851,2020-06,W6Y642,대정읍,219300.0,99.0
24852,2020-07,W6Y642,대정읍,173050.0,85.0
24853,2020-08,W6Y642,대정읍,293600.0,121.0
24854,2020-09,W6Y642,대정읍,167000.0,92.0
24855,2020-10,W6Y642,대정읍,150950.0,78.0
24856,2020-11,W6Y642,대정읍,198600.0,110.0
24857,2020-12,W6Y642,대정읍,164500.0,89.0
24858,2021-01,W6Y642,대정읍,161350.0,74.0
24859,2021-02,W6Y642,대정읍,150100.0,59.0
24860,2021-03,W6Y642,대정읍,159200.0,69.0
24861,2021-04,W6Y642,대정읍,,
24862,2021-05,W6Y642,대정읍,246050.0,120.0
24863,2021-06,W6Y642,대정읍,234450.0,126.0
24864,2018-01,W6Y643,대정읍,,
24865,2018-02,W6Y643,대정읍,,
24866,2018-03,W6Y643,대정읍,,
24867,2018-04,W6Y643,대정읍,,
24868,2018-05,W6Y643,대정읍,,
24869,2018-06,W6Y643,대정읍,,
24870,2018-07,W6Y643,대정읍,,
24871,2018-08,W6Y643,대정읍,,
24872,2018-09,W6Y643,대정읍,,
24873,2018-10,W6Y643,대정읍,,
24874,2018-11,W6Y643,대정읍,,
24875,2018-12,W6Y643,대정읍,,
24876,2019-01,W6Y643,대정읍,38550.0,19.0
24877,2019-02,W6Y643,대정읍,62200.0,19.0
24878,2019-03,W6Y643,대정읍,64300.0,21.0
24879,2019-04,W6Y643,대정읍,81850.0,23.0
24880,2019-05,W6Y643,대정읍,122900.0,27.0
24881,2019-06,W6Y643,대정읍,92650.0,25.0
24882,2019-07,W6Y643,대정읍,74750.0,27.0
24883,2019-08,W6Y643,대정읍,72700.0,17.0
24884,2019-09,W6Y643,대정읍,62100.0,18.0
24885,2019-10,W6Y643,대정읍,36700.0,13.0
24886,2019-11,W6Y643,대정읍,59250.0,18.0
24887,2019-12,W6Y643,대정읍,37950.0,17.0
24888,2020-01,W6Y643,대정읍,61000.0,23.0
24889,2020-02,W6Y643,대정읍,64800.0,33.0
24890,2020-03,W6Y643,대정읍,43750.0,15.0
24891,2020-04,W6Y643,대정읍,51250.0,15.0
24892,2020-05,W6Y643,대정읍,57300.0,27.0
24893,2020-06,W6Y643,대정읍,105700.0,35.0
24894,2020-07,W6Y643,대정읍,41650.0,23.0
24895,2020-08,W6Y643,대정읍,183800.0,32.0
24896,2020-09,W6Y643,대정읍,82600.0,19.0
24897,2020-10,W6Y643,대정읍,134850.0,43.0
24898,2020-11,W6Y643,대정읍,72500.0,31.0
24899,2020-12,W6Y643,대정읍,9900.0,11.0
24900,2021-01,W6Y643,대정읍,47700.0,21.0
24901,2021-02,W6Y643,대정읍,125850.0,33.0
24902,2021-03,W6Y643,대정읍,88850.0,45.0
24903,2021-04,W6Y643,대정읍,,
24904,2021-05,W6Y643,대정읍,59300.0,22.0
24905,2021-06,W6Y643,대정읍,,
24906,2018-01,W6Y644,대정읍,,
24907,2018-02,W6Y644,대정읍,,
24908,2018-03,W6Y644,대정읍,,
24909,2018-04,W6Y644,대정읍,,
24910,2018-05,W6Y644,대정읍,,
24911,2018-06,W6Y644,대정읍,,
24912,2018-07,W6Y644,대정읍,,
24913,2018-08,W6Y644,대정읍,,
24914,2018-09,W6Y644,대정읍,,
24915,2018-10,W6Y644,대정읍,,
24916,2018-11,W6Y644,대정읍,,
24917,2018-12,W6Y644,대정읍,,
24918,2019-01,W6Y644,대정읍,,
24919,2019-02,W6Y644,대정읍,3550.0,2.0
24920,2019-03,W6Y644,대정읍,3000.0,3.0
24921,2019-04,W6Y644,대정읍,800.0,2.0
24922,2019-05,W6Y644,대정읍,850.0,1.0
24923,2019-06,W6Y644,대정읍,98050.0,36.0
24924,2019-07,W6Y644,대정읍,193150.0,48.0
24925,2019-08,W6Y644,대정읍,164550.0,57.0
24926,2019-09,W6Y644,대정읍,211400.0,60.0
24927,2019-10,W6Y644,대정읍,105000.0,43.0
24928,2019-11,W6Y644,대정읍,127750.0,54.0
24929,2019-12,W6Y644,대정읍,249400.0,65.0
24930,2020-01,W6Y644,대정읍,314050.0,56.0
24931,2020-02,W6Y644,대정읍,416950.0,81.0
24932,2020-03,W6Y644,대정읍,119000.0,27.0
24933,2020-04,W6Y644,대정읍,267200.0,52.0
24934,2020-05,W6Y644,대정읍,446950.0,74.0
24935,2020-06,W6Y644,대정읍,106050.0,40.0
24936,2020-07,W6Y644,대정읍,141100.0,59.0
24937,2020-08,W6Y644,대정읍,462550.0,128.0
24938,2020-09,W6Y644,대정읍,393650.0,216.0
24939,2020-10,W6Y644,대정읍,665100.0,289.0
24940,2020-11,W6Y644,대정읍,1078850.0,300.0
24941,2020-12,W6Y644,대정읍,695150.0,201.0
24942,2021-01,W6Y644,대정읍,386550.0,167.0
24943,2021-02,W6Y644,대정읍,453100.0,172.0
24944,2021-03,W6Y644,대정읍,256500.0,108.0
24945,2021-04,W6Y644,대정읍,,
24946,2021-05,W6Y644,대정읍,776450.0,210.0
24947,2021-06,W6Y644,대정읍,274600.0,102.0
24948,2018-01,W6Y645,대정읍,,
24949,2018-02,W6Y645,대정읍,,
24950,2018-03,W6Y645,대정읍,,
24951,2018-04,W6Y645,대정읍,,
24952,2018-05,W6Y645,대정읍,,
24953,2018-06,W6Y645,대정읍,,
24954,2018-07,W6Y645,대정읍,,
24955,2018-08,W6Y645,대정읍,,
24956,2018-09,W6Y645,대정읍,,
24957,2018-10,W6Y645,대정읍,,
24958,2018-11,W6Y645,대정읍,,
24959,2018-12,W6Y645,대정읍,19650.0,8.0
24960,2019-01,W6Y645,대정읍,143250.0,44.0
24961,2019-02,W6Y645,대정읍,143950.0,42.0
24962,2019-03,W6Y645,대정읍,239600.0,57.0
24963,2019-04,W6Y645,대정읍,172150.0,51.0
24964,2019-05,W6Y645,대정읍,323300.0,89.0
24965,2019-06,W6Y645,대정읍,297200.0,107.0
24966,2019-07,W6Y645,대정읍,424650.0,117.0
24967,2019-08,W6Y645,대정읍,356650.0,117.0
24968,2019-09,W6Y645,대정읍,358600.0,114.0
24969,2019-10,W6Y645,대정읍,314300.0,105.0
24970,2019-11,W6Y645,대정읍,332700.0,113.0
24971,2019-12,W6Y645,대정읍,364150.0,98.0
24972,2020-01,W6Y645,대정읍,416700.0,105.0
24973,2020-02,W6Y645,대정읍,335800.0,100.0
24974,2020-03,W6Y645,대정읍,346400.0,110.0
24975,2020-04,W6Y645,대정읍,327550.0,91.0
24976,2020-05,W6Y645,대정읍,429100.0,134.0
24977,2020-06,W6Y645,대정읍,526550.0,153.0
24978,2020-07,W6Y645,대정읍,559400.0,169.0
24979,2020-08,W6Y645,대정읍,466400.0,161.0
24980,2020-09,W6Y645,대정읍,387900.0,141.0
24981,2020-10,W6Y645,대정읍,354800.0,105.0
24982,2020-11,W6Y645,대정읍,378250.0,108.0
24983,2020-12,W6Y645,대정읍,310000.0,99.0
24984,2021-01,W6Y645,대정읍,431750.0,129.0
24985,2021-02,W6Y645,대정읍,317250.0,104.0
24986,2021-03,W6Y645,대정읍,420250.0,125.0
24987,2021-04,W6Y645,대정읍,,
24988,2021-05,W6Y645,대정읍,373850.0,120.0
24989,2021-06,W6Y645,대정읍,463950.0,146.0
24990,2018-01,W6Y646,대정읍,,
24991,2018-02,W6Y646,대정읍,,
24992,2018-03,W6Y646,대정읍,,
24993,2018-04,W6Y646,대정읍,,
24994,2018-05,W6Y646,대정읍,,
24995,2018-06,W6Y646,대정읍,,
24996,2018-07,W6Y646,대정읍,,
24997,2018-08,W6Y646,대정읍,,
24998,2018-09,W6Y646,대정읍,,
24999,2018-10,W6Y646,대정읍,,
25000,2018-11,W6Y646,대정읍,,
25001,2018-12,W6Y646,대정읍,29450.0,12.0
25002,2019-01,W6Y646,대정읍,2651050.0,1275.0
25003,2019-02,W6Y646,대정읍,3370150.0,1417.0
25004,2019-03,W6Y646,대정읍,3815900.0,1544.0
25005,2019-04,W6Y646,대정읍,3631100.0,1609.0
25006,2019-05,W6Y646,대정읍,3725350.0,1685.0
25007,2019-06,W6Y646,대정읍,3707400.0,1776.0
25008,2019-07,W6Y646,대정읍,4249250.0,1952.0
25009,2019-08,W6Y646,대정읍,3918650.0,1996.0
25010,2019-09,W6Y646,대정읍,3675450.0,1820.0
25011,2019-10,W6Y646,대정읍,3305050.0,1686.0
25012,2019-11,W6Y646,대정읍,3064600.0,1570.0
25013,2019-12,W6Y646,대정읍,3451550.0,1589.0
25014,2020-01,W6Y646,대정읍,3748750.0,1669.0
25015,2020-02,W6Y646,대정읍,3599900.0,1603.0
25016,2020-03,W6Y646,대정읍,3800750.0,1709.0
25017,2020-04,W6Y646,대정읍,3512300.0,1688.0
25018,2020-05,W6Y646,대정읍,3801750.0,1947.0
25019,2020-06,W6Y646,대정읍,3899300.0,2003.0
25020,2020-07,W6Y646,대정읍,3960700.0,2101.0
25021,2020-08,W6Y646,대정읍,4298450.0,2172.0
25022,2020-09,W6Y646,대정읍,3483700.0,1945.0
25023,2020-10,W6Y646,대정읍,3321600.0,1830.0
25024,2020-11,W6Y646,대정읍,3086950.0,1604.0
25025,2020-12,W6Y646,대정읍,3637650.0,1717.0
25026,2021-01,W6Y646,대정읍,3697700.0,1726.0
25027,2021-02,W6Y646,대정읍,3473950.0,1611.0
25028,2021-03,W6Y646,대정읍,3464150.0,1700.0
25029,2021-04,W6Y646,대정읍,,
25030,2021-05,W6Y646,대정읍,3796450.0,1930.0
25031,2021-06,W6Y646,대정읍,3788400.0,2044.0
25032,2018-01,W6Y647,대정읍,,
25033,2018-02,W6Y647,대정읍,,
25034,2018-03,W6Y647,대정읍,,
25035,2018-04,W6Y647,대정읍,,
25036,2018-05,W6Y647,대정읍,,
25037,2018-06,W6Y647,대정읍,,
25038,2018-07,W6Y647,대정읍,,
25039,2018-08,W6Y647,대정읍,,
25040,2018-09,W6Y647,대정읍,,
25041,2018-10,W6Y647,대정읍,,
25042,2018-11,W6Y647,대정읍,,
25043,2018-12,W6Y647,대정읍,,
25044,2019-01,W6Y647,대정읍,,
25045,2019-02,W6Y647,대정읍,428450.0,288.0
25046,2019-03,W6Y647,대정읍,900100.0,639.0
25047,2019-04,W6Y647,대정읍,817850.0,571.0
25048,2019-05,W6Y647,대정읍,1068200.0,755.0
25049,2019-06,W6Y647,대정읍,1012900.0,624.0
25050,2019-07,W6Y647,대정읍,289950.0,176.0
25051,2019-08,W6Y647,대정읍,910500.0,604.0
25052,2019-09,W6Y647,대정읍,899550.0,705.0
25053,2019-10,W6Y647,대정읍,800800.0,635.0
25054,2019-11,W6Y647,대정읍,878700.0,655.0
25055,2019-12,W6Y647,대정읍,813200.0,509.0
25056,2020-01,W6Y647,대정읍,830850.0,569.0
25057,2020-02,W6Y647,대정읍,967550.0,661.0
25058,2020-03,W6Y647,대정읍,1028250.0,660.0
25059,2020-04,W6Y647,대정읍,875700.0,627.0
25060,2020-05,W6Y647,대정읍,1019100.0,775.0
25061,2020-06,W6Y647,대정읍,1054150.0,732.0
25062,2020-07,W6Y647,대정읍,634950.0,481.0
25063,2020-08,W6Y647,대정읍,766200.0,627.0
25064,2020-09,W6Y647,대정읍,957400.0,802.0
25065,2020-10,W6Y647,대정읍,878350.0,735.0
25066,2020-11,W6Y647,대정읍,956150.0,708.0
25067,2020-12,W6Y647,대정읍,1130400.0,765.0
25068,2021-01,W6Y647,대정읍,1115150.0,769.0
25069,2021-02,W6Y647,대정읍,975200.0,681.0
25070,2021-03,W6Y647,대정읍,1038200.0,771.0
25071,2021-04,W6Y647,대정읍,,
25072,2021-05,W6Y647,대정읍,1178600.0,914.0
25073,2021-06,W6Y647,대정읍,1102500.0,809.0
25074,2018-01,W6Y648,대정읍,,
25075,2018-02,W6Y648,대정읍,,
25076,2018-03,W6Y648,대정읍,,
25077,2018-04,W6Y648,대정읍,,
25078,2018-05,W6Y648,대정읍,,
25079,2018-06,W6Y648,대정읍,,
25080,2018-07,W6Y648,대정읍,,
25081,2018-08,W6Y648,대정읍,,
25082,2018-09,W6Y648,대정읍,,
25083,2018-10,W6Y648,대정읍,,
25084,2018-11,W6Y648,대정읍,,
25085,2018-12,W6Y648,대정읍,,
25086,2019-01,W6Y648,대정읍,,
25087,2019-02,W6Y648,대정읍,265000.0,210.0
25088,2019-03,W6Y648,대정읍,589550.0,462.0
25089,2019-04,W6Y648,대정읍,394450.0,302.0
25090,2019-05,W6Y648,대정읍,597400.0,460.0
25091,2019-06,W6Y648,대정읍,557750.0,368.0
25092,2019-07,W6Y648,대정읍,220900.0,115.0
25093,2019-08,W6Y648,대정읍,458500.0,354.0
25094,2019-09,W6Y648,대정읍,495900.0,411.0
25095,2019-10,W6Y648,대정읍,466500.0,403.0
25096,2019-11,W6Y648,대정읍,460700.0,417.0
25097,2019-12,W6Y648,대정읍,432850.0,325.0
25098,2020-01,W6Y648,대정읍,397600.0,313.0
25099,2020-02,W6Y648,대정읍,533050.0,398.0
25100,2020-03,W6Y648,대정읍,542700.0,356.0
25101,2020-04,W6Y648,대정읍,579450.0,394.0
25102,2020-05,W6Y648,대정읍,607500.0,437.0
25103,2020-06,W6Y648,대정읍,704050.0,439.0
25104,2020-07,W6Y648,대정읍,411600.0,271.0
25105,2020-08,W6Y648,대정읍,509700.0,421.0
25106,2020-09,W6Y648,대정읍,551900.0,467.0
25107,2020-10,W6Y648,대정읍,479250.0,434.0
25108,2020-11,W6Y648,대정읍,562000.0,455.0
25109,2020-12,W6Y648,대정읍,530050.0,403.0
25110,2021-01,W6Y648,대정읍,594450.0,458.0
25111,2021-02,W6Y648,대정읍,622450.0,461.0
25112,2021-03,W6Y648,대정읍,630500.0,503.0
25113,2021-04,W6Y648,대정읍,,
25114,2021-05,W6Y648,대정읍,883400.0,683.0
25115,2021-06,W6Y648,대정읍,729550.0,538.0
25116,2018-01,W6Y649,대정읍,,
25117,2018-02,W6Y649,대정읍,,
25118,2018-03,W6Y649,대정읍,,
25119,2018-04,W6Y649,대정읍,,
25120,2018-05,W6Y649,대정읍,,
25121,2018-06,W6Y649,대정읍,,
25122,2018-07,W6Y649,대정읍,,
25123,2018-08,W6Y649,대정읍,,
25124,2018-09,W6Y649,대정읍,,
25125,2018-10,W6Y649,대정읍,,
25126,2018-11,W6Y649,대정읍,,
25127,2018-12,W6Y649,대정읍,33250.0,18.0
25128,2019-01,W6Y649,대정읍,1572500.0,949.0
25129,2019-02,W6Y649,대정읍,2271150.0,1377.0
25130,2019-03,W6Y649,대정읍,2975750.0,1821.0
25131,2019-04,W6Y649,대정읍,2994700.0,1905.0
25132,2019-05,W6Y649,대정읍,4201650.0,2612.0
25133,2019-06,W6Y649,대정읍,3299300.0,1891.0
25134,2019-07,W6Y649,대정읍,1614150.0,993.0
25135,2019-08,W6Y649,대정읍,3615900.0,2549.0
25136,2019-09,W6Y649,대정읍,4165050.0,2838.0
25137,2019-10,W6Y649,대정읍,4976600.0,3158.0
25138,2019-11,W6Y649,대정읍,5019800.0,3076.0
25139,2019-12,W6Y649,대정읍,4253250.0,2402.0
25140,2020-01,W6Y649,대정읍,4010750.0,2404.0
25141,2020-02,W6Y649,대정읍,5262550.0,3118.0
25142,2020-03,W6Y649,대정읍,4936050.0,2848.0
25143,2020-04,W6Y649,대정읍,4945300.0,2959.0
25144,2020-05,W6Y649,대정읍,5741500.0,3660.0
25145,2020-06,W6Y649,대정읍,4625700.0,2841.0
25146,2020-07,W6Y649,대정읍,3600300.0,2250.0
25147,2020-08,W6Y649,대정읍,4584300.0,3137.0
25148,2020-09,W6Y649,대정읍,4867550.0,3603.0
25149,2020-10,W6Y649,대정읍,4567050.0,3153.0
25150,2020-11,W6Y649,대정읍,4665650.0,3100.0
25151,2020-12,W6Y649,대정읍,5234200.0,3136.0
25152,2021-01,W6Y649,대정읍,5415400.0,3351.0
25153,2021-02,W6Y649,대정읍,5003050.0,3053.0
25154,2021-03,W6Y649,대정읍,5689100.0,3660.0
25155,2021-04,W6Y649,대정읍,,
25156,2021-05,W6Y649,대정읍,6323750.0,4225.0
25157,2021-06,W6Y649,대정읍,5686350.0,3545.0
25158,2018-01,W6Y650,대정읍,,
25159,2018-02,W6Y650,대정읍,,
25160,2018-03,W6Y650,대정읍,,
25161,2018-04,W6Y650,대정읍,,
25162,2018-05,W6Y650,대정읍,,
25163,2018-06,W6Y650,대정읍,,
25164,2018-07,W6Y650,대정읍,,
25165,2018-08,W6Y650,대정읍,,
25166,2018-09,W6Y650,대정읍,,
25167,2018-10,W6Y650,대정읍,,
25168,2018-11,W6Y650,대정읍,,
25169,2018-12,W6Y650,대정읍,,
25170,2019-01,W6Y650,대정읍,2348400.0,1254.0
25171,2019-02,W6Y650,대정읍,3356000.0,1672.0
25172,2019-03,W6Y650,대정읍,4447900.0,2237.0
25173,2019-04,W6Y650,대정읍,4266450.0,2262.0
25174,2019-05,W6Y650,대정읍,5499950.0,2916.0
25175,2019-06,W6Y650,대정읍,5107700.0,2576.0
25176,2019-07,W6Y650,대정읍,3550600.0,1825.0
25177,2019-08,W6Y650,대정읍,5609150.0,3254.0
25178,2019-09,W6Y650,대정읍,5496600.0,3504.0
25179,2019-10,W6Y650,대정읍,7009700.0,4364.0
25180,2019-11,W6Y650,대정읍,7175950.0,4206.0
25181,2019-12,W6Y650,대정읍,6663150.0,3280.0
25182,2020-01,W6Y650,대정읍,6720500.0,3426.0
25183,2020-02,W6Y650,대정읍,7373050.0,3807.0
25184,2020-03,W6Y650,대정읍,7454800.0,3866.0
25185,2020-04,W6Y650,대정읍,7226800.0,3827.0
25186,2020-05,W6Y650,대정읍,8647250.0,4657.0
25187,2020-06,W6Y650,대정읍,7972200.0,4335.0
25188,2020-07,W6Y650,대정읍,6686650.0,3889.0
25189,2020-08,W6Y650,대정읍,7841450.0,4827.0
25190,2020-09,W6Y650,대정읍,7477850.0,4907.0
25191,2020-10,W6Y650,대정읍,7253450.0,4513.0
25192,2020-11,W6Y650,대정읍,7562350.0,4272.0
25193,2020-12,W6Y650,대정읍,8370450.0,4304.0
25194,2021-01,W6Y650,대정읍,8273050.0,4188.0
25195,2021-02,W6Y650,대정읍,7447300.0,3788.0
25196,2021-03,W6Y650,대정읍,7947350.0,4203.0
25197,2021-04,W6Y650,대정읍,,
25198,2021-05,W6Y650,대정읍,8884000.0,5026.0
25199,2021-06,W6Y650,대정읍,8662900.0,4832.0
25200,2018-01,W6Y651,대정읍,,
25201,2018-02,W6Y651,대정읍,,
25202,2018-03,W6Y651,대정읍,,
25203,2018-04,W6Y651,대정읍,,
25204,2018-05,W6Y651,대정읍,,
25205,2018-06,W6Y651,대정읍,,
25206,2018-07,W6Y651,대정읍,,
25207,2018-08,W6Y651,대정읍,,
25208,2018-09,W6Y651,대정읍,,
25209,2018-10,W6Y651,대정읍,,
25210,2018-11,W6Y651,대정읍,,
25211,2018-12,W6Y651,대정읍,,
25212,2019-01,W6Y651,대정읍,,
25213,2019-02,W6Y651,대정읍,35000.0,20.0
25214,2019-03,W6Y651,대정읍,151900.0,91.0
25215,2019-04,W6Y651,대정읍,354700.0,229.0
25216,2019-05,W6Y651,대정읍,556899.0,313.0
25217,2019-06,W6Y651,대정읍,738900.0,373.0
25218,2019-07,W6Y651,대정읍,630450.0,372.0
25219,2019-08,W6Y651,대정읍,1426150.0,757.0
25220,2019-09,W6Y651,대정읍,1279400.0,741.0
25221,2019-10,W6Y651,대정읍,1257250.0,742.0
25222,2019-11,W6Y651,대정읍,1309600.0,722.0
25223,2019-12,W6Y651,대정읍,1221850.0,595.0
25224,2020-01,W6Y651,대정읍,1322900.0,630.0
25225,2020-02,W6Y651,대정읍,1621899.0,699.0
25226,2020-03,W6Y651,대정읍,1795350.0,817.0
25227,2020-04,W6Y651,대정읍,1799800.0,829.0
25228,2020-05,W6Y651,대정읍,1910550.0,917.0
25229,2020-06,W6Y651,대정읍,1872500.0,900.0
25230,2020-07,W6Y651,대정읍,1875050.0,925.0
25231,2020-08,W6Y651,대정읍,2149950.0,1144.0
25232,2020-09,W6Y651,대정읍,2089250.0,1143.0
25233,2020-10,W6Y651,대정읍,2344850.0,1143.0
25234,2020-11,W6Y651,대정읍,2214050.0,1005.0
25235,2020-12,W6Y651,대정읍,2486400.0,1025.0
25236,2021-01,W6Y651,대정읍,2380800.0,1022.0
25237,2021-02,W6Y651,대정읍,2125400.0,890.0
25238,2021-03,W6Y651,대정읍,2203850.0,957.0
25239,2021-04,W6Y651,대정읍,,
25240,2021-05,W6Y651,대정읍,2145450.0,1040.0
25241,2021-06,W6Y651,대정읍,1982750.0,940.0
25242,2018-01,W6Y652,성산읍,210850.0,26.0
25243,2018-02,W6Y652,성산읍,27250.0,4.0
25244,2018-03,W6Y652,성산읍,,
25245,2018-04,W6Y652,성산읍,,
25246,2018-05,W6Y652,성산읍,,
25247,2018-06,W6Y652,성산읍,,
25248,2018-07,W6Y652,성산읍,,
25249,2018-08,W6Y652,성산읍,,
25250,2018-09,W6Y652,성산읍,,
25251,2018-10,W6Y652,성산읍,,
25252,2018-11,W6Y652,성산읍,,
25253,2018-12,W6Y652,성산읍,,
25254,2019-01,W6Y652,성산읍,337000.0,66.0
25255,2019-02,W6Y652,성산읍,303200.0,70.0
25256,2019-03,W6Y652,성산읍,514550.0,102.0
25257,2019-04,W6Y652,성산읍,397350.0,77.0
25258,2019-05,W6Y652,성산읍,919000.0,153.0
25259,2019-06,W6Y652,성산읍,1804300.0,269.0
25260,2019-07,W6Y652,성산읍,1616450.0,247.0
25261,2019-08,W6Y652,성산읍,1650350.0,223.0
25262,2019-09,W6Y652,성산읍,1343000.0,161.0
25263,2019-10,W6Y652,성산읍,1229250.0,167.0
25264,2019-11,W6Y652,성산읍,1086750.0,145.0
25265,2019-12,W6Y652,성산읍,1244700.0,164.0
25266,2020-01,W6Y652,성산읍,852050.0,124.0
25267,2020-02,W6Y652,성산읍,961150.0,121.0
25268,2020-03,W6Y652,성산읍,942150.0,152.0
25269,2020-04,W6Y652,성산읍,1079700.0,159.0
25270,2020-05,W6Y652,성산읍,1174400.0,167.0
25271,2020-06,W6Y652,성산읍,1241650.0,187.0
25272,2020-07,W6Y652,성산읍,1514100.0,212.0
25273,2020-08,W6Y652,성산읍,2001250.0,262.0
25274,2020-09,W6Y652,성산읍,2126450.0,339.0
25275,2020-10,W6Y652,성산읍,2262100.0,379.0
25276,2020-11,W6Y652,성산읍,2060050.0,329.0
25277,2020-12,W6Y652,성산읍,2789100.0,478.0
25278,2021-01,W6Y652,성산읍,1809550.0,304.0
25279,2021-02,W6Y652,성산읍,1741300.0,254.0
25280,2021-03,W6Y652,성산읍,1928450.0,283.0
25281,2021-04,W6Y652,성산읍,,
25282,2021-05,W6Y652,성산읍,1964150.0,317.0
25283,2021-06,W6Y652,성산읍,275600.0,49.0
25284,2018-01,W6Y653,성산읍,302100.0,68.0
25285,2018-02,W6Y653,성산읍,,
25286,2018-03,W6Y653,성산읍,,
25287,2018-04,W6Y653,성산읍,,
25288,2018-05,W6Y653,성산읍,,
25289,2018-06,W6Y653,성산읍,,
25290,2018-07,W6Y653,성산읍,,
25291,2018-08,W6Y653,성산읍,,
25292,2018-09,W6Y653,성산읍,,
25293,2018-10,W6Y653,성산읍,,
25294,2018-11,W6Y653,성산읍,,
25295,2018-12,W6Y653,성산읍,,
25296,2019-01,W6Y653,성산읍,531550.0,69.0
25297,2019-02,W6Y653,성산읍,1281250.0,165.0
25298,2019-03,W6Y653,성산읍,1352850.0,161.0
25299,2019-04,W6Y653,성산읍,824250.0,109.0
25300,2019-05,W6Y653,성산읍,593100.0,113.0
25301,2019-06,W6Y653,성산읍,531000.0,107.0
25302,2019-07,W6Y653,성산읍,563500.0,133.0
25303,2019-08,W6Y653,성산읍,576550.0,162.0
25304,2019-09,W6Y653,성산읍,443000.0,119.0
25305,2019-10,W6Y653,성산읍,359400.0,85.0
25306,2019-11,W6Y653,성산읍,312150.0,86.0
25307,2019-12,W6Y653,성산읍,391700.0,88.0
25308,2020-01,W6Y653,성산읍,126350.0,29.0
25309,2020-02,W6Y653,성산읍,82550.0,18.0
25310,2020-03,W6Y653,성산읍,301400.0,92.0
25311,2020-04,W6Y653,성산읍,211100.0,58.0
25312,2020-05,W6Y653,성산읍,483000.0,90.0
25313,2020-06,W6Y653,성산읍,582350.0,110.0
25314,2020-07,W6Y653,성산읍,965800.0,155.0
25315,2020-08,W6Y653,성산읍,1234300.0,162.0
25316,2020-09,W6Y653,성산읍,,
25317,2020-10,W6Y653,성산읍,38800.0,6.0
25318,2020-11,W6Y653,성산읍,99650.0,17.0
25319,2020-12,W6Y653,성산읍,,
25320,2021-01,W6Y653,성산읍,,
25321,2021-02,W6Y653,성산읍,69950.0,11.0
25322,2021-03,W6Y653,성산읍,,
25323,2021-04,W6Y653,성산읍,,
25324,2021-05,W6Y653,성산읍,84250.0,9.0
25325,2021-06,W6Y653,성산읍,,
25326,2018-01,W6Y655,이도2동,,
25327,2018-02,W6Y655,이도2동,,
25328,2018-03,W6Y655,이도2동,,
25329,2018-04,W6Y655,이도2동,,
25330,2018-05,W6Y655,이도2동,,
25331,2018-06,W6Y655,이도2동,,
25332,2018-07,W6Y655,이도2동,,
25333,2018-08,W6Y655,이도2동,,
25334,2018-09,W6Y655,이도2동,,
25335,2018-10,W6Y655,이도2동,,
25336,2018-11,W6Y655,이도2동,,
25337,2018-12,W6Y655,이도2동,,
25338,2019-01,W6Y655,이도2동,,
25339,2019-02,W6Y655,이도2동,67650.0,31.0
25340,2019-03,W6Y655,이도2동,128050.0,69.0
25341,2019-04,W6Y655,이도2동,106400.0,74.0
25342,2019-05,W6Y655,이도2동,142050.0,94.0
25343,2019-06,W6Y655,이도2동,160250.0,85.0
25344,2019-07,W6Y655,이도2동,159050.0,110.0
25345,2019-08,W6Y655,이도2동,171500.0,110.0
25346,2019-09,W6Y655,이도2동,,
25347,2019-10,W6Y655,이도2동,,
25348,2019-11,W6Y655,이도2동,,
25349,2019-12,W6Y655,이도2동,,
25350,2020-01,W6Y655,이도2동,,
25351,2020-02,W6Y655,이도2동,,
25352,2020-03,W6Y655,이도2동,139850.0,74.0
25353,2020-04,W6Y655,이도2동,229300.0,123.0
25354,2020-05,W6Y655,이도2동,251950.0,159.0
25355,2020-06,W6Y655,이도2동,224000.0,147.0
25356,2020-07,W6Y655,이도2동,252950.0,145.0
25357,2020-08,W6Y655,이도2동,293800.0,199.0
25358,2020-09,W6Y655,이도2동,251950.0,186.0
25359,2020-10,W6Y655,이도2동,323750.0,200.0
25360,2020-11,W6Y655,이도2동,254550.0,157.0
25361,2020-12,W6Y655,이도2동,349150.0,183.0
25362,2021-01,W6Y655,이도2동,355500.0,159.0
25363,2021-02,W6Y655,이도2동,345700.0,176.0
25364,2021-03,W6Y655,이도2동,398650.0,217.0
25365,2021-04,W6Y655,이도2동,,
25366,2021-05,W6Y655,이도2동,362900.0,218.0
25367,2021-06,W6Y655,이도2동,471100.0,258.0
25368,2018-01,W6Y656,이도2동,,
25369,2018-02,W6Y656,이도2동,,
25370,2018-03,W6Y656,이도2동,,
25371,2018-04,W6Y656,이도2동,,
25372,2018-05,W6Y656,이도2동,,
25373,2018-06,W6Y656,이도2동,,
25374,2018-07,W6Y656,이도2동,,
25375,2018-08,W6Y656,이도2동,,
25376,2018-09,W6Y656,이도2동,,
25377,2018-10,W6Y656,이도2동,,
25378,2018-11,W6Y656,이도2동,,
25379,2018-12,W6Y656,이도2동,,
25380,2019-01,W6Y656,이도2동,8300.0,7.0
25381,2019-02,W6Y656,이도2동,45150.0,23.0
25382,2019-03,W6Y656,이도2동,134000.0,57.0
25383,2019-04,W6Y656,이도2동,136750.0,73.0
25384,2019-05,W6Y656,이도2동,195850.0,109.0
25385,2019-06,W6Y656,이도2동,250650.0,138.0
25386,2019-07,W6Y656,이도2동,228800.0,110.0
25387,2019-08,W6Y656,이도2동,313750.0,208.0
25388,2019-09,W6Y656,이도2동,335400.0,224.0
25389,2019-10,W6Y656,이도2동,313250.0,208.0
25390,2019-11,W6Y656,이도2동,346250.0,193.0
25391,2019-12,W6Y656,이도2동,347650.0,198.0
25392,2020-01,W6Y656,이도2동,467400.0,254.0
25393,2020-02,W6Y656,이도2동,426200.0,253.0
25394,2020-03,W6Y656,이도2동,473700.0,305.0
25395,2020-04,W6Y656,이도2동,431350.0,281.0
25396,2020-05,W6Y656,이도2동,393000.0,279.0
25397,2020-06,W6Y656,이도2동,394150.0,277.0
25398,2020-07,W6Y656,이도2동,465400.0,354.0
25399,2020-08,W6Y656,이도2동,470100.0,365.0
25400,2020-09,W6Y656,이도2동,438350.0,324.0
25401,2020-10,W6Y656,이도2동,407050.0,271.0
25402,2020-11,W6Y656,이도2동,450700.0,259.0
25403,2020-12,W6Y656,이도2동,494500.0,276.0
25404,2021-01,W6Y656,이도2동,546450.0,286.0
25405,2021-02,W6Y656,이도2동,403650.0,237.0
25406,2021-03,W6Y656,이도2동,430450.0,236.0
25407,2021-04,W6Y656,이도2동,,
25408,2021-05,W6Y656,이도2동,426650.0,274.0
25409,2021-06,W6Y656,이도2동,385200.0,294.0
25410,2018-01,W6Y657,안덕면,,
25411,2018-02,W6Y657,안덕면,,
25412,2018-03,W6Y657,안덕면,,
25413,2018-04,W6Y657,안덕면,,
25414,2018-05,W6Y657,안덕면,,
25415,2018-06,W6Y657,안덕면,,
25416,2018-07,W6Y657,안덕면,,
25417,2018-08,W6Y657,안덕면,,
25418,2018-09,W6Y657,안덕면,,
25419,2018-10,W6Y657,안덕면,,
25420,2018-11,W6Y657,안덕면,,
25421,2018-12,W6Y657,안덕면,,
25422,2019-01,W6Y657,안덕면,,
25423,2019-02,W6Y657,안덕면,,
25424,2019-03,W6Y657,안덕면,,
25425,2019-04,W6Y657,안덕면,,
25426,2019-05,W6Y657,안덕면,,
25427,2019-06,W6Y657,안덕면,,
25428,2019-07,W6Y657,안덕면,,
25429,2019-08,W6Y657,안덕면,,
25430,2019-09,W6Y657,안덕면,,
25431,2019-10,W6Y657,안덕면,,
25432,2019-11,W6Y657,안덕면,,
25433,2019-12,W6Y657,안덕면,,
25434,2020-01,W6Y657,안덕면,,
25435,2020-02,W6Y657,안덕면,,
25436,2020-03,W6Y657,안덕면,,
25437,2020-04,W6Y657,안덕면,,
25438,2020-05,W6Y657,안덕면,,
25439,2020-06,W6Y657,안덕면,,
25440,2020-07,W6Y657,안덕면,,
25441,2020-08,W6Y657,안덕면,,
25442,2020-09,W6Y657,안덕면,,
25443,2020-10,W6Y657,안덕면,,
25444,2020-11,W6Y657,안덕면,,
25445,2020-12,W6Y657,안덕면,,
25446,2021-01,W6Y657,안덕면,,
25447,2021-02,W6Y657,안덕면,,
25448,2021-03,W6Y657,안덕면,,
25449,2021-04,W6Y657,안덕면,,
25450,2021-05,W6Y657,안덕면,,
25451,2021-06,W6Y657,안덕면,,
25452,2018-01,W6Y658,안덕면,,
25453,2018-02,W6Y658,안덕면,,
25454,2018-03,W6Y658,안덕면,,
25455,2018-04,W6Y658,안덕면,,
25456,2018-05,W6Y658,안덕면,,
25457,2018-06,W6Y658,안덕면,,
25458,2018-07,W6Y658,안덕면,,
25459,2018-08,W6Y658,안덕면,,
25460,2018-09,W6Y658,안덕면,,
25461,2018-10,W6Y658,안덕면,,
25462,2018-11,W6Y658,안덕면,,
25463,2018-12,W6Y658,안덕면,,
25464,2019-01,W6Y658,안덕면,,
25465,2019-02,W6Y658,안덕면,1700.0,2.0
25466,2019-03,W6Y658,안덕면,4300.0,3.0
25467,2019-04,W6Y658,안덕면,21450.0,22.0
25468,2019-05,W6Y658,안덕면,48250.0,43.0
25469,2019-06,W6Y658,안덕면,63750.0,54.0
25470,2019-07,W6Y658,안덕면,158650.0,113.0
25471,2019-08,W6Y658,안덕면,198850.0,138.0
25472,2019-09,W6Y658,안덕면,125400.0,89.0
25473,2019-10,W6Y658,안덕면,101100.0,86.0
25474,2019-11,W6Y658,안덕면,91850.0,80.0
25475,2019-12,W6Y658,안덕면,116350.0,76.0
25476,2020-01,W6Y658,안덕면,139950.0,98.0
25477,2020-02,W6Y658,안덕면,130450.0,90.0
25478,2020-03,W6Y658,안덕면,125800.0,97.0
25479,2020-04,W6Y658,안덕면,146050.0,100.0
25480,2020-05,W6Y658,안덕면,155950.0,108.0
25481,2020-06,W6Y658,안덕면,183250.0,130.0
25482,2020-07,W6Y658,안덕면,236250.0,151.0
25483,2020-08,W6Y658,안덕면,206450.0,143.0
25484,2020-09,W6Y658,안덕면,129000.0,97.0
25485,2020-10,W6Y658,안덕면,189700.0,157.0
25486,2020-11,W6Y658,안덕면,267150.0,189.0
25487,2020-12,W6Y658,안덕면,231550.0,142.0
25488,2021-01,W6Y658,안덕면,248400.0,163.0
25489,2021-02,W6Y658,안덕면,307900.0,203.0
25490,2021-03,W6Y658,안덕면,323050.0,221.0
25491,2021-04,W6Y658,안덕면,,
25492,2021-05,W6Y658,안덕면,324950.0,254.0
25493,2021-06,W6Y658,안덕면,384050.0,280.0
25494,2018-01,W6Y659,대정읍,,
25495,2018-02,W6Y659,대정읍,,
25496,2018-03,W6Y659,대정읍,,
25497,2018-04,W6Y659,대정읍,,
25498,2018-05,W6Y659,대정읍,,
25499,2018-06,W6Y659,대정읍,,
25500,2018-07,W6Y659,대정읍,,
25501,2018-08,W6Y659,대정읍,,
25502,2018-09,W6Y659,대정읍,,
25503,2018-10,W6Y659,대정읍,,
25504,2018-11,W6Y659,대정읍,,
25505,2018-12,W6Y659,대정읍,,
25506,2019-01,W6Y659,대정읍,,
25507,2019-02,W6Y659,대정읍,,
25508,2019-03,W6Y659,대정읍,46800.0,16.0
25509,2019-04,W6Y659,대정읍,930149.0,339.0
25510,2019-05,W6Y659,대정읍,968199.0,373.0
25511,2019-06,W6Y659,대정읍,785200.0,399.0
25512,2019-07,W6Y659,대정읍,910700.0,430.0
25513,2019-08,W6Y659,대정읍,938400.0,491.0
25514,2019-09,W6Y659,대정읍,703950.0,383.0
25515,2019-10,W6Y659,대정읍,719400.0,352.0
25516,2019-11,W6Y659,대정읍,603550.0,282.0
25517,2019-12,W6Y659,대정읍,944650.0,373.0
25518,2020-01,W6Y659,대정읍,861100.0,416.0
25519,2020-02,W6Y659,대정읍,795650.0,387.0
25520,2020-03,W6Y659,대정읍,1039600.0,469.0
25521,2020-04,W6Y659,대정읍,1020399.0,447.0
25522,2020-05,W6Y659,대정읍,1009600.0,501.0
25523,2020-06,W6Y659,대정읍,1088550.0,570.0
25524,2020-07,W6Y659,대정읍,1108600.0,559.0
25525,2020-08,W6Y659,대정읍,1200700.0,579.0
25526,2020-09,W6Y659,대정읍,995950.0,524.0
25527,2020-10,W6Y659,대정읍,1064600.0,529.0
25528,2020-11,W6Y659,대정읍,922050.0,449.0
25529,2020-12,W6Y659,대정읍,1042100.0,485.0
25530,2021-01,W6Y659,대정읍,1223200.0,510.0
25531,2021-02,W6Y659,대정읍,991600.0,439.0
25532,2021-03,W6Y659,대정읍,988850.0,462.0
25533,2021-04,W6Y659,대정읍,,
25534,2021-05,W6Y659,대정읍,1139750.0,512.0
25535,2021-06,W6Y659,대정읍,1092750.0,430.0
25536,2018-01,W6Y660,영천동,,
25537,2018-02,W6Y660,영천동,,
25538,2018-03,W6Y660,영천동,,
25539,2018-04,W6Y660,영천동,,
25540,2018-05,W6Y660,영천동,,
25541,2018-06,W6Y660,영천동,,
25542,2018-07,W6Y660,영천동,,
25543,2018-08,W6Y660,영천동,,
25544,2018-09,W6Y660,영천동,,
25545,2018-10,W6Y660,영천동,,
25546,2018-11,W6Y660,영천동,,
25547,2018-12,W6Y660,영천동,,
25548,2019-01,W6Y660,영천동,,
25549,2019-02,W6Y660,영천동,5550.0,1.0
25550,2019-03,W6Y660,영천동,,
25551,2019-04,W6Y660,영천동,149300.0,34.0
25552,2019-05,W6Y660,영천동,14400.0,7.0
25553,2019-06,W6Y660,영천동,205800.0,43.0
25554,2019-07,W6Y660,영천동,349750.0,63.0
25555,2019-08,W6Y660,영천동,,
25556,2019-09,W6Y660,영천동,,
25557,2019-10,W6Y660,영천동,,
25558,2019-11,W6Y660,영천동,,
25559,2019-12,W6Y660,영천동,,
25560,2020-01,W6Y660,영천동,,
25561,2020-02,W6Y660,영천동,,
25562,2020-03,W6Y660,영천동,,
25563,2020-04,W6Y660,영천동,,
25564,2020-05,W6Y660,영천동,,
25565,2020-06,W6Y660,영천동,,
25566,2020-07,W6Y660,영천동,,
25567,2020-08,W6Y660,영천동,,
25568,2020-09,W6Y660,영천동,,
25569,2020-10,W6Y660,영천동,,
25570,2020-11,W6Y660,영천동,,
25571,2020-12,W6Y660,영천동,,
25572,2021-01,W6Y660,영천동,,
25573,2021-02,W6Y660,영천동,,
25574,2021-03,W6Y660,영천동,,
25575,2021-04,W6Y660,영천동,,
25576,2021-05,W6Y660,영천동,,
25577,2021-06,W6Y660,영천동,,
25578,2018-01,W6Y661,영천동,,
25579,2018-02,W6Y661,영천동,,
25580,2018-03,W6Y661,영천동,,
25581,2018-04,W6Y661,영천동,,
25582,2018-05,W6Y661,영천동,,
25583,2018-06,W6Y661,영천동,,
25584,2018-07,W6Y661,영천동,,
25585,2018-08,W6Y661,영천동,,
25586,2018-09,W6Y661,영천동,,
25587,2018-10,W6Y661,영천동,,
25588,2018-11,W6Y661,영천동,,
25589,2018-12,W6Y661,영천동,,
25590,2019-01,W6Y661,영천동,,
25591,2019-02,W6Y661,영천동,791550.0,208.0
25592,2019-03,W6Y661,영천동,1068300.0,251.0
25593,2019-04,W6Y661,영천동,766400.0,242.0
25594,2019-05,W6Y661,영천동,1041550.0,289.0
25595,2019-06,W6Y661,영천동,767300.0,292.0
25596,2019-07,W6Y661,영천동,853050.0,308.0
25597,2019-08,W6Y661,영천동,,
25598,2019-09,W6Y661,영천동,,
25599,2019-10,W6Y661,영천동,,
25600,2019-11,W6Y661,영천동,,
25601,2019-12,W6Y661,영천동,,
25602,2020-01,W6Y661,영천동,,
25603,2020-02,W6Y661,영천동,,
25604,2020-03,W6Y661,영천동,,
25605,2020-04,W6Y661,영천동,,
25606,2020-05,W6Y661,영천동,,
25607,2020-06,W6Y661,영천동,,
25608,2020-07,W6Y661,영천동,,
25609,2020-08,W6Y661,영천동,,
25610,2020-09,W6Y661,영천동,,
25611,2020-10,W6Y661,영천동,,
25612,2020-11,W6Y661,영천동,,
25613,2020-12,W6Y661,영천동,,
25614,2021-01,W6Y661,영천동,,
25615,2021-02,W6Y661,영천동,,
25616,2021-03,W6Y661,영천동,,
25617,2021-04,W6Y661,영천동,,
25618,2021-05,W6Y661,영천동,,
25619,2021-06,W6Y661,영천동,,
25620,2018-01,W6Y662,영천동,,
25621,2018-02,W6Y662,영천동,,
25622,2018-03,W6Y662,영천동,,
25623,2018-04,W6Y662,영천동,,
25624,2018-05,W6Y662,영천동,,
25625,2018-06,W6Y662,영천동,,
25626,2018-07,W6Y662,영천동,,
25627,2018-08,W6Y662,영천동,,
25628,2018-09,W6Y662,영천동,,
25629,2018-10,W6Y662,영천동,,
25630,2018-11,W6Y662,영천동,,
25631,2018-12,W6Y662,영천동,,
25632,2019-01,W6Y662,영천동,,
25633,2019-02,W6Y662,영천동,1888000.0,529.0
25634,2019-03,W6Y662,영천동,1151050.0,350.0
25635,2019-04,W6Y662,영천동,1112350.0,328.0
25636,2019-05,W6Y662,영천동,1547900.0,424.0
25637,2019-06,W6Y662,영천동,1446100.0,446.0
25638,2019-07,W6Y662,영천동,401450.0,181.0
25639,2019-08,W6Y662,영천동,,
25640,2019-09,W6Y662,영천동,,
25641,2019-10,W6Y662,영천동,,
25642,2019-11,W6Y662,영천동,,
25643,2019-12,W6Y662,영천동,,
25644,2020-01,W6Y662,영천동,,
25645,2020-02,W6Y662,영천동,,
25646,2020-03,W6Y662,영천동,,
25647,2020-04,W6Y662,영천동,,
25648,2020-05,W6Y662,영천동,,
25649,2020-06,W6Y662,영천동,,
25650,2020-07,W6Y662,영천동,,
25651,2020-08,W6Y662,영천동,,
25652,2020-09,W6Y662,영천동,,
25653,2020-10,W6Y662,영천동,,
25654,2020-11,W6Y662,영천동,,
25655,2020-12,W6Y662,영천동,,
25656,2021-01,W6Y662,영천동,,
25657,2021-02,W6Y662,영천동,,
25658,2021-03,W6Y662,영천동,,
25659,2021-04,W6Y662,영천동,,
25660,2021-05,W6Y662,영천동,,
25661,2021-06,W6Y662,영천동,10100.0,3.0
25662,2018-01,W6Y663,영천동,,
25663,2018-02,W6Y663,영천동,,
25664,2018-03,W6Y663,영천동,,
25665,2018-04,W6Y663,영천동,,
25666,2018-05,W6Y663,영천동,,
25667,2018-06,W6Y663,영천동,,
25668,2018-07,W6Y663,영천동,,
25669,2018-08,W6Y663,영천동,,
25670,2018-09,W6Y663,영천동,,
25671,2018-10,W6Y663,영천동,,
25672,2018-11,W6Y663,영천동,,
25673,2018-12,W6Y663,영천동,,
25674,2019-01,W6Y663,영천동,,
25675,2019-02,W6Y663,영천동,332900.0,147.0
25676,2019-03,W6Y663,영천동,420250.0,176.0
25677,2019-04,W6Y663,영천동,382950.0,165.0
25678,2019-05,W6Y663,영천동,510200.0,192.0
25679,2019-06,W6Y663,영천동,474350.0,195.0
25680,2019-07,W6Y663,영천동,369800.0,183.0
25681,2019-08,W6Y663,영천동,166750.0,72.0
25682,2019-09,W6Y663,영천동,,
25683,2019-10,W6Y663,영천동,,
25684,2019-11,W6Y663,영천동,,
25685,2019-12,W6Y663,영천동,,
25686,2020-01,W6Y663,영천동,,
25687,2020-02,W6Y663,영천동,,
25688,2020-03,W6Y663,영천동,,
25689,2020-04,W6Y663,영천동,,
25690,2020-05,W6Y663,영천동,,
25691,2020-06,W6Y663,영천동,,
25692,2020-07,W6Y663,영천동,,
25693,2020-08,W6Y663,영천동,,
25694,2020-09,W6Y663,영천동,,
25695,2020-10,W6Y663,영천동,,
25696,2020-11,W6Y663,영천동,,
25697,2020-12,W6Y663,영천동,,
25698,2021-01,W6Y663,영천동,,
25699,2021-02,W6Y663,영천동,,
25700,2021-03,W6Y663,영천동,,
25701,2021-04,W6Y663,영천동,,
25702,2021-05,W6Y663,영천동,450.0,2.0
25703,2021-06,W6Y663,영천동,,
25704,2018-01,W6Y664,영천동,,
25705,2018-02,W6Y664,영천동,,
25706,2018-03,W6Y664,영천동,,
25707,2018-04,W6Y664,영천동,,
25708,2018-05,W6Y664,영천동,,
25709,2018-06,W6Y664,영천동,,
25710,2018-07,W6Y664,영천동,,
25711,2018-08,W6Y664,영천동,,
25712,2018-09,W6Y664,영천동,,
25713,2018-10,W6Y664,영천동,,
25714,2018-11,W6Y664,영천동,,
25715,2018-12,W6Y664,영천동,,
25716,2019-01,W6Y664,영천동,,
25717,2019-02,W6Y664,영천동,1145750.0,194.0
25718,2019-03,W6Y664,영천동,1352250.0,208.0
25719,2019-04,W6Y664,영천동,1490200.0,211.0
25720,2019-05,W6Y664,영천동,1856600.0,238.0
25721,2019-06,W6Y664,영천동,1881100.0,255.0
25722,2019-07,W6Y664,영천동,1845300.0,278.0
25723,2019-08,W6Y664,영천동,1265400.0,169.0
25724,2019-09,W6Y664,영천동,,
25725,2019-10,W6Y664,영천동,,
25726,2019-11,W6Y664,영천동,,
25727,2019-12,W6Y664,영천동,,
25728,2020-01,W6Y664,영천동,,
25729,2020-02,W6Y664,영천동,,
25730,2020-03,W6Y664,영천동,,
25731,2020-04,W6Y664,영천동,,
25732,2020-05,W6Y664,영천동,,
25733,2020-06,W6Y664,영천동,,
25734,2020-07,W6Y664,영천동,,
25735,2020-08,W6Y664,영천동,,
25736,2020-09,W6Y664,영천동,,
25737,2020-10,W6Y664,영천동,,
25738,2020-11,W6Y664,영천동,,
25739,2020-12,W6Y664,영천동,,
25740,2021-01,W6Y664,영천동,,
25741,2021-02,W6Y664,영천동,,
25742,2021-03,W6Y664,영천동,,
25743,2021-04,W6Y664,영천동,,
25744,2021-05,W6Y664,영천동,,
25745,2021-06,W6Y664,영천동,750.0,2.0
25746,2018-01,W6Y665,영천동,,
25747,2018-02,W6Y665,영천동,,
25748,2018-03,W6Y665,영천동,,
25749,2018-04,W6Y665,영천동,,
25750,2018-05,W6Y665,영천동,,
25751,2018-06,W6Y665,영천동,,
25752,2018-07,W6Y665,영천동,,
25753,2018-08,W6Y665,영천동,,
25754,2018-09,W6Y665,영천동,,
25755,2018-10,W6Y665,영천동,,
25756,2018-11,W6Y665,영천동,,
25757,2018-12,W6Y665,영천동,,
25758,2019-01,W6Y665,영천동,,
25759,2019-02,W6Y665,영천동,1326250.0,289.0
25760,2019-03,W6Y665,영천동,1393900.0,341.0
25761,2019-04,W6Y665,영천동,1702100.0,376.0
25762,2019-05,W6Y665,영천동,1835350.0,408.0
25763,2019-06,W6Y665,영천동,1875900.0,402.0
25764,2019-07,W6Y665,영천동,1529200.0,310.0
25765,2019-08,W6Y665,영천동,,
25766,2019-09,W6Y665,영천동,,
25767,2019-10,W6Y665,영천동,,
25768,2019-11,W6Y665,영천동,,
25769,2019-12,W6Y665,영천동,,
25770,2020-01,W6Y665,영천동,,
25771,2020-02,W6Y665,영천동,,
25772,2020-03,W6Y665,영천동,,
25773,2020-04,W6Y665,영천동,,
25774,2020-05,W6Y665,영천동,,
25775,2020-06,W6Y665,영천동,,
25776,2020-07,W6Y665,영천동,,
25777,2020-08,W6Y665,영천동,,
25778,2020-09,W6Y665,영천동,,
25779,2020-10,W6Y665,영천동,,
25780,2020-11,W6Y665,영천동,,
25781,2020-12,W6Y665,영천동,,
25782,2021-01,W6Y665,영천동,,
25783,2021-02,W6Y665,영천동,,
25784,2021-03,W6Y665,영천동,,
25785,2021-04,W6Y665,영천동,,
25786,2021-05,W6Y665,영천동,100.0,1.0
25787,2021-06,W6Y665,영천동,90600.0,17.0
25788,2018-01,W6Y666,영천동,,
25789,2018-02,W6Y666,영천동,,
25790,2018-03,W6Y666,영천동,,
25791,2018-04,W6Y666,영천동,,
25792,2018-05,W6Y666,영천동,,
25793,2018-06,W6Y666,영천동,,
25794,2018-07,W6Y666,영천동,,
25795,2018-08,W6Y666,영천동,,
25796,2018-09,W6Y666,영천동,,
25797,2018-10,W6Y666,영천동,,
25798,2018-11,W6Y666,영천동,,
25799,2018-12,W6Y666,영천동,,
25800,2019-01,W6Y666,영천동,,
25801,2019-02,W6Y666,영천동,3824750.0,413.0
25802,2019-03,W6Y666,영천동,3923250.0,415.0
25803,2019-04,W6Y666,영천동,3787150.0,411.0
25804,2019-05,W6Y666,영천동,4288950.0,422.0
25805,2019-06,W6Y666,영천동,4353100.0,447.0
25806,2019-07,W6Y666,영천동,5485250.0,541.0
25807,2019-08,W6Y666,영천동,5794250.0,585.0
25808,2019-09,W6Y666,영천동,1183550.0,142.0
25809,2019-10,W6Y666,영천동,,
25810,2019-11,W6Y666,영천동,,
25811,2019-12,W6Y666,영천동,,
25812,2020-01,W6Y666,영천동,,
25813,2020-02,W6Y666,영천동,,
25814,2020-03,W6Y666,영천동,,
25815,2020-04,W6Y666,영천동,,
25816,2020-05,W6Y666,영천동,,
25817,2020-06,W6Y666,영천동,,
25818,2020-07,W6Y666,영천동,,
25819,2020-08,W6Y666,영천동,,
25820,2020-09,W6Y666,영천동,,
25821,2020-10,W6Y666,영천동,,
25822,2020-11,W6Y666,영천동,,
25823,2020-12,W6Y666,영천동,,
25824,2021-01,W6Y666,영천동,,
25825,2021-02,W6Y666,영천동,,
25826,2021-03,W6Y666,영천동,,
25827,2021-04,W6Y666,영천동,,
25828,2021-05,W6Y666,영천동,9850.0,1.0
25829,2021-06,W6Y666,영천동,60600.0,17.0
25830,2018-01,W6Y667,영천동,,
25831,2018-02,W6Y667,영천동,,
25832,2018-03,W6Y667,영천동,,
25833,2018-04,W6Y667,영천동,,
25834,2018-05,W6Y667,영천동,,
25835,2018-06,W6Y667,영천동,,
25836,2018-07,W6Y667,영천동,,
25837,2018-08,W6Y667,영천동,,
25838,2018-09,W6Y667,영천동,,
25839,2018-10,W6Y667,영천동,,
25840,2018-11,W6Y667,영천동,,
25841,2018-12,W6Y667,영천동,,
25842,2019-01,W6Y667,영천동,,
25843,2019-02,W6Y667,영천동,1396000.0,356.0
25844,2019-03,W6Y667,영천동,1489800.0,379.0
25845,2019-04,W6Y667,영천동,1424700.0,375.0
25846,2019-05,W6Y667,영천동,1420250.0,419.0
25847,2019-06,W6Y667,영천동,1393600.0,426.0
25848,2019-07,W6Y667,영천동,1502400.0,450.0
25849,2019-08,W6Y667,영천동,711750.0,248.0
25850,2019-09,W6Y667,영천동,,
25851,2019-10,W6Y667,영천동,,
25852,2019-11,W6Y667,영천동,,
25853,2019-12,W6Y667,영천동,,
25854,2020-01,W6Y667,영천동,,
25855,2020-02,W6Y667,영천동,,
25856,2020-03,W6Y667,영천동,,
25857,2020-04,W6Y667,영천동,,
25858,2020-05,W6Y667,영천동,,
25859,2020-06,W6Y667,영천동,,
25860,2020-07,W6Y667,영천동,,
25861,2020-08,W6Y667,영천동,,
25862,2020-09,W6Y667,영천동,,
25863,2020-10,W6Y667,영천동,,
25864,2020-11,W6Y667,영천동,,
25865,2020-12,W6Y667,영천동,,
25866,2021-01,W6Y667,영천동,,
25867,2021-02,W6Y667,영천동,,
25868,2021-03,W6Y667,영천동,,
25869,2021-04,W6Y667,영천동,,
25870,2021-05,W6Y667,영천동,,
25871,2021-06,W6Y667,영천동,28600.0,16.0
25872,2018-01,W6Y668,영천동,,
25873,2018-02,W6Y668,영천동,,
25874,2018-03,W6Y668,영천동,,
25875,2018-04,W6Y668,영천동,,
25876,2018-05,W6Y668,영천동,,
25877,2018-06,W6Y668,영천동,,
25878,2018-07,W6Y668,영천동,,
25879,2018-08,W6Y668,영천동,,
25880,2018-09,W6Y668,영천동,,
25881,2018-10,W6Y668,영천동,,
25882,2018-11,W6Y668,영천동,,
25883,2018-12,W6Y668,영천동,,
25884,2019-01,W6Y668,영천동,,
25885,2019-02,W6Y668,영천동,71550.0,8.0
25886,2019-03,W6Y668,영천동,2600.0,7.0
25887,2019-04,W6Y668,영천동,1250.0,7.0
25888,2019-05,W6Y668,영천동,21350.0,11.0
25889,2019-06,W6Y668,영천동,33250.0,28.0
25890,2019-07,W6Y668,영천동,20550.0,25.0
25891,2019-08,W6Y668,영천동,38150.0,23.0
25892,2019-09,W6Y668,영천동,44700.0,11.0
25893,2019-10,W6Y668,영천동,,
25894,2019-11,W6Y668,영천동,,
25895,2019-12,W6Y668,영천동,,
25896,2020-01,W6Y668,영천동,,
25897,2020-02,W6Y668,영천동,,
25898,2020-03,W6Y668,영천동,,
25899,2020-04,W6Y668,영천동,,
25900,2020-05,W6Y668,영천동,,
25901,2020-06,W6Y668,영천동,,
25902,2020-07,W6Y668,영천동,,
25903,2020-08,W6Y668,영천동,,
25904,2020-09,W6Y668,영천동,,
25905,2020-10,W6Y668,영천동,,
25906,2020-11,W6Y668,영천동,,
25907,2020-12,W6Y668,영천동,,
25908,2021-01,W6Y668,영천동,,
25909,2021-02,W6Y668,영천동,,
25910,2021-03,W6Y668,영천동,,
25911,2021-04,W6Y668,영천동,,
25912,2021-05,W6Y668,영천동,,
25913,2021-06,W6Y668,영천동,13900.0,9.0
25914,2018-01,W6Y672,대정읍,,
25915,2018-02,W6Y672,대정읍,,
25916,2018-03,W6Y672,대정읍,,
25917,2018-04,W6Y672,대정읍,,
25918,2018-05,W6Y672,대정읍,,
25919,2018-06,W6Y672,대정읍,,
25920,2018-07,W6Y672,대정읍,,
25921,2018-08,W6Y672,대정읍,,
25922,2018-09,W6Y672,대정읍,,
25923,2018-10,W6Y672,대정읍,,
25924,2018-11,W6Y672,대정읍,,
25925,2018-12,W6Y672,대정읍,,
25926,2019-01,W6Y672,대정읍,,
25927,2019-02,W6Y672,대정읍,,
25928,2019-03,W6Y672,대정읍,,
25929,2019-04,W6Y672,대정읍,,
25930,2019-05,W6Y672,대정읍,,
25931,2019-06,W6Y672,대정읍,,
25932,2019-07,W6Y672,대정읍,,
25933,2019-08,W6Y672,대정읍,,
25934,2019-09,W6Y672,대정읍,,
25935,2019-10,W6Y672,대정읍,,
25936,2019-11,W6Y672,대정읍,,
25937,2019-12,W6Y672,대정읍,,
25938,2020-01,W6Y672,대정읍,,
25939,2020-02,W6Y672,대정읍,,
25940,2020-03,W6Y672,대정읍,,
25941,2020-04,W6Y672,대정읍,,
25942,2020-05,W6Y672,대정읍,,
25943,2020-06,W6Y672,대정읍,,
25944,2020-07,W6Y672,대정읍,,
25945,2020-08,W6Y672,대정읍,,
25946,2020-09,W6Y672,대정읍,,
25947,2020-10,W6Y672,대정읍,,
25948,2020-11,W6Y672,대정읍,,
25949,2020-12,W6Y672,대정읍,,
25950,2021-01,W6Y672,대정읍,,
25951,2021-02,W6Y672,대정읍,,
25952,2021-03,W6Y672,대정읍,,
25953,2021-04,W6Y672,대정읍,,
25954,2021-05,W6Y672,대정읍,,
25955,2021-06,W6Y672,대정읍,,
25956,2018-01,W6Y674,안덕면,,
25957,2018-02,W6Y674,안덕면,,
25958,2018-03,W6Y674,안덕면,,
25959,2018-04,W6Y674,안덕면,,
25960,2018-05,W6Y674,안덕면,,
25961,2018-06,W6Y674,안덕면,,
25962,2018-07,W6Y674,안덕면,,
25963,2018-08,W6Y674,안덕면,,
25964,2018-09,W6Y674,안덕면,,
25965,2018-10,W6Y674,안덕면,,
25966,2018-11,W6Y674,안덕면,,
25967,2018-12,W6Y674,안덕면,,
25968,2019-01,W6Y674,안덕면,,
25969,2019-02,W6Y674,안덕면,,
25970,2019-03,W6Y674,안덕면,,
25971,2019-04,W6Y674,안덕면,,
25972,2019-05,W6Y674,안덕면,,
25973,2019-06,W6Y674,안덕면,13750.0,15.0
25974,2019-07,W6Y674,안덕면,108300.0,95.0
25975,2019-08,W6Y674,안덕면,209300.0,164.0
25976,2019-09,W6Y674,안덕면,165400.0,137.0
25977,2019-10,W6Y674,안덕면,194900.0,186.0
25978,2019-11,W6Y674,안덕면,231700.0,187.0
25979,2019-12,W6Y674,안덕면,218900.0,153.0
25980,2020-01,W6Y674,안덕면,282300.0,201.0
25981,2020-02,W6Y674,안덕면,336450.0,187.0
25982,2020-03,W6Y674,안덕면,344400.0,190.0
25983,2020-04,W6Y674,안덕면,287750.0,189.0
25984,2020-05,W6Y674,안덕면,257500.0,182.0
25985,2020-06,W6Y674,안덕면,351300.0,217.0
25986,2020-07,W6Y674,안덕면,322050.0,217.0
25987,2020-08,W6Y674,안덕면,383850.0,249.0
25988,2020-09,W6Y674,안덕면,288300.0,194.0
25989,2020-10,W6Y674,안덕면,270050.0,180.0
25990,2020-11,W6Y674,안덕면,323800.0,197.0
25991,2020-12,W6Y674,안덕면,354200.0,189.0
25992,2021-01,W6Y674,안덕면,355050.0,194.0
25993,2021-02,W6Y674,안덕면,318050.0,191.0
25994,2021-03,W6Y674,안덕면,309450.0,197.0
25995,2021-04,W6Y674,안덕면,,
25996,2021-05,W6Y674,안덕면,367100.0,225.0
25997,2021-06,W6Y674,안덕면,325300.0,209.0
25998,2018-01,W6Y675,동홍동,,
25999,2018-02,W6Y675,동홍동,,
26000,2018-03,W6Y675,동홍동,,
26001,2018-04,W6Y675,동홍동,,
26002,2018-05,W6Y675,동홍동,,
26003,2018-06,W6Y675,동홍동,,
26004,2018-07,W6Y675,동홍동,,
26005,2018-08,W6Y675,동홍동,,
26006,2018-09,W6Y675,동홍동,,
26007,2018-10,W6Y675,동홍동,,
26008,2018-11,W6Y675,동홍동,,
26009,2018-12,W6Y675,동홍동,,
26010,2019-01,W6Y675,동홍동,,
26011,2019-02,W6Y675,동홍동,,
26012,2019-03,W6Y675,동홍동,,
26013,2019-04,W6Y675,동홍동,,
26014,2019-05,W6Y675,동홍동,,
26015,2019-06,W6Y675,동홍동,,
26016,2019-07,W6Y675,동홍동,216999.0,121.0
26017,2019-08,W6Y675,동홍동,871350.0,569.0
26018,2019-09,W6Y675,동홍동,1146799.0,852.0
26019,2019-10,W6Y675,동홍동,997750.0,851.0
26020,2019-11,W6Y675,동홍동,1177650.0,822.0
26021,2019-12,W6Y675,동홍동,1305350.0,816.0
26022,2020-01,W6Y675,동홍동,1419800.0,822.0
26023,2020-02,W6Y675,동홍동,1374400.0,772.0
26024,2020-03,W6Y675,동홍동,1410950.0,861.0
26025,2020-04,W6Y675,동홍동,1263000.0,845.0
26026,2020-05,W6Y675,동홍동,1259500.0,901.0
26027,2020-06,W6Y675,동홍동,1479100.0,984.0
26028,2020-07,W6Y675,동홍동,1589350.0,1120.0
26029,2020-08,W6Y675,동홍동,1642050.0,1245.0
26030,2020-09,W6Y675,동홍동,1500900.0,1178.0
26031,2020-10,W6Y675,동홍동,1482250.0,1134.0
26032,2020-11,W6Y675,동홍동,1513300.0,1057.0
26033,2020-12,W6Y675,동홍동,1696900.0,1061.0
26034,2021-01,W6Y675,동홍동,1787700.0,1076.0
26035,2021-02,W6Y675,동홍동,1696450.0,982.0
26036,2021-03,W6Y675,동홍동,1572200.0,1007.0
26037,2021-04,W6Y675,동홍동,,
26038,2021-05,W6Y675,동홍동,1776600.0,1164.0
26039,2021-06,W6Y675,동홍동,1903200.0,1249.0
26040,2018-01,W6Y676,대정읍,,
26041,2018-02,W6Y676,대정읍,,
26042,2018-03,W6Y676,대정읍,,
26043,2018-04,W6Y676,대정읍,,
26044,2018-05,W6Y676,대정읍,,
26045,2018-06,W6Y676,대정읍,,
26046,2018-07,W6Y676,대정읍,,
26047,2018-08,W6Y676,대정읍,,
26048,2018-09,W6Y676,대정읍,,
26049,2018-10,W6Y676,대정읍,,
26050,2018-11,W6Y676,대정읍,,
26051,2018-12,W6Y676,대정읍,,
26052,2019-01,W6Y676,대정읍,,
26053,2019-02,W6Y676,대정읍,,
26054,2019-03,W6Y676,대정읍,,
26055,2019-04,W6Y676,대정읍,201750.0,106.0
26056,2019-05,W6Y676,대정읍,522750.0,280.0
26057,2019-06,W6Y676,대정읍,613100.0,316.0
26058,2019-07,W6Y676,대정읍,719650.0,365.0
26059,2019-08,W6Y676,대정읍,623850.0,345.0
26060,2019-09,W6Y676,대정읍,606850.0,349.0
26061,2019-10,W6Y676,대정읍,522250.0,303.0
26062,2019-11,W6Y676,대정읍,570850.0,321.0
26063,2019-12,W6Y676,대정읍,576750.0,277.0
26064,2020-01,W6Y676,대정읍,605500.0,288.0
26065,2020-02,W6Y676,대정읍,597000.0,290.0
26066,2020-03,W6Y676,대정읍,637950.0,303.0
26067,2020-04,W6Y676,대정읍,539150.0,268.0
26068,2020-05,W6Y676,대정읍,599700.0,312.0
26069,2020-06,W6Y676,대정읍,750100.0,367.0
26070,2020-07,W6Y676,대정읍,892850.0,449.0
26071,2020-08,W6Y676,대정읍,824550.0,434.0
26072,2020-09,W6Y676,대정읍,608700.0,368.0
26073,2020-10,W6Y676,대정읍,639900.0,363.0
26074,2020-11,W6Y676,대정읍,598600.0,314.0
26075,2020-12,W6Y676,대정읍,668050.0,326.0
26076,2021-01,W6Y676,대정읍,666250.0,287.0
26077,2021-02,W6Y676,대정읍,582350.0,262.0
26078,2021-03,W6Y676,대정읍,580400.0,296.0
26079,2021-04,W6Y676,대정읍,,
26080,2021-05,W6Y676,대정읍,633150.0,332.0
26081,2021-06,W6Y676,대정읍,647700.0,339.0
26082,2018-01,W6Y688,표선면,,
26083,2018-02,W6Y688,표선면,,
26084,2018-03,W6Y688,표선면,,
26085,2018-04,W6Y688,표선면,,
26086,2018-05,W6Y688,표선면,,
26087,2018-06,W6Y688,표선면,,
26088,2018-07,W6Y688,표선면,,
26089,2018-08,W6Y688,표선면,,
26090,2018-09,W6Y688,표선면,,
26091,2018-10,W6Y688,표선면,,
26092,2018-11,W6Y688,표선면,,
26093,2018-12,W6Y688,표선면,,
26094,2019-01,W6Y688,표선면,,
26095,2019-02,W6Y688,표선면,,
26096,2019-03,W6Y688,표선면,,
26097,2019-04,W6Y688,표선면,,
26098,2019-05,W6Y688,표선면,,
26099,2019-06,W6Y688,표선면,,
26100,2019-07,W6Y688,표선면,,
26101,2019-08,W6Y688,표선면,,
26102,2019-09,W6Y688,표선면,,
26103,2019-10,W6Y688,표선면,,
26104,2019-11,W6Y688,표선면,,
26105,2019-12,W6Y688,표선면,,
26106,2020-01,W6Y688,표선면,,
26107,2020-02,W6Y688,표선면,,
26108,2020-03,W6Y688,표선면,,
26109,2020-04,W6Y688,표선면,,
26110,2020-05,W6Y688,표선면,,
26111,2020-06,W6Y688,표선면,,
26112,2020-07,W6Y688,표선면,,
26113,2020-08,W6Y688,표선면,,
26114,2020-09,W6Y688,표선면,,
26115,2020-10,W6Y688,표선면,,
26116,2020-11,W6Y688,표선면,,
26117,2020-12,W6Y688,표선면,,
26118,2021-01,W6Y688,표선면,,
26119,2021-02,W6Y688,표선면,,
26120,2021-03,W6Y688,표선면,,
26121,2021-04,W6Y688,표선면,,
26122,2021-05,W6Y688,표선면,,
26123,2021-06,W6Y688,표선면,,
26124,2018-01,W6Y689,표선면,,
26125,2018-02,W6Y689,표선면,,
26126,2018-03,W6Y689,표선면,,
26127,2018-04,W6Y689,표선면,,
26128,2018-05,W6Y689,표선면,,
26129,2018-06,W6Y689,표선면,,
26130,2018-07,W6Y689,표선면,,
26131,2018-08,W6Y689,표선면,,
26132,2018-09,W6Y689,표선면,,
26133,2018-10,W6Y689,표선면,,
26134,2018-11,W6Y689,표선면,,
26135,2018-12,W6Y689,표선면,,
26136,2019-01,W6Y689,표선면,,
26137,2019-02,W6Y689,표선면,,
26138,2019-03,W6Y689,표선면,,
26139,2019-04,W6Y689,표선면,,
26140,2019-05,W6Y689,표선면,,
26141,2019-06,W6Y689,표선면,,
26142,2019-07,W6Y689,표선면,,
26143,2019-08,W6Y689,표선면,,
26144,2019-09,W6Y689,표선면,,
26145,2019-10,W6Y689,표선면,,
26146,2019-11,W6Y689,표선면,,
26147,2019-12,W6Y689,표선면,,
26148,2020-01,W6Y689,표선면,,
26149,2020-02,W6Y689,표선면,,
26150,2020-03,W6Y689,표선면,,
26151,2020-04,W6Y689,표선면,,
26152,2020-05,W6Y689,표선면,,
26153,2020-06,W6Y689,표선면,,
26154,2020-07,W6Y689,표선면,77400.0,26.0
26155,2020-08,W6Y689,표선면,1166600.0,443.0
26156,2020-09,W6Y689,표선면,920600.0,363.0
26157,2020-10,W6Y689,표선면,973350.0,374.0
26158,2020-11,W6Y689,표선면,980350.0,358.0
26159,2020-12,W6Y689,표선면,1364700.0,511.0
26160,2021-01,W6Y689,표선면,1347750.0,449.0
26161,2021-02,W6Y689,표선면,1415000.0,449.0
26162,2021-03,W6Y689,표선면,1534950.0,521.0
26163,2021-04,W6Y689,표선면,,
26164,2021-05,W6Y689,표선면,1557150.0,601.0
26165,2021-06,W6Y689,표선면,1402000.0,577.0
26166,2018-01,W6Y690,남원읍,,
26167,2018-02,W6Y690,남원읍,,
26168,2018-03,W6Y690,남원읍,,
26169,2018-04,W6Y690,남원읍,,
26170,2018-05,W6Y690,남원읍,,
26171,2018-06,W6Y690,남원읍,,
26172,2018-07,W6Y690,남원읍,,
26173,2018-08,W6Y690,남원읍,,
26174,2018-09,W6Y690,남원읍,,
26175,2018-10,W6Y690,남원읍,,
26176,2018-11,W6Y690,남원읍,,
26177,2018-12,W6Y690,남원읍,,
26178,2019-01,W6Y690,남원읍,,
26179,2019-02,W6Y690,남원읍,,
26180,2019-03,W6Y690,남원읍,,
26181,2019-04,W6Y690,남원읍,,
26182,2019-05,W6Y690,남원읍,,
26183,2019-06,W6Y690,남원읍,,
26184,2019-07,W6Y690,남원읍,,
26185,2019-08,W6Y690,남원읍,,
26186,2019-09,W6Y690,남원읍,,
26187,2019-10,W6Y690,남원읍,,
26188,2019-11,W6Y690,남원읍,,
26189,2019-12,W6Y690,남원읍,,
26190,2020-01,W6Y690,남원읍,,
26191,2020-02,W6Y690,남원읍,,
26192,2020-03,W6Y690,남원읍,,
26193,2020-04,W6Y690,남원읍,,
26194,2020-05,W6Y690,남원읍,,
26195,2020-06,W6Y690,남원읍,,
26196,2020-07,W6Y690,남원읍,,
26197,2020-08,W6Y690,남원읍,,
26198,2020-09,W6Y690,남원읍,,
26199,2020-10,W6Y690,남원읍,,
26200,2020-11,W6Y690,남원읍,,
26201,2020-12,W6Y690,남원읍,,
26202,2021-01,W6Y690,남원읍,,
26203,2021-02,W6Y690,남원읍,,
26204,2021-03,W6Y690,남원읍,,
26205,2021-04,W6Y690,남원읍,,
26206,2021-05,W6Y690,남원읍,,
26207,2021-06,W6Y690,남원읍,,
26208,2018-01,W6Y691,대정읍,,
26209,2018-02,W6Y691,대정읍,,
26210,2018-03,W6Y691,대정읍,,
26211,2018-04,W6Y691,대정읍,,
26212,2018-05,W6Y691,대정읍,,
26213,2018-06,W6Y691,대정읍,,
26214,2018-07,W6Y691,대정읍,,
26215,2018-08,W6Y691,대정읍,,
26216,2018-09,W6Y691,대정읍,,
26217,2018-10,W6Y691,대정읍,,
26218,2018-11,W6Y691,대정읍,,
26219,2018-12,W6Y691,대정읍,,
26220,2019-01,W6Y691,대정읍,,
26221,2019-02,W6Y691,대정읍,,
26222,2019-03,W6Y691,대정읍,,
26223,2019-04,W6Y691,대정읍,,
26224,2019-05,W6Y691,대정읍,,
26225,2019-06,W6Y691,대정읍,,
26226,2019-07,W6Y691,대정읍,,
26227,2019-08,W6Y691,대정읍,,
26228,2019-09,W6Y691,대정읍,13300.0,8.0
26229,2019-10,W6Y691,대정읍,74500.0,47.0
26230,2019-11,W6Y691,대정읍,77500.0,42.0
26231,2019-12,W6Y691,대정읍,98950.0,45.0
26232,2020-01,W6Y691,대정읍,95250.0,46.0
26233,2020-02,W6Y691,대정읍,120150.0,79.0
26234,2020-03,W6Y691,대정읍,129950.0,87.0
26235,2020-04,W6Y691,대정읍,89000.0,70.0
26236,2020-05,W6Y691,대정읍,111250.0,95.0
26237,2020-06,W6Y691,대정읍,93750.0,84.0
26238,2020-07,W6Y691,대정읍,84200.0,74.0
26239,2020-08,W6Y691,대정읍,91800.0,87.0
26240,2020-09,W6Y691,대정읍,58300.0,48.0
26241,2020-10,W6Y691,대정읍,73200.0,64.0
26242,2020-11,W6Y691,대정읍,77850.0,65.0
26243,2020-12,W6Y691,대정읍,90650.0,54.0
26244,2021-01,W6Y691,대정읍,71150.0,40.0
26245,2021-02,W6Y691,대정읍,62800.0,41.0
26246,2021-03,W6Y691,대정읍,90450.0,69.0
26247,2021-04,W6Y691,대정읍,,
26248,2021-05,W6Y691,대정읍,165300.0,123.0
26249,2021-06,W6Y691,대정읍,229900.0,152.0
26250,2018-01,W6Y694,표선면,,
26251,2018-02,W6Y694,표선면,,
26252,2018-03,W6Y694,표선면,,
26253,2018-04,W6Y694,표선면,,
26254,2018-05,W6Y694,표선면,,
26255,2018-06,W6Y694,표선면,,
26256,2018-07,W6Y694,표선면,,
26257,2018-08,W6Y694,표선면,,
26258,2018-09,W6Y694,표선면,,
26259,2018-10,W6Y694,표선면,,
26260,2018-11,W6Y694,표선면,,
26261,2018-12,W6Y694,표선면,,
26262,2019-01,W6Y694,표선면,,
26263,2019-02,W6Y694,표선면,,
26264,2019-03,W6Y694,표선면,,
26265,2019-04,W6Y694,표선면,,
26266,2019-05,W6Y694,표선면,,
26267,2019-06,W6Y694,표선면,,
26268,2019-07,W6Y694,표선면,,
26269,2019-08,W6Y694,표선면,,
26270,2019-09,W6Y694,표선면,,
26271,2019-10,W6Y694,표선면,,
26272,2019-11,W6Y694,표선면,,
26273,2019-12,W6Y694,표선면,,
26274,2020-01,W6Y694,표선면,,
26275,2020-02,W6Y694,표선면,,
26276,2020-03,W6Y694,표선면,,
26277,2020-04,W6Y694,표선면,,
26278,2020-05,W6Y694,표선면,,
26279,2020-06,W6Y694,표선면,,
26280,2020-07,W6Y694,표선면,,
26281,2020-08,W6Y694,표선면,,
26282,2020-09,W6Y694,표선면,,
26283,2020-10,W6Y694,표선면,,
26284,2020-11,W6Y694,표선면,,
26285,2020-12,W6Y694,표선면,,
26286,2021-01,W6Y694,표선면,,
26287,2021-02,W6Y694,표선면,,
26288,2021-03,W6Y694,표선면,,
26289,2021-04,W6Y694,표선면,,
26290,2021-05,W6Y694,표선면,,
26291,2021-06,W6Y694,표선면,,
26292,2018-01,W6Y696,성산읍,,
26293,2018-02,W6Y696,성산읍,,
26294,2018-03,W6Y696,성산읍,,
26295,2018-04,W6Y696,성산읍,,
26296,2018-05,W6Y696,성산읍,,
26297,2018-06,W6Y696,성산읍,,
26298,2018-07,W6Y696,성산읍,,
26299,2018-08,W6Y696,성산읍,,
26300,2018-09,W6Y696,성산읍,,
26301,2018-10,W6Y696,성산읍,,
26302,2018-11,W6Y696,성산읍,,
26303,2018-12,W6Y696,성산읍,,
26304,2019-01,W6Y696,성산읍,,
26305,2019-02,W6Y696,성산읍,,
26306,2019-03,W6Y696,성산읍,,
26307,2019-04,W6Y696,성산읍,,
26308,2019-05,W6Y696,성산읍,,
26309,2019-06,W6Y696,성산읍,,
26310,2019-07,W6Y696,성산읍,,
26311,2019-08,W6Y696,성산읍,,
26312,2019-09,W6Y696,성산읍,,
26313,2019-10,W6Y696,성산읍,,
26314,2019-11,W6Y696,성산읍,,
26315,2019-12,W6Y696,성산읍,,
26316,2020-01,W6Y696,성산읍,,
26317,2020-02,W6Y696,성산읍,,
26318,2020-03,W6Y696,성산읍,,
26319,2020-04,W6Y696,성산읍,,
26320,2020-05,W6Y696,성산읍,,
26321,2020-06,W6Y696,성산읍,,
26322,2020-07,W6Y696,성산읍,,
26323,2020-08,W6Y696,성산읍,,
26324,2020-09,W6Y696,성산읍,,
26325,2020-10,W6Y696,성산읍,,
26326,2020-11,W6Y696,성산읍,,
26327,2020-12,W6Y696,성산읍,,
26328,2021-01,W6Y696,성산읍,,
26329,2021-02,W6Y696,성산읍,,
26330,2021-03,W6Y696,성산읍,,
26331,2021-04,W6Y696,성산읍,,
26332,2021-05,W6Y696,성산읍,,
26333,2021-06,W6Y696,성산읍,,
26334,2018-01,W6Y697,표선면,,
26335,2018-02,W6Y697,표선면,,
26336,2018-03,W6Y697,표선면,,
26337,2018-04,W6Y697,표선면,,
26338,2018-05,W6Y697,표선면,,
26339,2018-06,W6Y697,표선면,,
26340,2018-07,W6Y697,표선면,,
26341,2018-08,W6Y697,표선면,,
26342,2018-09,W6Y697,표선면,,
26343,2018-10,W6Y697,표선면,,
26344,2018-11,W6Y697,표선면,,
26345,2018-12,W6Y697,표선면,,
26346,2019-01,W6Y697,표선면,,
26347,2019-02,W6Y697,표선면,,
26348,2019-03,W6Y697,표선면,,
26349,2019-04,W6Y697,표선면,,
26350,2019-05,W6Y697,표선면,,
26351,2019-06,W6Y697,표선면,,
26352,2019-07,W6Y697,표선면,,
26353,2019-08,W6Y697,표선면,,
26354,2019-09,W6Y697,표선면,,
26355,2019-10,W6Y697,표선면,,
26356,2019-11,W6Y697,표선면,,
26357,2019-12,W6Y697,표선면,,
26358,2020-01,W6Y697,표선면,,
26359,2020-02,W6Y697,표선면,,
26360,2020-03,W6Y697,표선면,,
26361,2020-04,W6Y697,표선면,,
26362,2020-05,W6Y697,표선면,,
26363,2020-06,W6Y697,표선면,,
26364,2020-07,W6Y697,표선면,,
26365,2020-08,W6Y697,표선면,,
26366,2020-09,W6Y697,표선면,,
26367,2020-10,W6Y697,표선면,,
26368,2020-11,W6Y697,표선면,,
26369,2020-12,W6Y697,표선면,,
26370,2021-01,W6Y697,표선면,,
26371,2021-02,W6Y697,표선면,,
26372,2021-03,W6Y697,표선면,,
26373,2021-04,W6Y697,표선면,,
26374,2021-05,W6Y697,표선면,,
26375,2021-06,W6Y697,표선면,,
26376,2018-01,W6Y698,성산읍,,
26377,2018-02,W6Y698,성산읍,,
26378,2018-03,W6Y698,성산읍,,
26379,2018-04,W6Y698,성산읍,,
26380,2018-05,W6Y698,성산읍,,
26381,2018-06,W6Y698,성산읍,,
26382,2018-07,W6Y698,성산읍,,
26383,2018-08,W6Y698,성산읍,,
26384,2018-09,W6Y698,성산읍,,
26385,2018-10,W6Y698,성산읍,,
26386,2018-11,W6Y698,성산읍,,
26387,2018-12,W6Y698,성산읍,,
26388,2019-01,W6Y698,성산읍,,
26389,2019-02,W6Y698,성산읍,,
26390,2019-03,W6Y698,성산읍,,
26391,2019-04,W6Y698,성산읍,,
26392,2019-05,W6Y698,성산읍,,
26393,2019-06,W6Y698,성산읍,,
26394,2019-07,W6Y698,성산읍,,
26395,2019-08,W6Y698,성산읍,,
26396,2019-09,W6Y698,성산읍,,
26397,2019-10,W6Y698,성산읍,,
26398,2019-11,W6Y698,성산읍,,
26399,2019-12,W6Y698,성산읍,,
26400,2020-01,W6Y698,성산읍,,
26401,2020-02,W6Y698,성산읍,,
26402,2020-03,W6Y698,성산읍,,
26403,2020-04,W6Y698,성산읍,,
26404,2020-05,W6Y698,성산읍,,
26405,2020-06,W6Y698,성산읍,,
26406,2020-07,W6Y698,성산읍,,
26407,2020-08,W6Y698,성산읍,,
26408,2020-09,W6Y698,성산읍,,
26409,2020-10,W6Y698,성산읍,,
26410,2020-11,W6Y698,성산읍,,
26411,2020-12,W6Y698,성산읍,,
26412,2021-01,W6Y698,성산읍,,
26413,2021-02,W6Y698,성산읍,,
26414,2021-03,W6Y698,성산읍,,
26415,2021-04,W6Y698,성산읍,,
26416,2021-05,W6Y698,성산읍,,
26417,2021-06,W6Y698,성산읍,,
26418,2018-01,W6Y700,표선면,,
26419,2018-02,W6Y700,표선면,,
26420,2018-03,W6Y700,표선면,,
26421,2018-04,W6Y700,표선면,,
26422,2018-05,W6Y700,표선면,,
26423,2018-06,W6Y700,표선면,,
26424,2018-07,W6Y700,표선면,,
26425,2018-08,W6Y700,표선면,,
26426,2018-09,W6Y700,표선면,,
26427,2018-10,W6Y700,표선면,,
26428,2018-11,W6Y700,표선면,,
26429,2018-12,W6Y700,표선면,,
26430,2019-01,W6Y700,표선면,,
26431,2019-02,W6Y700,표선면,,
26432,2019-03,W6Y700,표선면,,
26433,2019-04,W6Y700,표선면,,
26434,2019-05,W6Y700,표선면,,
26435,2019-06,W6Y700,표선면,,
26436,2019-07,W6Y700,표선면,,
26437,2019-08,W6Y700,표선면,,
26438,2019-09,W6Y700,표선면,,
26439,2019-10,W6Y700,표선면,,
26440,2019-11,W6Y700,표선면,,
26441,2019-12,W6Y700,표선면,,
26442,2020-01,W6Y700,표선면,,
26443,2020-02,W6Y700,표선면,,
26444,2020-03,W6Y700,표선면,,
26445,2020-04,W6Y700,표선면,,
26446,2020-05,W6Y700,표선면,,
26447,2020-06,W6Y700,표선면,,
26448,2020-07,W6Y700,표선면,,
26449,2020-08,W6Y700,표선면,,
26450,2020-09,W6Y700,표선면,,
26451,2020-10,W6Y700,표선면,,
26452,2020-11,W6Y700,표선면,,
26453,2020-12,W6Y700,표선면,,
26454,2021-01,W6Y700,표선면,,
26455,2021-02,W6Y700,표선면,,
26456,2021-03,W6Y700,표선면,,
26457,2021-04,W6Y700,표선면,,
26458,2021-05,W6Y700,표선면,,
26459,2021-06,W6Y700,표선면,,
26460,2018-01,W6Y701,동홍동,,
26461,2018-02,W6Y701,동홍동,,
26462,2018-03,W6Y701,동홍동,,
26463,2018-04,W6Y701,동홍동,,
26464,2018-05,W6Y701,동홍동,,
26465,2018-06,W6Y701,동홍동,,
26466,2018-07,W6Y701,동홍동,,
26467,2018-08,W6Y701,동홍동,,
26468,2018-09,W6Y701,동홍동,,
26469,2018-10,W6Y701,동홍동,,
26470,2018-11,W6Y701,동홍동,,
26471,2018-12,W6Y701,동홍동,,
26472,2019-01,W6Y701,동홍동,,
26473,2019-02,W6Y701,동홍동,,
26474,2019-03,W6Y701,동홍동,,
26475,2019-04,W6Y701,동홍동,,
26476,2019-05,W6Y701,동홍동,,
26477,2019-06,W6Y701,동홍동,,
26478,2019-07,W6Y701,동홍동,,
26479,2019-08,W6Y701,동홍동,,
26480,2019-09,W6Y701,동홍동,,
26481,2019-10,W6Y701,동홍동,,
26482,2019-11,W6Y701,동홍동,,
26483,2019-12,W6Y701,동홍동,,
26484,2020-01,W6Y701,동홍동,,
26485,2020-02,W6Y701,동홍동,,
26486,2020-03,W6Y701,동홍동,214650.0,126.0
26487,2020-04,W6Y701,동홍동,814500.0,474.0
26488,2020-05,W6Y701,동홍동,937400.0,516.0
26489,2020-06,W6Y701,동홍동,1059599.0,527.0
26490,2020-07,W6Y701,동홍동,1115100.0,581.0
26491,2020-08,W6Y701,동홍동,1151050.0,608.0
26492,2020-09,W6Y701,동홍동,993300.0,534.0
26493,2020-10,W6Y701,동홍동,1035700.0,570.0
26494,2020-11,W6Y701,동홍동,1057600.0,518.0
26495,2020-12,W6Y701,동홍동,1139450.0,529.0
26496,2021-01,W6Y701,동홍동,1129450.0,516.0
26497,2021-02,W6Y701,동홍동,1115650.0,457.0
26498,2021-03,W6Y701,동홍동,1029750.0,513.0
26499,2021-04,W6Y701,동홍동,,
26500,2021-05,W6Y701,동홍동,1053300.0,538.0
26501,2021-06,W6Y701,동홍동,1084650.0,555.0
26502,2018-01,W6Y702,동홍동,,
26503,2018-02,W6Y702,동홍동,,
26504,2018-03,W6Y702,동홍동,,
26505,2018-04,W6Y702,동홍동,,
26506,2018-05,W6Y702,동홍동,,
26507,2018-06,W6Y702,동홍동,,
26508,2018-07,W6Y702,동홍동,,
26509,2018-08,W6Y702,동홍동,,
26510,2018-09,W6Y702,동홍동,,
26511,2018-10,W6Y702,동홍동,,
26512,2018-11,W6Y702,동홍동,,
26513,2018-12,W6Y702,동홍동,,
26514,2019-01,W6Y702,동홍동,,
26515,2019-02,W6Y702,동홍동,,
26516,2019-03,W6Y702,동홍동,,
26517,2019-04,W6Y702,동홍동,,
26518,2019-05,W6Y702,동홍동,,
26519,2019-06,W6Y702,동홍동,,
26520,2019-07,W6Y702,동홍동,,
26521,2019-08,W6Y702,동홍동,,
26522,2019-09,W6Y702,동홍동,,
26523,2019-10,W6Y702,동홍동,,
26524,2019-11,W6Y702,동홍동,,
26525,2019-12,W6Y702,동홍동,,
26526,2020-01,W6Y702,동홍동,,
26527,2020-02,W6Y702,동홍동,,
26528,2020-03,W6Y702,동홍동,,
26529,2020-04,W6Y702,동홍동,,
26530,2020-05,W6Y702,동홍동,,
26531,2020-06,W6Y702,동홍동,,
26532,2020-07,W6Y702,동홍동,,
26533,2020-08,W6Y702,동홍동,,
26534,2020-09,W6Y702,동홍동,,
26535,2020-10,W6Y702,동홍동,,
26536,2020-11,W6Y702,동홍동,42100.0,26.0
26537,2020-12,W6Y702,동홍동,123500.0,62.0
26538,2021-01,W6Y702,동홍동,173150.0,79.0
26539,2021-02,W6Y702,동홍동,277300.0,118.0
26540,2021-03,W6Y702,동홍동,295150.0,150.0
26541,2021-04,W6Y702,동홍동,,
26542,2021-05,W6Y702,동홍동,412100.0,265.0
26543,2021-06,W6Y702,동홍동,502750.0,287.0
26544,2018-01,W6Y703,중문동,,
26545,2018-02,W6Y703,중문동,,
26546,2018-03,W6Y703,중문동,,
26547,2018-04,W6Y703,중문동,,
26548,2018-05,W6Y703,중문동,,
26549,2018-06,W6Y703,중문동,,
26550,2018-07,W6Y703,중문동,,
26551,2018-08,W6Y703,중문동,,
26552,2018-09,W6Y703,중문동,,
26553,2018-10,W6Y703,중문동,,
26554,2018-11,W6Y703,중문동,,
26555,2018-12,W6Y703,중문동,,
26556,2019-01,W6Y703,중문동,,
26557,2019-02,W6Y703,중문동,,
26558,2019-03,W6Y703,중문동,,
26559,2019-04,W6Y703,중문동,,
26560,2019-05,W6Y703,중문동,,
26561,2019-06,W6Y703,중문동,,
26562,2019-07,W6Y703,중문동,,
26563,2019-08,W6Y703,중문동,,
26564,2019-09,W6Y703,중문동,,
26565,2019-10,W6Y703,중문동,,
26566,2019-11,W6Y703,중문동,,
26567,2019-12,W6Y703,중문동,,
26568,2020-01,W6Y703,중문동,,
26569,2020-02,W6Y703,중문동,,
26570,2020-03,W6Y703,중문동,,
26571,2020-04,W6Y703,중문동,,
26572,2020-05,W6Y703,중문동,,
26573,2020-06,W6Y703,중문동,,
26574,2020-07,W6Y703,중문동,,
26575,2020-08,W6Y703,중문동,,
26576,2020-09,W6Y703,중문동,,
26577,2020-10,W6Y703,중문동,,
26578,2020-11,W6Y703,중문동,1530000.0,448.0
26579,2020-12,W6Y703,중문동,4713250.0,1535.0
26580,2021-01,W6Y703,중문동,4543400.0,1507.0
26581,2021-02,W6Y703,중문동,5026700.0,1404.0
26582,2021-03,W6Y703,중문동,5185000.0,1505.0
26583,2021-04,W6Y703,중문동,,
26584,2021-05,W6Y703,중문동,5749000.0,1842.0
26585,2021-06,W6Y703,중문동,5412900.0,1754.0
26586,2018-01,W6Y704,대정읍,,
26587,2018-02,W6Y704,대정읍,,
26588,2018-03,W6Y704,대정읍,,
26589,2018-04,W6Y704,대정읍,,
26590,2018-05,W6Y704,대정읍,,
26591,2018-06,W6Y704,대정읍,,
26592,2018-07,W6Y704,대정읍,,
26593,2018-08,W6Y704,대정읍,,
26594,2018-09,W6Y704,대정읍,,
26595,2018-10,W6Y704,대정읍,,
26596,2018-11,W6Y704,대정읍,,
26597,2018-12,W6Y704,대정읍,,
26598,2019-01,W6Y704,대정읍,,
26599,2019-02,W6Y704,대정읍,,
26600,2019-03,W6Y704,대정읍,,
26601,2019-04,W6Y704,대정읍,,
26602,2019-05,W6Y704,대정읍,,
26603,2019-06,W6Y704,대정읍,,
26604,2019-07,W6Y704,대정읍,,
26605,2019-08,W6Y704,대정읍,,
26606,2019-09,W6Y704,대정읍,,
26607,2019-10,W6Y704,대정읍,,
26608,2019-11,W6Y704,대정읍,,
26609,2019-12,W6Y704,대정읍,,
26610,2020-01,W6Y704,대정읍,,
26611,2020-02,W6Y704,대정읍,,
26612,2020-03,W6Y704,대정읍,,
26613,2020-04,W6Y704,대정읍,,
26614,2020-05,W6Y704,대정읍,,
26615,2020-06,W6Y704,대정읍,,
26616,2020-07,W6Y704,대정읍,,
26617,2020-08,W6Y704,대정읍,,
26618,2020-09,W6Y704,대정읍,,
26619,2020-10,W6Y704,대정읍,,
26620,2020-11,W6Y704,대정읍,,
26621,2020-12,W6Y704,대정읍,,
26622,2021-01,W6Y704,대정읍,,
26623,2021-02,W6Y704,대정읍,,
26624,2021-03,W6Y704,대정읍,,
26625,2021-04,W6Y704,대정읍,,
26626,2021-05,W6Y704,대정읍,,
26627,2021-06,W6Y704,대정읍,,
26628,2018-01,W6Y705,대정읍,,
26629,2018-02,W6Y705,대정읍,,
26630,2018-03,W6Y705,대정읍,,
26631,2018-04,W6Y705,대정읍,,
26632,2018-05,W6Y705,대정읍,,
26633,2018-06,W6Y705,대정읍,,
26634,2018-07,W6Y705,대정읍,,
26635,2018-08,W6Y705,대정읍,,
26636,2018-09,W6Y705,대정읍,,
26637,2018-10,W6Y705,대정읍,,
26638,2018-11,W6Y705,대정읍,,
26639,2018-12,W6Y705,대정읍,,
26640,2019-01,W6Y705,대정읍,,
26641,2019-02,W6Y705,대정읍,,
26642,2019-03,W6Y705,대정읍,,
26643,2019-04,W6Y705,대정읍,,
26644,2019-05,W6Y705,대정읍,,
26645,2019-06,W6Y705,대정읍,,
26646,2019-07,W6Y705,대정읍,,
26647,2019-08,W6Y705,대정읍,,
26648,2019-09,W6Y705,대정읍,,
26649,2019-10,W6Y705,대정읍,,
26650,2019-11,W6Y705,대정읍,,
26651,2019-12,W6Y705,대정읍,,
26652,2020-01,W6Y705,대정읍,,
26653,2020-02,W6Y705,대정읍,,
26654,2020-03,W6Y705,대정읍,,
26655,2020-04,W6Y705,대정읍,,
26656,2020-05,W6Y705,대정읍,,
26657,2020-06,W6Y705,대정읍,,
26658,2020-07,W6Y705,대정읍,,
26659,2020-08,W6Y705,대정읍,,
26660,2020-09,W6Y705,대정읍,,
26661,2020-10,W6Y705,대정읍,,
26662,2020-11,W6Y705,대정읍,,
26663,2020-12,W6Y705,대정읍,,
26664,2021-01,W6Y705,대정읍,,
26665,2021-02,W6Y705,대정읍,,
26666,2021-03,W6Y705,대정읍,,
26667,2021-04,W6Y705,대정읍,,
26668,2021-05,W6Y705,대정읍,,
26669,2021-06,W6Y705,대정읍,,
26670,2018-01,W6Y706,표선면,,
26671,2018-02,W6Y706,표선면,,
26672,2018-03,W6Y706,표선면,,
26673,2018-04,W6Y706,표선면,,
26674,2018-05,W6Y706,표선면,,
26675,2018-06,W6Y706,표선면,,
26676,2018-07,W6Y706,표선면,,
26677,2018-08,W6Y706,표선면,,
26678,2018-09,W6Y706,표선면,,
26679,2018-10,W6Y706,표선면,,
26680,2018-11,W6Y706,표선면,,
26681,2018-12,W6Y706,표선면,,
26682,2019-01,W6Y706,표선면,,
26683,2019-02,W6Y706,표선면,,
26684,2019-03,W6Y706,표선면,,
26685,2019-04,W6Y706,표선면,,
26686,2019-05,W6Y706,표선면,,
26687,2019-06,W6Y706,표선면,,
26688,2019-07,W6Y706,표선면,,
26689,2019-08,W6Y706,표선면,,
26690,2019-09,W6Y706,표선면,,
26691,2019-10,W6Y706,표선면,,
26692,2019-11,W6Y706,표선면,,
26693,2019-12,W6Y706,표선면,,
26694,2020-01,W6Y706,표선면,,
26695,2020-02,W6Y706,표선면,,
26696,2020-03,W6Y706,표선면,,
26697,2020-04,W6Y706,표선면,,
26698,2020-05,W6Y706,표선면,,
26699,2020-06,W6Y706,표선면,,
26700,2020-07,W6Y706,표선면,,
26701,2020-08,W6Y706,표선면,,
26702,2020-09,W6Y706,표선면,,
26703,2020-10,W6Y706,표선면,,
26704,2020-11,W6Y706,표선면,,
26705,2020-12,W6Y706,표선면,,
26706,2021-01,W6Y706,표선면,,
26707,2021-02,W6Y706,표선면,,
26708,2021-03,W6Y706,표선면,,
26709,2021-04,W6Y706,표선면,,
26710,2021-05,W6Y706,표선면,,
26711,2021-06,W6Y706,표선면,,
26712,2018-01,W6Y707,표선면,,
26713,2018-02,W6Y707,표선면,,
26714,2018-03,W6Y707,표선면,,
26715,2018-04,W6Y707,표선면,,
26716,2018-05,W6Y707,표선면,,
26717,2018-06,W6Y707,표선면,,
26718,2018-07,W6Y707,표선면,,
26719,2018-08,W6Y707,표선면,,
26720,2018-09,W6Y707,표선면,,
26721,2018-10,W6Y707,표선면,,
26722,2018-11,W6Y707,표선면,,
26723,2018-12,W6Y707,표선면,,
26724,2019-01,W6Y707,표선면,,
26725,2019-02,W6Y707,표선면,,
26726,2019-03,W6Y707,표선면,,
26727,2019-04,W6Y707,표선면,,
26728,2019-05,W6Y707,표선면,,
26729,2019-06,W6Y707,표선면,,
26730,2019-07,W6Y707,표선면,,
26731,2019-08,W6Y707,표선면,,
26732,2019-09,W6Y707,표선면,,
26733,2019-10,W6Y707,표선면,,
26734,2019-11,W6Y707,표선면,,
26735,2019-12,W6Y707,표선면,,
26736,2020-01,W6Y707,표선면,,
26737,2020-02,W6Y707,표선면,,
26738,2020-03,W6Y707,표선면,,
26739,2020-04,W6Y707,표선면,,
26740,2020-05,W6Y707,표선면,,
26741,2020-06,W6Y707,표선면,,
26742,2020-07,W6Y707,표선면,,
26743,2020-08,W6Y707,표선면,,
26744,2020-09,W6Y707,표선면,,
26745,2020-10,W6Y707,표선면,,
26746,2020-11,W6Y707,표선면,,
26747,2020-12,W6Y707,표선면,,
26748,2021-01,W6Y707,표선면,,
26749,2021-02,W6Y707,표선면,,
26750,2021-03,W6Y707,표선면,,
26751,2021-04,W6Y707,표선면,,
26752,2021-05,W6Y707,표선면,,
26753,2021-06,W6Y707,표선면,,
26754,2018-01,W6Y708,표선면,,
26755,2018-02,W6Y708,표선면,,
26756,2018-03,W6Y708,표선면,,
26757,2018-04,W6Y708,표선면,,
26758,2018-05,W6Y708,표선면,,
26759,2018-06,W6Y708,표선면,,
26760,2018-07,W6Y708,표선면,,
26761,2018-08,W6Y708,표선면,,
26762,2018-09,W6Y708,표선면,,
26763,2018-10,W6Y708,표선면,,
26764,2018-11,W6Y708,표선면,,
26765,2018-12,W6Y708,표선면,,
26766,2019-01,W6Y708,표선면,,
26767,2019-02,W6Y708,표선면,,
26768,2019-03,W6Y708,표선면,,
26769,2019-04,W6Y708,표선면,,
26770,2019-05,W6Y708,표선면,,
26771,2019-06,W6Y708,표선면,,
26772,2019-07,W6Y708,표선면,,
26773,2019-08,W6Y708,표선면,,
26774,2019-09,W6Y708,표선면,,
26775,2019-10,W6Y708,표선면,,
26776,2019-11,W6Y708,표선면,,
26777,2019-12,W6Y708,표선면,,
26778,2020-01,W6Y708,표선면,,
26779,2020-02,W6Y708,표선면,,
26780,2020-03,W6Y708,표선면,,
26781,2020-04,W6Y708,표선면,,
26782,2020-05,W6Y708,표선면,,
26783,2020-06,W6Y708,표선면,,
26784,2020-07,W6Y708,표선면,,
26785,2020-08,W6Y708,표선면,,
26786,2020-09,W6Y708,표선면,,
26787,2020-10,W6Y708,표선면,,
26788,2020-11,W6Y708,표선면,,
26789,2020-12,W6Y708,표선면,,
26790,2021-01,W6Y708,표선면,,
26791,2021-02,W6Y708,표선면,,
26792,2021-03,W6Y708,표선면,,
26793,2021-04,W6Y708,표선면,,
26794,2021-05,W6Y708,표선면,,
26795,2021-06,W6Y708,표선면,,
26796,2018-01,W6Y709,표선면,,
26797,2018-02,W6Y709,표선면,,
26798,2018-03,W6Y709,표선면,,
26799,2018-04,W6Y709,표선면,,
26800,2018-05,W6Y709,표선면,,
26801,2018-06,W6Y709,표선면,,
26802,2018-07,W6Y709,표선면,,
26803,2018-08,W6Y709,표선면,,
26804,2018-09,W6Y709,표선면,,
26805,2018-10,W6Y709,표선면,,
26806,2018-11,W6Y709,표선면,,
26807,2018-12,W6Y709,표선면,,
26808,2019-01,W6Y709,표선면,,
26809,2019-02,W6Y709,표선면,,
26810,2019-03,W6Y709,표선면,,
26811,2019-04,W6Y709,표선면,,
26812,2019-05,W6Y709,표선면,,
26813,2019-06,W6Y709,표선면,,
26814,2019-07,W6Y709,표선면,,
26815,2019-08,W6Y709,표선면,,
26816,2019-09,W6Y709,표선면,,
26817,2019-10,W6Y709,표선면,,
26818,2019-11,W6Y709,표선면,,
26819,2019-12,W6Y709,표선면,,
26820,2020-01,W6Y709,표선면,,
26821,2020-02,W6Y709,표선면,,
26822,2020-03,W6Y709,표선면,,
26823,2020-04,W6Y709,표선면,,
26824,2020-05,W6Y709,표선면,,
26825,2020-06,W6Y709,표선면,,
26826,2020-07,W6Y709,표선면,,
26827,2020-08,W6Y709,표선면,,
26828,2020-09,W6Y709,표선면,,
26829,2020-10,W6Y709,표선면,,
26830,2020-11,W6Y709,표선면,,
26831,2020-12,W6Y709,표선면,,
26832,2021-01,W6Y709,표선면,,
26833,2021-02,W6Y709,표선면,,
26834,2021-03,W6Y709,표선면,,
26835,2021-04,W6Y709,표선면,,
26836,2021-05,W6Y709,표선면,,
26837,2021-06,W6Y709,표선면,,
26838,2018-01,W6Y710,표선면,,
26839,2018-02,W6Y710,표선면,,
26840,2018-03,W6Y710,표선면,,
26841,2018-04,W6Y710,표선면,,
26842,2018-05,W6Y710,표선면,,
26843,2018-06,W6Y710,표선면,,
26844,2018-07,W6Y710,표선면,,
26845,2018-08,W6Y710,표선면,,
26846,2018-09,W6Y710,표선면,,
26847,2018-10,W6Y710,표선면,,
26848,2018-11,W6Y710,표선면,,
26849,2018-12,W6Y710,표선면,,
26850,2019-01,W6Y710,표선면,,
26851,2019-02,W6Y710,표선면,,
26852,2019-03,W6Y710,표선면,,
26853,2019-04,W6Y710,표선면,,
26854,2019-05,W6Y710,표선면,,
26855,2019-06,W6Y710,표선면,,
26856,2019-07,W6Y710,표선면,,
26857,2019-08,W6Y710,표선면,,
26858,2019-09,W6Y710,표선면,,
26859,2019-10,W6Y710,표선면,,
26860,2019-11,W6Y710,표선면,,
26861,2019-12,W6Y710,표선면,,
26862,2020-01,W6Y710,표선면,,
26863,2020-02,W6Y710,표선면,,
26864,2020-03,W6Y710,표선면,,
26865,2020-04,W6Y710,표선면,,
26866,2020-05,W6Y710,표선면,,
26867,2020-06,W6Y710,표선면,,
26868,2020-07,W6Y710,표선면,,
26869,2020-08,W6Y710,표선면,,
26870,2020-09,W6Y710,표선면,,
26871,2020-10,W6Y710,표선면,,
26872,2020-11,W6Y710,표선면,,
26873,2020-12,W6Y710,표선면,,
26874,2021-01,W6Y710,표선면,,
26875,2021-02,W6Y710,표선면,,
26876,2021-03,W6Y710,표선면,,
26877,2021-04,W6Y710,표선면,,
26878,2021-05,W6Y710,표선면,,
26879,2021-06,W6Y710,표선면,,
26880,2018-01,W6Y711,표선면,,
26881,2018-02,W6Y711,표선면,,
26882,2018-03,W6Y711,표선면,,
26883,2018-04,W6Y711,표선면,,
26884,2018-05,W6Y711,표선면,,
26885,2018-06,W6Y711,표선면,,
26886,2018-07,W6Y711,표선면,,
26887,2018-08,W6Y711,표선면,,
26888,2018-09,W6Y711,표선면,,
26889,2018-10,W6Y711,표선면,,
26890,2018-11,W6Y711,표선면,,
26891,2018-12,W6Y711,표선면,,
26892,2019-01,W6Y711,표선면,,
26893,2019-02,W6Y711,표선면,,
26894,2019-03,W6Y711,표선면,,
26895,2019-04,W6Y711,표선면,,
26896,2019-05,W6Y711,표선면,,
26897,2019-06,W6Y711,표선면,,
26898,2019-07,W6Y711,표선면,,
26899,2019-08,W6Y711,표선면,,
26900,2019-09,W6Y711,표선면,,
26901,2019-10,W6Y711,표선면,,
26902,2019-11,W6Y711,표선면,,
26903,2019-12,W6Y711,표선면,,
26904,2020-01,W6Y711,표선면,,
26905,2020-02,W6Y711,표선면,,
26906,2020-03,W6Y711,표선면,,
26907,2020-04,W6Y711,표선면,,
26908,2020-05,W6Y711,표선면,,
26909,2020-06,W6Y711,표선면,,
26910,2020-07,W6Y711,표선면,,
26911,2020-08,W6Y711,표선면,,
26912,2020-09,W6Y711,표선면,,
26913,2020-10,W6Y711,표선면,,
26914,2020-11,W6Y711,표선면,,
26915,2020-12,W6Y711,표선면,,
26916,2021-01,W6Y711,표선면,,
26917,2021-02,W6Y711,표선면,,
26918,2021-03,W6Y711,표선면,,
26919,2021-04,W6Y711,표선면,,
26920,2021-05,W6Y711,표선면,,
26921,2021-06,W6Y711,표선면,,
26922,2018-01,W6Y712,효돈동,,
26923,2018-02,W6Y712,효돈동,,
26924,2018-03,W6Y712,효돈동,,
26925,2018-04,W6Y712,효돈동,,
26926,2018-05,W6Y712,효돈동,,
26927,2018-06,W6Y712,효돈동,,
26928,2018-07,W6Y712,효돈동,,
26929,2018-08,W6Y712,효돈동,,
26930,2018-09,W6Y712,효돈동,,
26931,2018-10,W6Y712,효돈동,,
26932,2018-11,W6Y712,효돈동,,
26933,2018-12,W6Y712,효돈동,,
26934,2019-01,W6Y712,효돈동,,
26935,2019-02,W6Y712,효돈동,,
26936,2019-03,W6Y712,효돈동,,
26937,2019-04,W6Y712,효돈동,,
26938,2019-05,W6Y712,효돈동,,
26939,2019-06,W6Y712,효돈동,,
26940,2019-07,W6Y712,효돈동,,
26941,2019-08,W6Y712,효돈동,,
26942,2019-09,W6Y712,효돈동,,
26943,2019-10,W6Y712,효돈동,,
26944,2019-11,W6Y712,효돈동,,
26945,2019-12,W6Y712,효돈동,,
26946,2020-01,W6Y712,효돈동,,
26947,2020-02,W6Y712,효돈동,,
26948,2020-03,W6Y712,효돈동,,
26949,2020-04,W6Y712,효돈동,,
26950,2020-05,W6Y712,효돈동,,
26951,2020-06,W6Y712,효돈동,,
26952,2020-07,W6Y712,효돈동,,
26953,2020-08,W6Y712,효돈동,,
26954,2020-09,W6Y712,효돈동,,
26955,2020-10,W6Y712,효돈동,,
26956,2020-11,W6Y712,효돈동,,
26957,2020-12,W6Y712,효돈동,,
26958,2021-01,W6Y712,효돈동,,
26959,2021-02,W6Y712,효돈동,,
26960,2021-03,W6Y712,효돈동,,
26961,2021-04,W6Y712,효돈동,,
26962,2021-05,W6Y712,효돈동,,
26963,2021-06,W6Y712,효돈동,,
26964,2018-01,W6Y713,동홍동,,
26965,2018-02,W6Y713,동홍동,,
26966,2018-03,W6Y713,동홍동,,
26967,2018-04,W6Y713,동홍동,,
26968,2018-05,W6Y713,동홍동,,
26969,2018-06,W6Y713,동홍동,,
26970,2018-07,W6Y713,동홍동,,
26971,2018-08,W6Y713,동홍동,,
26972,2018-09,W6Y713,동홍동,,
26973,2018-10,W6Y713,동홍동,,
26974,2018-11,W6Y713,동홍동,,
26975,2018-12,W6Y713,동홍동,,
26976,2019-01,W6Y713,동홍동,,
26977,2019-02,W6Y713,동홍동,,
26978,2019-03,W6Y713,동홍동,,
26979,2019-04,W6Y713,동홍동,,
26980,2019-05,W6Y713,동홍동,,
26981,2019-06,W6Y713,동홍동,,
26982,2019-07,W6Y713,동홍동,,
26983,2019-08,W6Y713,동홍동,,
26984,2019-09,W6Y713,동홍동,,
26985,2019-10,W6Y713,동홍동,,
26986,2019-11,W6Y713,동홍동,,
26987,2019-12,W6Y713,동홍동,,
26988,2020-01,W6Y713,동홍동,,
26989,2020-02,W6Y713,동홍동,,
26990,2020-03,W6Y713,동홍동,,
26991,2020-04,W6Y713,동홍동,,
26992,2020-05,W6Y713,동홍동,,
26993,2020-06,W6Y713,동홍동,,
26994,2020-07,W6Y713,동홍동,,
26995,2020-08,W6Y713,동홍동,,
26996,2020-09,W6Y713,동홍동,,
26997,2020-10,W6Y713,동홍동,,
26998,2020-11,W6Y713,동홍동,,
26999,2020-12,W6Y713,동홍동,,
27000,2021-01,W6Y713,동홍동,,
27001,2021-02,W6Y713,동홍동,,
27002,2021-03,W6Y713,동홍동,,
27003,2021-04,W6Y713,동홍동,,
27004,2021-05,W6Y713,동홍동,,
27005,2021-06,W6Y713,동홍동,,
27006,2018-01,W6Y716,표선면,,
27007,2018-02,W6Y716,표선면,,
27008,2018-03,W6Y716,표선면,,
27009,2018-04,W6Y716,표선면,,
27010,2018-05,W6Y716,표선면,,
27011,2018-06,W6Y716,표선면,,
27012,2018-07,W6Y716,표선면,,
27013,2018-08,W6Y716,표선면,,
27014,2018-09,W6Y716,표선면,,
27015,2018-10,W6Y716,표선면,,
27016,2018-11,W6Y716,표선면,,
27017,2018-12,W6Y716,표선면,,
27018,2019-01,W6Y716,표선면,,
27019,2019-02,W6Y716,표선면,,
27020,2019-03,W6Y716,표선면,,
27021,2019-04,W6Y716,표선면,,
27022,2019-05,W6Y716,표선면,,
27023,2019-06,W6Y716,표선면,,
27024,2019-07,W6Y716,표선면,,
27025,2019-08,W6Y716,표선면,,
27026,2019-09,W6Y716,표선면,,
27027,2019-10,W6Y716,표선면,,
27028,2019-11,W6Y716,표선면,,
27029,2019-12,W6Y716,표선면,,
27030,2020-01,W6Y716,표선면,,
27031,2020-02,W6Y716,표선면,,
27032,2020-03,W6Y716,표선면,,
27033,2020-04,W6Y716,표선면,,
27034,2020-05,W6Y716,표선면,,
27035,2020-06,W6Y716,표선면,,
27036,2020-07,W6Y716,표선면,,
27037,2020-08,W6Y716,표선면,,
27038,2020-09,W6Y716,표선면,,
27039,2020-10,W6Y716,표선면,,
27040,2020-11,W6Y716,표선면,,
27041,2020-12,W6Y716,표선면,,
27042,2021-01,W6Y716,표선면,,
27043,2021-02,W6Y716,표선면,,
27044,2021-03,W6Y716,표선면,,
27045,2021-04,W6Y716,표선면,,
27046,2021-05,W6Y716,표선면,,
27047,2021-06,W6Y716,표선면,,
27048,2018-01,W6Y717,정방동,,
27049,2018-02,W6Y717,정방동,,
27050,2018-03,W6Y717,정방동,,
27051,2018-04,W6Y717,정방동,,
27052,2018-05,W6Y717,정방동,,
27053,2018-06,W6Y717,정방동,,
27054,2018-07,W6Y717,정방동,,
27055,2018-08,W6Y717,정방동,,
27056,2018-09,W6Y717,정방동,,
27057,2018-10,W6Y717,정방동,,
27058,2018-11,W6Y717,정방동,,
27059,2018-12,W6Y717,정방동,,
27060,2019-01,W6Y717,정방동,,
27061,2019-02,W6Y717,정방동,,
27062,2019-03,W6Y717,정방동,,
27063,2019-04,W6Y717,정방동,,
27064,2019-05,W6Y717,정방동,,
27065,2019-06,W6Y717,정방동,,
27066,2019-07,W6Y717,정방동,,
27067,2019-08,W6Y717,정방동,,
27068,2019-09,W6Y717,정방동,,
27069,2019-10,W6Y717,정방동,,
27070,2019-11,W6Y717,정방동,,
27071,2019-12,W6Y717,정방동,,
27072,2020-01,W6Y717,정방동,,
27073,2020-02,W6Y717,정방동,,
27074,2020-03,W6Y717,정방동,,
27075,2020-04,W6Y717,정방동,,
27076,2020-05,W6Y717,정방동,,
27077,2020-06,W6Y717,정방동,,
27078,2020-07,W6Y717,정방동,443450.0,116.0
27079,2020-08,W6Y717,정방동,1762850.0,466.0
27080,2020-09,W6Y717,정방동,1198600.0,344.0
27081,2020-10,W6Y717,정방동,691550.0,306.0
27082,2020-11,W6Y717,정방동,732350.0,278.0
27083,2020-12,W6Y717,정방동,815250.0,294.0
27084,2021-01,W6Y717,정방동,1166550.0,295.0
27085,2021-02,W6Y717,정방동,917850.0,234.0
27086,2021-03,W6Y717,정방동,822750.0,269.0
27087,2021-04,W6Y717,정방동,,
27088,2021-05,W6Y717,정방동,865000.0,309.0
27089,2021-06,W6Y717,정방동,825800.0,301.0
27090,2018-01,W6Y718,대정읍,,
27091,2018-02,W6Y718,대정읍,,
27092,2018-03,W6Y718,대정읍,,
27093,2018-04,W6Y718,대정읍,,
27094,2018-05,W6Y718,대정읍,,
27095,2018-06,W6Y718,대정읍,,
27096,2018-07,W6Y718,대정읍,,
27097,2018-08,W6Y718,대정읍,,
27098,2018-09,W6Y718,대정읍,,
27099,2018-10,W6Y718,대정읍,,
27100,2018-11,W6Y718,대정읍,,
27101,2018-12,W6Y718,대정읍,,
27102,2019-01,W6Y718,대정읍,,
27103,2019-02,W6Y718,대정읍,,
27104,2019-03,W6Y718,대정읍,,
27105,2019-04,W6Y718,대정읍,,
27106,2019-05,W6Y718,대정읍,,
27107,2019-06,W6Y718,대정읍,,
27108,2019-07,W6Y718,대정읍,,
27109,2019-08,W6Y718,대정읍,,
27110,2019-09,W6Y718,대정읍,,
27111,2019-10,W6Y718,대정읍,,
27112,2019-11,W6Y718,대정읍,,
27113,2019-12,W6Y718,대정읍,,
27114,2020-01,W6Y718,대정읍,,
27115,2020-02,W6Y718,대정읍,,
27116,2020-03,W6Y718,대정읍,,
27117,2020-04,W6Y718,대정읍,,
27118,2020-05,W6Y718,대정읍,,
27119,2020-06,W6Y718,대정읍,,
27120,2020-07,W6Y718,대정읍,521449.0,174.0
27121,2020-08,W6Y718,대정읍,958550.0,350.0
27122,2020-09,W6Y718,대정읍,1090050.0,345.0
27123,2020-10,W6Y718,대정읍,934700.0,318.0
27124,2020-11,W6Y718,대정읍,1072100.0,316.0
27125,2020-12,W6Y718,대정읍,1189200.0,303.0
27126,2021-01,W6Y718,대정읍,1130200.0,302.0
27127,2021-02,W6Y718,대정읍,835900.0,236.0
27128,2021-03,W6Y718,대정읍,1123100.0,296.0
27129,2021-04,W6Y718,대정읍,,
27130,2021-05,W6Y718,대정읍,1060400.0,378.0
27131,2021-06,W6Y718,대정읍,1038500.0,336.0
27132,2018-01,W6Y719,천지동,,
27133,2018-02,W6Y719,천지동,,
27134,2018-03,W6Y719,천지동,,
27135,2018-04,W6Y719,천지동,,
27136,2018-05,W6Y719,천지동,,
27137,2018-06,W6Y719,천지동,,
27138,2018-07,W6Y719,천지동,,
27139,2018-08,W6Y719,천지동,,
27140,2018-09,W6Y719,천지동,,
27141,2018-10,W6Y719,천지동,,
27142,2018-11,W6Y719,천지동,,
27143,2018-12,W6Y719,천지동,,
27144,2019-01,W6Y719,천지동,,
27145,2019-02,W6Y719,천지동,,
27146,2019-03,W6Y719,천지동,,
27147,2019-04,W6Y719,천지동,,
27148,2019-05,W6Y719,천지동,,
27149,2019-06,W6Y719,천지동,,
27150,2019-07,W6Y719,천지동,,
27151,2019-08,W6Y719,천지동,,
27152,2019-09,W6Y719,천지동,,
27153,2019-10,W6Y719,천지동,,
27154,2019-11,W6Y719,천지동,,
27155,2019-12,W6Y719,천지동,,
27156,2020-01,W6Y719,천지동,,
27157,2020-02,W6Y719,천지동,,
27158,2020-03,W6Y719,천지동,,
27159,2020-04,W6Y719,천지동,,
27160,2020-05,W6Y719,천지동,,
27161,2020-06,W6Y719,천지동,,
27162,2020-07,W6Y719,천지동,,
27163,2020-08,W6Y719,천지동,,
27164,2020-09,W6Y719,천지동,,
27165,2020-10,W6Y719,천지동,,
27166,2020-11,W6Y719,천지동,,
27167,2020-12,W6Y719,천지동,,
27168,2021-01,W6Y719,천지동,,
27169,2021-02,W6Y719,천지동,,
27170,2021-03,W6Y719,천지동,,
27171,2021-04,W6Y719,천지동,,
27172,2021-05,W6Y719,천지동,,
27173,2021-06,W6Y719,천지동,,
27174,2018-01,W6Y71B,대정읍,,
27175,2018-02,W6Y71B,대정읍,,
27176,2018-03,W6Y71B,대정읍,,
27177,2018-04,W6Y71B,대정읍,,
27178,2018-05,W6Y71B,대정읍,,
27179,2018-06,W6Y71B,대정읍,,
27180,2018-07,W6Y71B,대정읍,,
27181,2018-08,W6Y71B,대정읍,,
27182,2018-09,W6Y71B,대정읍,,
27183,2018-10,W6Y71B,대정읍,,
27184,2018-11,W6Y71B,대정읍,,
27185,2018-12,W6Y71B,대정읍,,
27186,2019-01,W6Y71B,대정읍,,
27187,2019-02,W6Y71B,대정읍,,
27188,2019-03,W6Y71B,대정읍,,
27189,2019-04,W6Y71B,대정읍,,
27190,2019-05,W6Y71B,대정읍,,
27191,2019-06,W6Y71B,대정읍,,
27192,2019-07,W6Y71B,대정읍,,
27193,2019-08,W6Y71B,대정읍,,
27194,2019-09,W6Y71B,대정읍,,
27195,2019-10,W6Y71B,대정읍,,
27196,2019-11,W6Y71B,대정읍,,
27197,2019-12,W6Y71B,대정읍,,
27198,2020-01,W6Y71B,대정읍,,
27199,2020-02,W6Y71B,대정읍,,
27200,2020-03,W6Y71B,대정읍,,
27201,2020-04,W6Y71B,대정읍,,
27202,2020-05,W6Y71B,대정읍,,
27203,2020-06,W6Y71B,대정읍,,
27204,2020-07,W6Y71B,대정읍,,
27205,2020-08,W6Y71B,대정읍,,
27206,2020-09,W6Y71B,대정읍,3600.0,3.0
27207,2020-10,W6Y71B,대정읍,171850.0,93.0
27208,2020-11,W6Y71B,대정읍,244300.0,113.0
27209,2020-12,W6Y71B,대정읍,292550.0,105.0
27210,2021-01,W6Y71B,대정읍,434000.0,118.0
27211,2021-02,W6Y71B,대정읍,448500.0,125.0
27212,2021-03,W6Y71B,대정읍,650250.0,179.0
27213,2021-04,W6Y71B,대정읍,,
27214,2021-05,W6Y71B,대정읍,732750.0,195.0
27215,2021-06,W6Y71B,대정읍,704800.0,180.0
27216,2018-01,W6Y71C,대정읍,,
27217,2018-02,W6Y71C,대정읍,,
27218,2018-03,W6Y71C,대정읍,,
27219,2018-04,W6Y71C,대정읍,,
27220,2018-05,W6Y71C,대정읍,,
27221,2018-06,W6Y71C,대정읍,,
27222,2018-07,W6Y71C,대정읍,,
27223,2018-08,W6Y71C,대정읍,,
27224,2018-09,W6Y71C,대정읍,,
27225,2018-10,W6Y71C,대정읍,,
27226,2018-11,W6Y71C,대정읍,,
27227,2018-12,W6Y71C,대정읍,,
27228,2019-01,W6Y71C,대정읍,,
27229,2019-02,W6Y71C,대정읍,,
27230,2019-03,W6Y71C,대정읍,,
27231,2019-04,W6Y71C,대정읍,,
27232,2019-05,W6Y71C,대정읍,,
27233,2019-06,W6Y71C,대정읍,,
27234,2019-07,W6Y71C,대정읍,,
27235,2019-08,W6Y71C,대정읍,,
27236,2019-09,W6Y71C,대정읍,,
27237,2019-10,W6Y71C,대정읍,,
27238,2019-11,W6Y71C,대정읍,,
27239,2019-12,W6Y71C,대정읍,,
27240,2020-01,W6Y71C,대정읍,,
27241,2020-02,W6Y71C,대정읍,,
27242,2020-03,W6Y71C,대정읍,,
27243,2020-04,W6Y71C,대정읍,,
27244,2020-05,W6Y71C,대정읍,,
27245,2020-06,W6Y71C,대정읍,,
27246,2020-07,W6Y71C,대정읍,1354799.0,185.0
27247,2020-08,W6Y71C,대정읍,2305600.0,344.0
27248,2020-09,W6Y71C,대정읍,1982350.0,294.0
27249,2020-10,W6Y71C,대정읍,2304000.0,288.0
27250,2020-11,W6Y71C,대정읍,2141300.0,238.0
27251,2020-12,W6Y71C,대정읍,2144000.0,235.0
27252,2021-01,W6Y71C,대정읍,2049550.0,222.0
27253,2021-02,W6Y71C,대정읍,1977750.0,204.0
27254,2021-03,W6Y71C,대정읍,2167650.0,221.0
27255,2021-04,W6Y71C,대정읍,,
27256,2021-05,W6Y71C,대정읍,1910750.0,257.0
27257,2021-06,W6Y71C,대정읍,2157850.0,322.0
27258,2018-01,W6Y71D,대정읍,,
27259,2018-02,W6Y71D,대정읍,,
27260,2018-03,W6Y71D,대정읍,,
27261,2018-04,W6Y71D,대정읍,,
27262,2018-05,W6Y71D,대정읍,,
27263,2018-06,W6Y71D,대정읍,,
27264,2018-07,W6Y71D,대정읍,,
27265,2018-08,W6Y71D,대정읍,,
27266,2018-09,W6Y71D,대정읍,,
27267,2018-10,W6Y71D,대정읍,,
27268,2018-11,W6Y71D,대정읍,,
27269,2018-12,W6Y71D,대정읍,,
27270,2019-01,W6Y71D,대정읍,,
27271,2019-02,W6Y71D,대정읍,,
27272,2019-03,W6Y71D,대정읍,,
27273,2019-04,W6Y71D,대정읍,,
27274,2019-05,W6Y71D,대정읍,,
27275,2019-06,W6Y71D,대정읍,,
27276,2019-07,W6Y71D,대정읍,,
27277,2019-08,W6Y71D,대정읍,,
27278,2019-09,W6Y71D,대정읍,,
27279,2019-10,W6Y71D,대정읍,,
27280,2019-11,W6Y71D,대정읍,,
27281,2019-12,W6Y71D,대정읍,,
27282,2020-01,W6Y71D,대정읍,,
27283,2020-02,W6Y71D,대정읍,,
27284,2020-03,W6Y71D,대정읍,,
27285,2020-04,W6Y71D,대정읍,,
27286,2020-05,W6Y71D,대정읍,,
27287,2020-06,W6Y71D,대정읍,,
27288,2020-07,W6Y71D,대정읍,846950.0,339.0
27289,2020-08,W6Y71D,대정읍,1591250.0,662.0
27290,2020-09,W6Y71D,대정읍,1201500.0,510.0
27291,2020-10,W6Y71D,대정읍,1069450.0,485.0
27292,2020-11,W6Y71D,대정읍,1070850.0,384.0
27293,2020-12,W6Y71D,대정읍,1111050.0,404.0
27294,2021-01,W6Y71D,대정읍,1213400.0,397.0
27295,2021-02,W6Y71D,대정읍,1038350.0,361.0
27296,2021-03,W6Y71D,대정읍,1094800.0,376.0
27297,2021-04,W6Y71D,대정읍,,
27298,2021-05,W6Y71D,대정읍,998200.0,388.0
27299,2021-06,W6Y71D,대정읍,1219600.0,490.0
27300,2018-01,W6Y71E,안덕면,,
27301,2018-02,W6Y71E,안덕면,,
27302,2018-03,W6Y71E,안덕면,,
27303,2018-04,W6Y71E,안덕면,,
27304,2018-05,W6Y71E,안덕면,,
27305,2018-06,W6Y71E,안덕면,,
27306,2018-07,W6Y71E,안덕면,,
27307,2018-08,W6Y71E,안덕면,,
27308,2018-09,W6Y71E,안덕면,,
27309,2018-10,W6Y71E,안덕면,,
27310,2018-11,W6Y71E,안덕면,,
27311,2018-12,W6Y71E,안덕면,,
27312,2019-01,W6Y71E,안덕면,,
27313,2019-02,W6Y71E,안덕면,,
27314,2019-03,W6Y71E,안덕면,,
27315,2019-04,W6Y71E,안덕면,,
27316,2019-05,W6Y71E,안덕면,,
27317,2019-06,W6Y71E,안덕면,,
27318,2019-07,W6Y71E,안덕면,,
27319,2019-08,W6Y71E,안덕면,,
27320,2019-09,W6Y71E,안덕면,,
27321,2019-10,W6Y71E,안덕면,,
27322,2019-11,W6Y71E,안덕면,,
27323,2019-12,W6Y71E,안덕면,,
27324,2020-01,W6Y71E,안덕면,,
27325,2020-02,W6Y71E,안덕면,,
27326,2020-03,W6Y71E,안덕면,,
27327,2020-04,W6Y71E,안덕면,,
27328,2020-05,W6Y71E,안덕면,,
27329,2020-06,W6Y71E,안덕면,,
27330,2020-07,W6Y71E,안덕면,8100.0,9.0
27331,2020-08,W6Y71E,안덕면,31800.0,21.0
27332,2020-09,W6Y71E,안덕면,50250.0,22.0
27333,2020-10,W6Y71E,안덕면,103900.0,31.0
27334,2020-11,W6Y71E,안덕면,78050.0,33.0
27335,2020-12,W6Y71E,안덕면,59750.0,19.0
27336,2021-01,W6Y71E,안덕면,153800.0,38.0
27337,2021-02,W6Y71E,안덕면,126400.0,32.0
27338,2021-03,W6Y71E,안덕면,176900.0,23.0
27339,2021-04,W6Y71E,안덕면,,
27340,2021-05,W6Y71E,안덕면,80400.0,44.0
27341,2021-06,W6Y71E,안덕면,146050.0,25.0
27342,2018-01,W6Y71F,안덕면,,
27343,2018-02,W6Y71F,안덕면,,
27344,2018-03,W6Y71F,안덕면,,
27345,2018-04,W6Y71F,안덕면,,
27346,2018-05,W6Y71F,안덕면,,
27347,2018-06,W6Y71F,안덕면,,
27348,2018-07,W6Y71F,안덕면,,
27349,2018-08,W6Y71F,안덕면,,
27350,2018-09,W6Y71F,안덕면,,
27351,2018-10,W6Y71F,안덕면,,
27352,2018-11,W6Y71F,안덕면,,
27353,2018-12,W6Y71F,안덕면,,
27354,2019-01,W6Y71F,안덕면,,
27355,2019-02,W6Y71F,안덕면,,
27356,2019-03,W6Y71F,안덕면,,
27357,2019-04,W6Y71F,안덕면,,
27358,2019-05,W6Y71F,안덕면,,
27359,2019-06,W6Y71F,안덕면,,
27360,2019-07,W6Y71F,안덕면,,
27361,2019-08,W6Y71F,안덕면,,
27362,2019-09,W6Y71F,안덕면,,
27363,2019-10,W6Y71F,안덕면,,
27364,2019-11,W6Y71F,안덕면,,
27365,2019-12,W6Y71F,안덕면,,
27366,2020-01,W6Y71F,안덕면,,
27367,2020-02,W6Y71F,안덕면,,
27368,2020-03,W6Y71F,안덕면,,
27369,2020-04,W6Y71F,안덕면,,
27370,2020-05,W6Y71F,안덕면,,
27371,2020-06,W6Y71F,안덕면,,
27372,2020-07,W6Y71F,안덕면,153050.0,60.0
27373,2020-08,W6Y71F,안덕면,189450.0,101.0
27374,2020-09,W6Y71F,안덕면,170050.0,82.0
27375,2020-10,W6Y71F,안덕면,170950.0,73.0
27376,2020-11,W6Y71F,안덕면,201900.0,67.0
27377,2020-12,W6Y71F,안덕면,262000.0,65.0
27378,2021-01,W6Y71F,안덕면,248050.0,63.0
27379,2021-02,W6Y71F,안덕면,151700.0,41.0
27380,2021-03,W6Y71F,안덕면,223000.0,67.0
27381,2021-04,W6Y71F,안덕면,,
27382,2021-05,W6Y71F,안덕면,199700.0,78.0
27383,2021-06,W6Y71F,안덕면,249400.0,92.0
27384,2018-01,W6Y720,안덕면,,
27385,2018-02,W6Y720,안덕면,,
27386,2018-03,W6Y720,안덕면,,
27387,2018-04,W6Y720,안덕면,,
27388,2018-05,W6Y720,안덕면,,
27389,2018-06,W6Y720,안덕면,,
27390,2018-07,W6Y720,안덕면,,
27391,2018-08,W6Y720,안덕면,,
27392,2018-09,W6Y720,안덕면,,
27393,2018-10,W6Y720,안덕면,,
27394,2018-11,W6Y720,안덕면,,
27395,2018-12,W6Y720,안덕면,,
27396,2019-01,W6Y720,안덕면,,
27397,2019-02,W6Y720,안덕면,,
27398,2019-03,W6Y720,안덕면,,
27399,2019-04,W6Y720,안덕면,,
27400,2019-05,W6Y720,안덕면,,
27401,2019-06,W6Y720,안덕면,,
27402,2019-07,W6Y720,안덕면,,
27403,2019-08,W6Y720,안덕면,,
27404,2019-09,W6Y720,안덕면,,
27405,2019-10,W6Y720,안덕면,,
27406,2019-11,W6Y720,안덕면,,
27407,2019-12,W6Y720,안덕면,,
27408,2020-01,W6Y720,안덕면,,
27409,2020-02,W6Y720,안덕면,,
27410,2020-03,W6Y720,안덕면,,
27411,2020-04,W6Y720,안덕면,,
27412,2020-05,W6Y720,안덕면,,
27413,2020-06,W6Y720,안덕면,,
27414,2020-07,W6Y720,안덕면,1727699.0,268.0
27415,2020-08,W6Y720,안덕면,3330050.0,498.0
27416,2020-09,W6Y720,안덕면,2543050.0,438.0
27417,2020-10,W6Y720,안덕면,2798400.0,477.0
27418,2020-11,W6Y720,안덕면,2264600.0,418.0
27419,2020-12,W6Y720,안덕면,2109900.0,394.0
27420,2021-01,W6Y720,안덕면,2125000.0,402.0
27421,2021-02,W6Y720,안덕면,2193200.0,370.0
27422,2021-03,W6Y720,안덕면,2216500.0,395.0
27423,2021-04,W6Y720,안덕면,,
27424,2021-05,W6Y720,안덕면,1895050.0,472.0
27425,2021-06,W6Y720,안덕면,2239950.0,497.0
27426,2018-01,W6Y721,안덕면,,
27427,2018-02,W6Y721,안덕면,,
27428,2018-03,W6Y721,안덕면,,
27429,2018-04,W6Y721,안덕면,,
27430,2018-05,W6Y721,안덕면,,
27431,2018-06,W6Y721,안덕면,,
27432,2018-07,W6Y721,안덕면,,
27433,2018-08,W6Y721,안덕면,,
27434,2018-09,W6Y721,안덕면,,
27435,2018-10,W6Y721,안덕면,,
27436,2018-11,W6Y721,안덕면,,
27437,2018-12,W6Y721,안덕면,,
27438,2019-01,W6Y721,안덕면,,
27439,2019-02,W6Y721,안덕면,,
27440,2019-03,W6Y721,안덕면,,
27441,2019-04,W6Y721,안덕면,,
27442,2019-05,W6Y721,안덕면,,
27443,2019-06,W6Y721,안덕면,,
27444,2019-07,W6Y721,안덕면,,
27445,2019-08,W6Y721,안덕면,,
27446,2019-09,W6Y721,안덕면,,
27447,2019-10,W6Y721,안덕면,,
27448,2019-11,W6Y721,안덕면,,
27449,2019-12,W6Y721,안덕면,,
27450,2020-01,W6Y721,안덕면,,
27451,2020-02,W6Y721,안덕면,,
27452,2020-03,W6Y721,안덕면,,
27453,2020-04,W6Y721,안덕면,,
27454,2020-05,W6Y721,안덕면,,
27455,2020-06,W6Y721,안덕면,,
27456,2020-07,W6Y721,안덕면,145550.0,52.0
27457,2020-08,W6Y721,안덕면,412150.0,116.0
27458,2020-09,W6Y721,안덕면,331500.0,124.0
27459,2020-10,W6Y721,안덕면,315100.0,98.0
27460,2020-11,W6Y721,안덕면,380550.0,111.0
27461,2020-12,W6Y721,안덕면,311850.0,100.0
27462,2021-01,W6Y721,안덕면,315800.0,101.0
27463,2021-02,W6Y721,안덕면,316050.0,109.0
27464,2021-03,W6Y721,안덕면,271500.0,90.0
27465,2021-04,W6Y721,안덕면,,
27466,2021-05,W6Y721,안덕면,449050.0,148.0
27467,2021-06,W6Y721,안덕면,475750.0,167.0
27468,2018-01,W6Y722,대정읍,,
27469,2018-02,W6Y722,대정읍,,
27470,2018-03,W6Y722,대정읍,,
27471,2018-04,W6Y722,대정읍,,
27472,2018-05,W6Y722,대정읍,,
27473,2018-06,W6Y722,대정읍,,
27474,2018-07,W6Y722,대정읍,,
27475,2018-08,W6Y722,대정읍,,
27476,2018-09,W6Y722,대정읍,,
27477,2018-10,W6Y722,대정읍,,
27478,2018-11,W6Y722,대정읍,,
27479,2018-12,W6Y722,대정읍,,
27480,2019-01,W6Y722,대정읍,,
27481,2019-02,W6Y722,대정읍,,
27482,2019-03,W6Y722,대정읍,,
27483,2019-04,W6Y722,대정읍,,
27484,2019-05,W6Y722,대정읍,,
27485,2019-06,W6Y722,대정읍,,
27486,2019-07,W6Y722,대정읍,,
27487,2019-08,W6Y722,대정읍,,
27488,2019-09,W6Y722,대정읍,,
27489,2019-10,W6Y722,대정읍,,
27490,2019-11,W6Y722,대정읍,,
27491,2019-12,W6Y722,대정읍,,
27492,2020-01,W6Y722,대정읍,,
27493,2020-02,W6Y722,대정읍,,
27494,2020-03,W6Y722,대정읍,,
27495,2020-04,W6Y722,대정읍,,
27496,2020-05,W6Y722,대정읍,,
27497,2020-06,W6Y722,대정읍,,
27498,2020-07,W6Y722,대정읍,454899.0,211.0
27499,2020-08,W6Y722,대정읍,1292100.0,584.0
27500,2020-09,W6Y722,대정읍,1079400.0,535.0
27501,2020-10,W6Y722,대정읍,1045750.0,511.0
27502,2020-11,W6Y722,대정읍,1144600.0,506.0
27503,2020-12,W6Y722,대정읍,1258850.0,517.0
27504,2021-01,W6Y722,대정읍,1114850.0,466.0
27505,2021-02,W6Y722,대정읍,1006800.0,446.0
27506,2021-03,W6Y722,대정읍,1146600.0,496.0
27507,2021-04,W6Y722,대정읍,,
27508,2021-05,W6Y722,대정읍,1552750.0,706.0
27509,2021-06,W6Y722,대정읍,1544450.0,732.0
27510,2018-01,W6Y723,남원읍,,
27511,2018-02,W6Y723,남원읍,,
27512,2018-03,W6Y723,남원읍,,
27513,2018-04,W6Y723,남원읍,,
27514,2018-05,W6Y723,남원읍,,
27515,2018-06,W6Y723,남원읍,,
27516,2018-07,W6Y723,남원읍,,
27517,2018-08,W6Y723,남원읍,,
27518,2018-09,W6Y723,남원읍,,
27519,2018-10,W6Y723,남원읍,,
27520,2018-11,W6Y723,남원읍,,
27521,2018-12,W6Y723,남원읍,,
27522,2019-01,W6Y723,남원읍,,
27523,2019-02,W6Y723,남원읍,,
27524,2019-03,W6Y723,남원읍,,
27525,2019-04,W6Y723,남원읍,,
27526,2019-05,W6Y723,남원읍,,
27527,2019-06,W6Y723,남원읍,,
27528,2019-07,W6Y723,남원읍,,
27529,2019-08,W6Y723,남원읍,,
27530,2019-09,W6Y723,남원읍,,
27531,2019-10,W6Y723,남원읍,,
27532,2019-11,W6Y723,남원읍,,
27533,2019-12,W6Y723,남원읍,,
27534,2020-01,W6Y723,남원읍,,
27535,2020-02,W6Y723,남원읍,,
27536,2020-03,W6Y723,남원읍,,
27537,2020-04,W6Y723,남원읍,,
27538,2020-05,W6Y723,남원읍,,
27539,2020-06,W6Y723,남원읍,,
27540,2020-07,W6Y723,남원읍,,
27541,2020-08,W6Y723,남원읍,,
27542,2020-09,W6Y723,남원읍,,
27543,2020-10,W6Y723,남원읍,,
27544,2020-11,W6Y723,남원읍,,
27545,2020-12,W6Y723,남원읍,,
27546,2021-01,W6Y723,남원읍,,
27547,2021-02,W6Y723,남원읍,,
27548,2021-03,W6Y723,남원읍,,
27549,2021-04,W6Y723,남원읍,,
27550,2021-05,W6Y723,남원읍,,
27551,2021-06,W6Y723,남원읍,,
27552,2018-01,W6Y724,남원읍,,
27553,2018-02,W6Y724,남원읍,,
27554,2018-03,W6Y724,남원읍,,
27555,2018-04,W6Y724,남원읍,,
27556,2018-05,W6Y724,남원읍,,
27557,2018-06,W6Y724,남원읍,,
27558,2018-07,W6Y724,남원읍,,
27559,2018-08,W6Y724,남원읍,,
27560,2018-09,W6Y724,남원읍,,
27561,2018-10,W6Y724,남원읍,,
27562,2018-11,W6Y724,남원읍,,
27563,2018-12,W6Y724,남원읍,,
27564,2019-01,W6Y724,남원읍,,
27565,2019-02,W6Y724,남원읍,,
27566,2019-03,W6Y724,남원읍,,
27567,2019-04,W6Y724,남원읍,,
27568,2019-05,W6Y724,남원읍,,
27569,2019-06,W6Y724,남원읍,,
27570,2019-07,W6Y724,남원읍,,
27571,2019-08,W6Y724,남원읍,,
27572,2019-09,W6Y724,남원읍,,
27573,2019-10,W6Y724,남원읍,,
27574,2019-11,W6Y724,남원읍,,
27575,2019-12,W6Y724,남원읍,,
27576,2020-01,W6Y724,남원읍,,
27577,2020-02,W6Y724,남원읍,,
27578,2020-03,W6Y724,남원읍,,
27579,2020-04,W6Y724,남원읍,,
27580,2020-05,W6Y724,남원읍,,
27581,2020-06,W6Y724,남원읍,,
27582,2020-07,W6Y724,남원읍,,
27583,2020-08,W6Y724,남원읍,,
27584,2020-09,W6Y724,남원읍,,
27585,2020-10,W6Y724,남원읍,,
27586,2020-11,W6Y724,남원읍,,
27587,2020-12,W6Y724,남원읍,,
27588,2021-01,W6Y724,남원읍,,
27589,2021-02,W6Y724,남원읍,,
27590,2021-03,W6Y724,남원읍,,
27591,2021-04,W6Y724,남원읍,,
27592,2021-05,W6Y724,남원읍,,
27593,2021-06,W6Y724,남원읍,,
27594,2018-01,W6Y725,안덕면,,
27595,2018-02,W6Y725,안덕면,,
27596,2018-03,W6Y725,안덕면,,
27597,2018-04,W6Y725,안덕면,,
27598,2018-05,W6Y725,안덕면,,
27599,2018-06,W6Y725,안덕면,,
27600,2018-07,W6Y725,안덕면,,
27601,2018-08,W6Y725,안덕면,,
27602,2018-09,W6Y725,안덕면,,
27603,2018-10,W6Y725,안덕면,,
27604,2018-11,W6Y725,안덕면,,
27605,2018-12,W6Y725,안덕면,,
27606,2019-01,W6Y725,안덕면,,
27607,2019-02,W6Y725,안덕면,,
27608,2019-03,W6Y725,안덕면,,
27609,2019-04,W6Y725,안덕면,,
27610,2019-05,W6Y725,안덕면,,
27611,2019-06,W6Y725,안덕면,,
27612,2019-07,W6Y725,안덕면,,
27613,2019-08,W6Y725,안덕면,,
27614,2019-09,W6Y725,안덕면,,
27615,2019-10,W6Y725,안덕면,,
27616,2019-11,W6Y725,안덕면,,
27617,2019-12,W6Y725,안덕면,,
27618,2020-01,W6Y725,안덕면,,
27619,2020-02,W6Y725,안덕면,,
27620,2020-03,W6Y725,안덕면,,
27621,2020-04,W6Y725,안덕면,,
27622,2020-05,W6Y725,안덕면,,
27623,2020-06,W6Y725,안덕면,,
27624,2020-07,W6Y725,안덕면,,
27625,2020-08,W6Y725,안덕면,,
27626,2020-09,W6Y725,안덕면,,
27627,2020-10,W6Y725,안덕면,,
27628,2020-11,W6Y725,안덕면,,
27629,2020-12,W6Y725,안덕면,,
27630,2021-01,W6Y725,안덕면,,
27631,2021-02,W6Y725,안덕면,,
27632,2021-03,W6Y725,안덕면,,
27633,2021-04,W6Y725,안덕면,,
27634,2021-05,W6Y725,안덕면,,
27635,2021-06,W6Y725,안덕면,630650.0,202.0
27636,2018-01,W6Y726,성산읍,,
27637,2018-02,W6Y726,성산읍,,
27638,2018-03,W6Y726,성산읍,,
27639,2018-04,W6Y726,성산읍,,
27640,2018-05,W6Y726,성산읍,,
27641,2018-06,W6Y726,성산읍,,
27642,2018-07,W6Y726,성산읍,,
27643,2018-08,W6Y726,성산읍,,
27644,2018-09,W6Y726,성산읍,,
27645,2018-10,W6Y726,성산읍,,
27646,2018-11,W6Y726,성산읍,,
27647,2018-12,W6Y726,성산읍,,
27648,2019-01,W6Y726,성산읍,,
27649,2019-02,W6Y726,성산읍,,
27650,2019-03,W6Y726,성산읍,,
27651,2019-04,W6Y726,성산읍,,
27652,2019-05,W6Y726,성산읍,,
27653,2019-06,W6Y726,성산읍,,
27654,2019-07,W6Y726,성산읍,,
27655,2019-08,W6Y726,성산읍,,
27656,2019-09,W6Y726,성산읍,,
27657,2019-10,W6Y726,성산읍,,
27658,2019-11,W6Y726,성산읍,,
27659,2019-12,W6Y726,성산읍,,
27660,2020-01,W6Y726,성산읍,,
27661,2020-02,W6Y726,성산읍,,
27662,2020-03,W6Y726,성산읍,,
27663,2020-04,W6Y726,성산읍,,
27664,2020-05,W6Y726,성산읍,,
27665,2020-06,W6Y726,성산읍,,
27666,2020-07,W6Y726,성산읍,,
27667,2020-08,W6Y726,성산읍,,
27668,2020-09,W6Y726,성산읍,,
27669,2020-10,W6Y726,성산읍,,
27670,2020-11,W6Y726,성산읍,,
27671,2020-12,W6Y726,성산읍,,
27672,2021-01,W6Y726,성산읍,,
27673,2021-02,W6Y726,성산읍,,
27674,2021-03,W6Y726,성산읍,,
27675,2021-04,W6Y726,성산읍,,
27676,2021-05,W6Y726,성산읍,,
27677,2021-06,W6Y726,성산읍,764650.0,181.0
27678,2018-01,W6Y727,성산읍,,
27679,2018-02,W6Y727,성산읍,,
27680,2018-03,W6Y727,성산읍,,
27681,2018-04,W6Y727,성산읍,,
27682,2018-05,W6Y727,성산읍,,
27683,2018-06,W6Y727,성산읍,,
27684,2018-07,W6Y727,성산읍,,
27685,2018-08,W6Y727,성산읍,,
27686,2018-09,W6Y727,성산읍,,
27687,2018-10,W6Y727,성산읍,,
27688,2018-11,W6Y727,성산읍,,
27689,2018-12,W6Y727,성산읍,,
27690,2019-01,W6Y727,성산읍,,
27691,2019-02,W6Y727,성산읍,,
27692,2019-03,W6Y727,성산읍,,
27693,2019-04,W6Y727,성산읍,,
27694,2019-05,W6Y727,성산읍,,
27695,2019-06,W6Y727,성산읍,,
27696,2019-07,W6Y727,성산읍,,
27697,2019-08,W6Y727,성산읍,,
27698,2019-09,W6Y727,성산읍,,
27699,2019-10,W6Y727,성산읍,,
27700,2019-11,W6Y727,성산읍,,
27701,2019-12,W6Y727,성산읍,,
27702,2020-01,W6Y727,성산읍,,
27703,2020-02,W6Y727,성산읍,,
27704,2020-03,W6Y727,성산읍,,
27705,2020-04,W6Y727,성산읍,,
27706,2020-05,W6Y727,성산읍,,
27707,2020-06,W6Y727,성산읍,,
27708,2020-07,W6Y727,성산읍,,
27709,2020-08,W6Y727,성산읍,,
27710,2020-09,W6Y727,성산읍,,
27711,2020-10,W6Y727,성산읍,,
27712,2020-11,W6Y727,성산읍,,
27713,2020-12,W6Y727,성산읍,,
27714,2021-01,W6Y727,성산읍,,
27715,2021-02,W6Y727,성산읍,,
27716,2021-03,W6Y727,성산읍,,
27717,2021-04,W6Y727,성산읍,,
27718,2021-05,W6Y727,성산읍,,
27719,2021-06,W6Y727,성산읍,130850.0,30.0
27720,2018-01,W6Y728,성산읍,,
27721,2018-02,W6Y728,성산읍,,
27722,2018-03,W6Y728,성산읍,,
27723,2018-04,W6Y728,성산읍,,
27724,2018-05,W6Y728,성산읍,,
27725,2018-06,W6Y728,성산읍,,
27726,2018-07,W6Y728,성산읍,,
27727,2018-08,W6Y728,성산읍,,
27728,2018-09,W6Y728,성산읍,,
27729,2018-10,W6Y728,성산읍,,
27730,2018-11,W6Y728,성산읍,,
27731,2018-12,W6Y728,성산읍,,
27732,2019-01,W6Y728,성산읍,,
27733,2019-02,W6Y728,성산읍,,
27734,2019-03,W6Y728,성산읍,,
27735,2019-04,W6Y728,성산읍,,
27736,2019-05,W6Y728,성산읍,,
27737,2019-06,W6Y728,성산읍,,
27738,2019-07,W6Y728,성산읍,,
27739,2019-08,W6Y728,성산읍,,
27740,2019-09,W6Y728,성산읍,,
27741,2019-10,W6Y728,성산읍,,
27742,2019-11,W6Y728,성산읍,,
27743,2019-12,W6Y728,성산읍,,
27744,2020-01,W6Y728,성산읍,,
27745,2020-02,W6Y728,성산읍,,
27746,2020-03,W6Y728,성산읍,,
27747,2020-04,W6Y728,성산읍,,
27748,2020-05,W6Y728,성산읍,,
27749,2020-06,W6Y728,성산읍,,
27750,2020-07,W6Y728,성산읍,,
27751,2020-08,W6Y728,성산읍,,
27752,2020-09,W6Y728,성산읍,,
27753,2020-10,W6Y728,성산읍,,
27754,2020-11,W6Y728,성산읍,,
27755,2020-12,W6Y728,성산읍,,
27756,2021-01,W6Y728,성산읍,,
27757,2021-02,W6Y728,성산읍,,
27758,2021-03,W6Y728,성산읍,,
27759,2021-04,W6Y728,성산읍,,
27760,2021-05,W6Y728,성산읍,,
27761,2021-06,W6Y728,성산읍,527250.0,183.0
27762,2018-01,W6Y729,성산읍,,
27763,2018-02,W6Y729,성산읍,,
27764,2018-03,W6Y729,성산읍,,
27765,2018-04,W6Y729,성산읍,,
27766,2018-05,W6Y729,성산읍,,
27767,2018-06,W6Y729,성산읍,,
27768,2018-07,W6Y729,성산읍,,
27769,2018-08,W6Y729,성산읍,,
27770,2018-09,W6Y729,성산읍,,
27771,2018-10,W6Y729,성산읍,,
27772,2018-11,W6Y729,성산읍,,
27773,2018-12,W6Y729,성산읍,,
27774,2019-01,W6Y729,성산읍,,
27775,2019-02,W6Y729,성산읍,,
27776,2019-03,W6Y729,성산읍,,
27777,2019-04,W6Y729,성산읍,,
27778,2019-05,W6Y729,성산읍,,
27779,2019-06,W6Y729,성산읍,,
27780,2019-07,W6Y729,성산읍,,
27781,2019-08,W6Y729,성산읍,,
27782,2019-09,W6Y729,성산읍,,
27783,2019-10,W6Y729,성산읍,,
27784,2019-11,W6Y729,성산읍,,
27785,2019-12,W6Y729,성산읍,,
27786,2020-01,W6Y729,성산읍,,
27787,2020-02,W6Y729,성산읍,,
27788,2020-03,W6Y729,성산읍,,
27789,2020-04,W6Y729,성산읍,,
27790,2020-05,W6Y729,성산읍,,
27791,2020-06,W6Y729,성산읍,,
27792,2020-07,W6Y729,성산읍,,
27793,2020-08,W6Y729,성산읍,,
27794,2020-09,W6Y729,성산읍,,
27795,2020-10,W6Y729,성산읍,,
27796,2020-11,W6Y729,성산읍,,
27797,2020-12,W6Y729,성산읍,,
27798,2021-01,W6Y729,성산읍,,
27799,2021-02,W6Y729,성산읍,,
27800,2021-03,W6Y729,성산읍,,
27801,2021-04,W6Y729,성산읍,,
27802,2021-05,W6Y729,성산읍,,
27803,2021-06,W6Y729,성산읍,571500.0,123.0
27804,2018-01,W6Y72A,대정읍,,
27805,2018-02,W6Y72A,대정읍,,
27806,2018-03,W6Y72A,대정읍,,
27807,2018-04,W6Y72A,대정읍,,
27808,2018-05,W6Y72A,대정읍,,
27809,2018-06,W6Y72A,대정읍,,
27810,2018-07,W6Y72A,대정읍,,
27811,2018-08,W6Y72A,대정읍,,
27812,2018-09,W6Y72A,대정읍,,
27813,2018-10,W6Y72A,대정읍,,
27814,2018-11,W6Y72A,대정읍,,
27815,2018-12,W6Y72A,대정읍,,
27816,2019-01,W6Y72A,대정읍,,
27817,2019-02,W6Y72A,대정읍,,
27818,2019-03,W6Y72A,대정읍,,
27819,2019-04,W6Y72A,대정읍,,
27820,2019-05,W6Y72A,대정읍,,
27821,2019-06,W6Y72A,대정읍,,
27822,2019-07,W6Y72A,대정읍,,
27823,2019-08,W6Y72A,대정읍,,
27824,2019-09,W6Y72A,대정읍,,
27825,2019-10,W6Y72A,대정읍,,
27826,2019-11,W6Y72A,대정읍,,
27827,2019-12,W6Y72A,대정읍,,
27828,2020-01,W6Y72A,대정읍,,
27829,2020-02,W6Y72A,대정읍,,
27830,2020-03,W6Y72A,대정읍,,
27831,2020-04,W6Y72A,대정읍,,
27832,2020-05,W6Y72A,대정읍,,
27833,2020-06,W6Y72A,대정읍,,
27834,2020-07,W6Y72A,대정읍,,
27835,2020-08,W6Y72A,대정읍,,
27836,2020-09,W6Y72A,대정읍,,
27837,2020-10,W6Y72A,대정읍,,
27838,2020-11,W6Y72A,대정읍,134550.0,32.0
27839,2020-12,W6Y72A,대정읍,410800.0,102.0
27840,2021-01,W6Y72A,대정읍,313800.0,77.0
27841,2021-02,W6Y72A,대정읍,516350.0,95.0
27842,2021-03,W6Y72A,대정읍,454700.0,95.0
27843,2021-04,W6Y72A,대정읍,,
27844,2021-05,W6Y72A,대정읍,607450.0,158.0
27845,2021-06,W6Y72A,대정읍,658000.0,171.0
27846,2018-01,W6Y72B,안덕면,,
27847,2018-02,W6Y72B,안덕면,,
27848,2018-03,W6Y72B,안덕면,,
27849,2018-04,W6Y72B,안덕면,,
27850,2018-05,W6Y72B,안덕면,,
27851,2018-06,W6Y72B,안덕면,,
27852,2018-07,W6Y72B,안덕면,,
27853,2018-08,W6Y72B,안덕면,,
27854,2018-09,W6Y72B,안덕면,,
27855,2018-10,W6Y72B,안덕면,,
27856,2018-11,W6Y72B,안덕면,,
27857,2018-12,W6Y72B,안덕면,,
27858,2019-01,W6Y72B,안덕면,,
27859,2019-02,W6Y72B,안덕면,,
27860,2019-03,W6Y72B,안덕면,,
27861,2019-04,W6Y72B,안덕면,,
27862,2019-05,W6Y72B,안덕면,,
27863,2019-06,W6Y72B,안덕면,,
27864,2019-07,W6Y72B,안덕면,,
27865,2019-08,W6Y72B,안덕면,,
27866,2019-09,W6Y72B,안덕면,,
27867,2019-10,W6Y72B,안덕면,,
27868,2019-11,W6Y72B,안덕면,,
27869,2019-12,W6Y72B,안덕면,,
27870,2020-01,W6Y72B,안덕면,,
27871,2020-02,W6Y72B,안덕면,,
27872,2020-03,W6Y72B,안덕면,,
27873,2020-04,W6Y72B,안덕면,,
27874,2020-05,W6Y72B,안덕면,,
27875,2020-06,W6Y72B,안덕면,,
27876,2020-07,W6Y72B,안덕면,,
27877,2020-08,W6Y72B,안덕면,,
27878,2020-09,W6Y72B,안덕면,,
27879,2020-10,W6Y72B,안덕면,,
27880,2020-11,W6Y72B,안덕면,72400.0,30.0
27881,2020-12,W6Y72B,안덕면,350050.0,160.0
27882,2021-01,W6Y72B,안덕면,319150.0,129.0
27883,2021-02,W6Y72B,안덕면,472100.0,157.0
27884,2021-03,W6Y72B,안덕면,553950.0,167.0
27885,2021-04,W6Y72B,안덕면,,
27886,2021-05,W6Y72B,안덕면,634300.0,236.0
27887,2021-06,W6Y72B,안덕면,688350.0,250.0
27888,2018-01,W6Y72C,안덕면,,
27889,2018-02,W6Y72C,안덕면,,
27890,2018-03,W6Y72C,안덕면,,
27891,2018-04,W6Y72C,안덕면,,
27892,2018-05,W6Y72C,안덕면,,
27893,2018-06,W6Y72C,안덕면,,
27894,2018-07,W6Y72C,안덕면,,
27895,2018-08,W6Y72C,안덕면,,
27896,2018-09,W6Y72C,안덕면,,
27897,2018-10,W6Y72C,안덕면,,
27898,2018-11,W6Y72C,안덕면,,
27899,2018-12,W6Y72C,안덕면,,
27900,2019-01,W6Y72C,안덕면,,
27901,2019-02,W6Y72C,안덕면,,
27902,2019-03,W6Y72C,안덕면,,
27903,2019-04,W6Y72C,안덕면,,
27904,2019-05,W6Y72C,안덕면,,
27905,2019-06,W6Y72C,안덕면,,
27906,2019-07,W6Y72C,안덕면,,
27907,2019-08,W6Y72C,안덕면,,
27908,2019-09,W6Y72C,안덕면,,
27909,2019-10,W6Y72C,안덕면,,
27910,2019-11,W6Y72C,안덕면,,
27911,2019-12,W6Y72C,안덕면,,
27912,2020-01,W6Y72C,안덕면,,
27913,2020-02,W6Y72C,안덕면,,
27914,2020-03,W6Y72C,안덕면,,
27915,2020-04,W6Y72C,안덕면,,
27916,2020-05,W6Y72C,안덕면,,
27917,2020-06,W6Y72C,안덕면,,
27918,2020-07,W6Y72C,안덕면,,
27919,2020-08,W6Y72C,안덕면,,
27920,2020-09,W6Y72C,안덕면,,
27921,2020-10,W6Y72C,안덕면,,
27922,2020-11,W6Y72C,안덕면,388200.0,153.0
27923,2020-12,W6Y72C,안덕면,1058950.0,429.0
27924,2021-01,W6Y72C,안덕면,1232900.0,450.0
27925,2021-02,W6Y72C,안덕면,1303400.0,400.0
27926,2021-03,W6Y72C,안덕면,1296150.0,470.0
27927,2021-04,W6Y72C,안덕면,,
27928,2021-05,W6Y72C,안덕면,1510150.0,604.0
27929,2021-06,W6Y72C,안덕면,1633950.0,649.0
27930,2018-01,W6Y72E,대정읍,,
27931,2018-02,W6Y72E,대정읍,,
27932,2018-03,W6Y72E,대정읍,,
27933,2018-04,W6Y72E,대정읍,,
27934,2018-05,W6Y72E,대정읍,,
27935,2018-06,W6Y72E,대정읍,,
27936,2018-07,W6Y72E,대정읍,,
27937,2018-08,W6Y72E,대정읍,,
27938,2018-09,W6Y72E,대정읍,,
27939,2018-10,W6Y72E,대정읍,,
27940,2018-11,W6Y72E,대정읍,,
27941,2018-12,W6Y72E,대정읍,,
27942,2019-01,W6Y72E,대정읍,,
27943,2019-02,W6Y72E,대정읍,,
27944,2019-03,W6Y72E,대정읍,,
27945,2019-04,W6Y72E,대정읍,,
27946,2019-05,W6Y72E,대정읍,,
27947,2019-06,W6Y72E,대정읍,,
27948,2019-07,W6Y72E,대정읍,,
27949,2019-08,W6Y72E,대정읍,,
27950,2019-09,W6Y72E,대정읍,,
27951,2019-10,W6Y72E,대정읍,,
27952,2019-11,W6Y72E,대정읍,,
27953,2019-12,W6Y72E,대정읍,,
27954,2020-01,W6Y72E,대정읍,,
27955,2020-02,W6Y72E,대정읍,,
27956,2020-03,W6Y72E,대정읍,,
27957,2020-04,W6Y72E,대정읍,,
27958,2020-05,W6Y72E,대정읍,,
27959,2020-06,W6Y72E,대정읍,,
27960,2020-07,W6Y72E,대정읍,,
27961,2020-08,W6Y72E,대정읍,,
27962,2020-09,W6Y72E,대정읍,,
27963,2020-10,W6Y72E,대정읍,,
27964,2020-11,W6Y72E,대정읍,,
27965,2020-12,W6Y72E,대정읍,,
27966,2021-01,W6Y72E,대정읍,,
27967,2021-02,W6Y72E,대정읍,766000.0,273.0
27968,2021-03,W6Y72E,대정읍,2108300.0,825.0
27969,2021-04,W6Y72E,대정읍,,
27970,2021-05,W6Y72E,대정읍,1803000.0,863.0
27971,2021-06,W6Y72E,대정읍,2307900.0,1036.0
27972,2018-01,W6Y730,대정읍,,
27973,2018-02,W6Y730,대정읍,,
27974,2018-03,W6Y730,대정읍,,
27975,2018-04,W6Y730,대정읍,,
27976,2018-05,W6Y730,대정읍,,
27977,2018-06,W6Y730,대정읍,,
27978,2018-07,W6Y730,대정읍,,
27979,2018-08,W6Y730,대정읍,,
27980,2018-09,W6Y730,대정읍,,
27981,2018-10,W6Y730,대정읍,,
27982,2018-11,W6Y730,대정읍,,
27983,2018-12,W6Y730,대정읍,,
27984,2019-01,W6Y730,대정읍,,
27985,2019-02,W6Y730,대정읍,,
27986,2019-03,W6Y730,대정읍,,
27987,2019-04,W6Y730,대정읍,,
27988,2019-05,W6Y730,대정읍,,
27989,2019-06,W6Y730,대정읍,,
27990,2019-07,W6Y730,대정읍,,
27991,2019-08,W6Y730,대정읍,,
27992,2019-09,W6Y730,대정읍,,
27993,2019-10,W6Y730,대정읍,,
27994,2019-11,W6Y730,대정읍,,
27995,2019-12,W6Y730,대정읍,,
27996,2020-01,W6Y730,대정읍,,
27997,2020-02,W6Y730,대정읍,,
27998,2020-03,W6Y730,대정읍,,
27999,2020-04,W6Y730,대정읍,,
28000,2020-05,W6Y730,대정읍,,
28001,2020-06,W6Y730,대정읍,,
28002,2020-07,W6Y730,대정읍,,
28003,2020-08,W6Y730,대정읍,,
28004,2020-09,W6Y730,대정읍,,
28005,2020-10,W6Y730,대정읍,,
28006,2020-11,W6Y730,대정읍,,
28007,2020-12,W6Y730,대정읍,,
28008,2021-01,W6Y730,대정읍,,
28009,2021-02,W6Y730,대정읍,,
28010,2021-03,W6Y730,대정읍,148500.0,79.0
28011,2021-04,W6Y730,대정읍,,
28012,2021-05,W6Y730,대정읍,343300.0,224.0
28013,2021-06,W6Y730,대정읍,364250.0,247.0
28014,2018-01,W6Y733,중문동,,
28015,2018-02,W6Y733,중문동,,
28016,2018-03,W6Y733,중문동,,
28017,2018-04,W6Y733,중문동,,
28018,2018-05,W6Y733,중문동,,
28019,2018-06,W6Y733,중문동,,
28020,2018-07,W6Y733,중문동,,
28021,2018-08,W6Y733,중문동,,
28022,2018-09,W6Y733,중문동,,
28023,2018-10,W6Y733,중문동,,
28024,2018-11,W6Y733,중문동,,
28025,2018-12,W6Y733,중문동,,
28026,2019-01,W6Y733,중문동,,
28027,2019-02,W6Y733,중문동,,
28028,2019-03,W6Y733,중문동,,
28029,2019-04,W6Y733,중문동,,
28030,2019-05,W6Y733,중문동,,
28031,2019-06,W6Y733,중문동,,
28032,2019-07,W6Y733,중문동,,
28033,2019-08,W6Y733,중문동,,
28034,2019-09,W6Y733,중문동,,
28035,2019-10,W6Y733,중문동,,
28036,2019-11,W6Y733,중문동,,
28037,2019-12,W6Y733,중문동,,
28038,2020-01,W6Y733,중문동,,
28039,2020-02,W6Y733,중문동,,
28040,2020-03,W6Y733,중문동,,
28041,2020-04,W6Y733,중문동,,
28042,2020-05,W6Y733,중문동,,
28043,2020-06,W6Y733,중문동,,
28044,2020-07,W6Y733,중문동,,
28045,2020-08,W6Y733,중문동,,
28046,2020-09,W6Y733,중문동,,
28047,2020-10,W6Y733,중문동,,
28048,2020-11,W6Y733,중문동,,
28049,2020-12,W6Y733,중문동,,
28050,2021-01,W6Y733,중문동,,
28051,2021-02,W6Y733,중문동,,
28052,2021-03,W6Y733,중문동,,
28053,2021-04,W6Y733,중문동,,
28054,2021-05,W6Y733,중문동,,
28055,2021-06,W6Y733,중문동,48400.0,39.0
28056,2018-01,W6Y734,표선면,,
28057,2018-02,W6Y734,표선면,,
28058,2018-03,W6Y734,표선면,,
28059,2018-04,W6Y734,표선면,,
28060,2018-05,W6Y734,표선면,,
28061,2018-06,W6Y734,표선면,,
28062,2018-07,W6Y734,표선면,,
28063,2018-08,W6Y734,표선면,,
28064,2018-09,W6Y734,표선면,,
28065,2018-10,W6Y734,표선면,,
28066,2018-11,W6Y734,표선면,,
28067,2018-12,W6Y734,표선면,,
28068,2019-01,W6Y734,표선면,,
28069,2019-02,W6Y734,표선면,,
28070,2019-03,W6Y734,표선면,,
28071,2019-04,W6Y734,표선면,,
28072,2019-05,W6Y734,표선면,,
28073,2019-06,W6Y734,표선면,,
28074,2019-07,W6Y734,표선면,,
28075,2019-08,W6Y734,표선면,,
28076,2019-09,W6Y734,표선면,,
28077,2019-10,W6Y734,표선면,,
28078,2019-11,W6Y734,표선면,,
28079,2019-12,W6Y734,표선면,,
28080,2020-01,W6Y734,표선면,,
28081,2020-02,W6Y734,표선면,,
28082,2020-03,W6Y734,표선면,,
28083,2020-04,W6Y734,표선면,,
28084,2020-05,W6Y734,표선면,,
28085,2020-06,W6Y734,표선면,,
28086,2020-07,W6Y734,표선면,,
28087,2020-08,W6Y734,표선면,,
28088,2020-09,W6Y734,표선면,,
28089,2020-10,W6Y734,표선면,,
28090,2020-11,W6Y734,표선면,,
28091,2020-12,W6Y734,표선면,,
28092,2021-01,W6Y734,표선면,,
28093,2021-02,W6Y734,표선면,,
28094,2021-03,W6Y734,표선면,,
28095,2021-04,W6Y734,표선면,,
28096,2021-05,W6Y734,표선면,523750.0,156.0
28097,2021-06,W6Y734,표선면,1370950.0,435.0
28098,2018-01,W6Y735,송산동,,
28099,2018-02,W6Y735,송산동,,
28100,2018-03,W6Y735,송산동,,
28101,2018-04,W6Y735,송산동,,
28102,2018-05,W6Y735,송산동,,
28103,2018-06,W6Y735,송산동,,
28104,2018-07,W6Y735,송산동,,
28105,2018-08,W6Y735,송산동,,
28106,2018-09,W6Y735,송산동,,
28107,2018-10,W6Y735,송산동,,
28108,2018-11,W6Y735,송산동,,
28109,2018-12,W6Y735,송산동,,
28110,2019-01,W6Y735,송산동,,
28111,2019-02,W6Y735,송산동,,
28112,2019-03,W6Y735,송산동,,
28113,2019-04,W6Y735,송산동,,
28114,2019-05,W6Y735,송산동,,
28115,2019-06,W6Y735,송산동,,
28116,2019-07,W6Y735,송산동,,
28117,2019-08,W6Y735,송산동,,
28118,2019-09,W6Y735,송산동,,
28119,2019-10,W6Y735,송산동,,
28120,2019-11,W6Y735,송산동,,
28121,2019-12,W6Y735,송산동,,
28122,2020-01,W6Y735,송산동,,
28123,2020-02,W6Y735,송산동,,
28124,2020-03,W6Y735,송산동,,
28125,2020-04,W6Y735,송산동,,
28126,2020-05,W6Y735,송산동,,
28127,2020-06,W6Y735,송산동,,
28128,2020-07,W6Y735,송산동,,
28129,2020-08,W6Y735,송산동,,
28130,2020-09,W6Y735,송산동,,
28131,2020-10,W6Y735,송산동,,
28132,2020-11,W6Y735,송산동,,
28133,2020-12,W6Y735,송산동,,
28134,2021-01,W6Y735,송산동,,
28135,2021-02,W6Y735,송산동,,
28136,2021-03,W6Y735,송산동,,
28137,2021-04,W6Y735,송산동,,
28138,2021-05,W6Y735,송산동,,
28139,2021-06,W6Y735,송산동,,
28140,2018-01,W6Y736,성산읍,,
28141,2018-02,W6Y736,성산읍,,
28142,2018-03,W6Y736,성산읍,,
28143,2018-04,W6Y736,성산읍,,
28144,2018-05,W6Y736,성산읍,,
28145,2018-06,W6Y736,성산읍,,
28146,2018-07,W6Y736,성산읍,,
28147,2018-08,W6Y736,성산읍,,
28148,2018-09,W6Y736,성산읍,,
28149,2018-10,W6Y736,성산읍,,
28150,2018-11,W6Y736,성산읍,,
28151,2018-12,W6Y736,성산읍,,
28152,2019-01,W6Y736,성산읍,,
28153,2019-02,W6Y736,성산읍,,
28154,2019-03,W6Y736,성산읍,,
28155,2019-04,W6Y736,성산읍,,
28156,2019-05,W6Y736,성산읍,,
28157,2019-06,W6Y736,성산읍,,
28158,2019-07,W6Y736,성산읍,,
28159,2019-08,W6Y736,성산읍,,
28160,2019-09,W6Y736,성산읍,,
28161,2019-10,W6Y736,성산읍,,
28162,2019-11,W6Y736,성산읍,,
28163,2019-12,W6Y736,성산읍,,
28164,2020-01,W6Y736,성산읍,,
28165,2020-02,W6Y736,성산읍,,
28166,2020-03,W6Y736,성산읍,,
28167,2020-04,W6Y736,성산읍,,
28168,2020-05,W6Y736,성산읍,,
28169,2020-06,W6Y736,성산읍,,
28170,2020-07,W6Y736,성산읍,,
28171,2020-08,W6Y736,성산읍,,
28172,2020-09,W6Y736,성산읍,,
28173,2020-10,W6Y736,성산읍,,
28174,2020-11,W6Y736,성산읍,,
28175,2020-12,W6Y736,성산읍,,
28176,2021-01,W6Y736,성산읍,,
28177,2021-02,W6Y736,성산읍,,
28178,2021-03,W6Y736,성산읍,,
28179,2021-04,W6Y736,성산읍,,
28180,2021-05,W6Y736,성산읍,,
28181,2021-06,W6Y736,성산읍,539800.0,117.0
28182,2018-01,W6Y737,성산읍,,
28183,2018-02,W6Y737,성산읍,,
28184,2018-03,W6Y737,성산읍,,
28185,2018-04,W6Y737,성산읍,,
28186,2018-05,W6Y737,성산읍,,
28187,2018-06,W6Y737,성산읍,,
28188,2018-07,W6Y737,성산읍,,
28189,2018-08,W6Y737,성산읍,,
28190,2018-09,W6Y737,성산읍,,
28191,2018-10,W6Y737,성산읍,,
28192,2018-11,W6Y737,성산읍,,
28193,2018-12,W6Y737,성산읍,,
28194,2019-01,W6Y737,성산읍,,
28195,2019-02,W6Y737,성산읍,,
28196,2019-03,W6Y737,성산읍,,
28197,2019-04,W6Y737,성산읍,,
28198,2019-05,W6Y737,성산읍,,
28199,2019-06,W6Y737,성산읍,,
28200,2019-07,W6Y737,성산읍,,
28201,2019-08,W6Y737,성산읍,,
28202,2019-09,W6Y737,성산읍,,
28203,2019-10,W6Y737,성산읍,,
28204,2019-11,W6Y737,성산읍,,
28205,2019-12,W6Y737,성산읍,,
28206,2020-01,W6Y737,성산읍,,
28207,2020-02,W6Y737,성산읍,,
28208,2020-03,W6Y737,성산읍,,
28209,2020-04,W6Y737,성산읍,,
28210,2020-05,W6Y737,성산읍,,
28211,2020-06,W6Y737,성산읍,,
28212,2020-07,W6Y737,성산읍,,
28213,2020-08,W6Y737,성산읍,,
28214,2020-09,W6Y737,성산읍,,
28215,2020-10,W6Y737,성산읍,,
28216,2020-11,W6Y737,성산읍,,
28217,2020-12,W6Y737,성산읍,,
28218,2021-01,W6Y737,성산읍,,
28219,2021-02,W6Y737,성산읍,,
28220,2021-03,W6Y737,성산읍,,
28221,2021-04,W6Y737,성산읍,,
28222,2021-05,W6Y737,성산읍,,
28223,2021-06,W6Y737,성산읍,1695900.0,264.0
28224,2018-01,W6Y738,성산읍,,
28225,2018-02,W6Y738,성산읍,,
28226,2018-03,W6Y738,성산읍,,
28227,2018-04,W6Y738,성산읍,,
28228,2018-05,W6Y738,성산읍,,
28229,2018-06,W6Y738,성산읍,,
28230,2018-07,W6Y738,성산읍,,
28231,2018-08,W6Y738,성산읍,,
28232,2018-09,W6Y738,성산읍,,
28233,2018-10,W6Y738,성산읍,,
28234,2018-11,W6Y738,성산읍,,
28235,2018-12,W6Y738,성산읍,,
28236,2019-01,W6Y738,성산읍,,
28237,2019-02,W6Y738,성산읍,,
28238,2019-03,W6Y738,성산읍,,
28239,2019-04,W6Y738,성산읍,,
28240,2019-05,W6Y738,성산읍,,
28241,2019-06,W6Y738,성산읍,,
28242,2019-07,W6Y738,성산읍,,
28243,2019-08,W6Y738,성산읍,,
28244,2019-09,W6Y738,성산읍,,
28245,2019-10,W6Y738,성산읍,,
28246,2019-11,W6Y738,성산읍,,
28247,2019-12,W6Y738,성산읍,,
28248,2020-01,W6Y738,성산읍,,
28249,2020-02,W6Y738,성산읍,,
28250,2020-03,W6Y738,성산읍,,
28251,2020-04,W6Y738,성산읍,,
28252,2020-05,W6Y738,성산읍,,
28253,2020-06,W6Y738,성산읍,,
28254,2020-07,W6Y738,성산읍,,
28255,2020-08,W6Y738,성산읍,,
28256,2020-09,W6Y738,성산읍,,
28257,2020-10,W6Y738,성산읍,,
28258,2020-11,W6Y738,성산읍,,
28259,2020-12,W6Y738,성산읍,,
28260,2021-01,W6Y738,성산읍,,
28261,2021-02,W6Y738,성산읍,,
28262,2021-03,W6Y738,성산읍,,
28263,2021-04,W6Y738,성산읍,,
28264,2021-05,W6Y738,성산읍,,
28265,2021-06,W6Y738,성산읍,749100.0,165.0
28266,2018-01,W6Y739,성산읍,,
28267,2018-02,W6Y739,성산읍,,
28268,2018-03,W6Y739,성산읍,,
28269,2018-04,W6Y739,성산읍,,
28270,2018-05,W6Y739,성산읍,,
28271,2018-06,W6Y739,성산읍,,
28272,2018-07,W6Y739,성산읍,,
28273,2018-08,W6Y739,성산읍,,
28274,2018-09,W6Y739,성산읍,,
28275,2018-10,W6Y739,성산읍,,
28276,2018-11,W6Y739,성산읍,,
28277,2018-12,W6Y739,성산읍,,
28278,2019-01,W6Y739,성산읍,,
28279,2019-02,W6Y739,성산읍,,
28280,2019-03,W6Y739,성산읍,,
28281,2019-04,W6Y739,성산읍,,
28282,2019-05,W6Y739,성산읍,,
28283,2019-06,W6Y739,성산읍,,
28284,2019-07,W6Y739,성산읍,,
28285,2019-08,W6Y739,성산읍,,
28286,2019-09,W6Y739,성산읍,,
28287,2019-10,W6Y739,성산읍,,
28288,2019-11,W6Y739,성산읍,,
28289,2019-12,W6Y739,성산읍,,
28290,2020-01,W6Y739,성산읍,,
28291,2020-02,W6Y739,성산읍,,
28292,2020-03,W6Y739,성산읍,,
28293,2020-04,W6Y739,성산읍,,
28294,2020-05,W6Y739,성산읍,,
28295,2020-06,W6Y739,성산읍,,
28296,2020-07,W6Y739,성산읍,,
28297,2020-08,W6Y739,성산읍,,
28298,2020-09,W6Y739,성산읍,,
28299,2020-10,W6Y739,성산읍,,
28300,2020-11,W6Y739,성산읍,,
28301,2020-12,W6Y739,성산읍,,
28302,2021-01,W6Y739,성산읍,,
28303,2021-02,W6Y739,성산읍,,
28304,2021-03,W6Y739,성산읍,,
28305,2021-04,W6Y739,성산읍,,
28306,2021-05,W6Y739,성산읍,,
28307,2021-06,W6Y739,성산읍,461050.0,81.0
28308,2018-01,W6Y740,성산읍,,
28309,2018-02,W6Y740,성산읍,,
28310,2018-03,W6Y740,성산읍,,
28311,2018-04,W6Y740,성산읍,,
28312,2018-05,W6Y740,성산읍,,
28313,2018-06,W6Y740,성산읍,,
28314,2018-07,W6Y740,성산읍,,
28315,2018-08,W6Y740,성산읍,,
28316,2018-09,W6Y740,성산읍,,
28317,2018-10,W6Y740,성산읍,,
28318,2018-11,W6Y740,성산읍,,
28319,2018-12,W6Y740,성산읍,,
28320,2019-01,W6Y740,성산읍,,
28321,2019-02,W6Y740,성산읍,,
28322,2019-03,W6Y740,성산읍,,
28323,2019-04,W6Y740,성산읍,,
28324,2019-05,W6Y740,성산읍,,
28325,2019-06,W6Y740,성산읍,,
28326,2019-07,W6Y740,성산읍,,
28327,2019-08,W6Y740,성산읍,,
28328,2019-09,W6Y740,성산읍,,
28329,2019-10,W6Y740,성산읍,,
28330,2019-11,W6Y740,성산읍,,
28331,2019-12,W6Y740,성산읍,,
28332,2020-01,W6Y740,성산읍,,
28333,2020-02,W6Y740,성산읍,,
28334,2020-03,W6Y740,성산읍,,
28335,2020-04,W6Y740,성산읍,,
28336,2020-05,W6Y740,성산읍,,
28337,2020-06,W6Y740,성산읍,,
28338,2020-07,W6Y740,성산읍,,
28339,2020-08,W6Y740,성산읍,,
28340,2020-09,W6Y740,성산읍,,
28341,2020-10,W6Y740,성산읍,,
28342,2020-11,W6Y740,성산읍,,
28343,2020-12,W6Y740,성산읍,,
28344,2021-01,W6Y740,성산읍,,
28345,2021-02,W6Y740,성산읍,,
28346,2021-03,W6Y740,성산읍,,
28347,2021-04,W6Y740,성산읍,,
28348,2021-05,W6Y740,성산읍,,
28349,2021-06,W6Y740,성산읍,643800.0,343.0
28350,2018-01,W6Y744,대정읍,,
28351,2018-02,W6Y744,대정읍,,
28352,2018-03,W6Y744,대정읍,,
28353,2018-04,W6Y744,대정읍,,
28354,2018-05,W6Y744,대정읍,,
28355,2018-06,W6Y744,대정읍,,
28356,2018-07,W6Y744,대정읍,,
28357,2018-08,W6Y744,대정읍,,
28358,2018-09,W6Y744,대정읍,,
28359,2018-10,W6Y744,대정읍,,
28360,2018-11,W6Y744,대정읍,,
28361,2018-12,W6Y744,대정읍,,
28362,2019-01,W6Y744,대정읍,,
28363,2019-02,W6Y744,대정읍,,
28364,2019-03,W6Y744,대정읍,,
28365,2019-04,W6Y744,대정읍,,
28366,2019-05,W6Y744,대정읍,,
28367,2019-06,W6Y744,대정읍,,
28368,2019-07,W6Y744,대정읍,,
28369,2019-08,W6Y744,대정읍,,
28370,2019-09,W6Y744,대정읍,,
28371,2019-10,W6Y744,대정읍,,
28372,2019-11,W6Y744,대정읍,,
28373,2019-12,W6Y744,대정읍,,
28374,2020-01,W6Y744,대정읍,,
28375,2020-02,W6Y744,대정읍,,
28376,2020-03,W6Y744,대정읍,,
28377,2020-04,W6Y744,대정읍,,
28378,2020-05,W6Y744,대정읍,,
28379,2020-06,W6Y744,대정읍,,
28380,2020-07,W6Y744,대정읍,,
28381,2020-08,W6Y744,대정읍,,
28382,2020-09,W6Y744,대정읍,,
28383,2020-10,W6Y744,대정읍,,
28384,2020-11,W6Y744,대정읍,,
28385,2020-12,W6Y744,대정읍,,
28386,2021-01,W6Y744,대정읍,,
28387,2021-02,W6Y744,대정읍,,
28388,2021-03,W6Y744,대정읍,,
28389,2021-04,W6Y744,대정읍,,
28390,2021-05,W6Y744,대정읍,,
28391,2021-06,W6Y744,대정읍,867150.0,214.0
28392,2018-01,W6Y745,대정읍,,
28393,2018-02,W6Y745,대정읍,,
28394,2018-03,W6Y745,대정읍,,
28395,2018-04,W6Y745,대정읍,,
28396,2018-05,W6Y745,대정읍,,
28397,2018-06,W6Y745,대정읍,,
28398,2018-07,W6Y745,대정읍,,
28399,2018-08,W6Y745,대정읍,,
28400,2018-09,W6Y745,대정읍,,
28401,2018-10,W6Y745,대정읍,,
28402,2018-11,W6Y745,대정읍,,
28403,2018-12,W6Y745,대정읍,,
28404,2019-01,W6Y745,대정읍,,
28405,2019-02,W6Y745,대정읍,,
28406,2019-03,W6Y745,대정읍,,
28407,2019-04,W6Y745,대정읍,,
28408,2019-05,W6Y745,대정읍,,
28409,2019-06,W6Y745,대정읍,,
28410,2019-07,W6Y745,대정읍,,
28411,2019-08,W6Y745,대정읍,,
28412,2019-09,W6Y745,대정읍,,
28413,2019-10,W6Y745,대정읍,,
28414,2019-11,W6Y745,대정읍,,
28415,2019-12,W6Y745,대정읍,,
28416,2020-01,W6Y745,대정읍,,
28417,2020-02,W6Y745,대정읍,,
28418,2020-03,W6Y745,대정읍,,
28419,2020-04,W6Y745,대정읍,,
28420,2020-05,W6Y745,대정읍,,
28421,2020-06,W6Y745,대정읍,,
28422,2020-07,W6Y745,대정읍,,
28423,2020-08,W6Y745,대정읍,,
28424,2020-09,W6Y745,대정읍,,
28425,2020-10,W6Y745,대정읍,,
28426,2020-11,W6Y745,대정읍,,
28427,2020-12,W6Y745,대정읍,,
28428,2021-01,W6Y745,대정읍,,
28429,2021-02,W6Y745,대정읍,,
28430,2021-03,W6Y745,대정읍,,
28431,2021-04,W6Y745,대정읍,,
28432,2021-05,W6Y745,대정읍,,
28433,2021-06,W6Y745,대정읍,1271150.0,425.0
28434,2018-01,W6Y746,대정읍,,
28435,2018-02,W6Y746,대정읍,,
28436,2018-03,W6Y746,대정읍,,
28437,2018-04,W6Y746,대정읍,,
28438,2018-05,W6Y746,대정읍,,
28439,2018-06,W6Y746,대정읍,,
28440,2018-07,W6Y746,대정읍,,
28441,2018-08,W6Y746,대정읍,,
28442,2018-09,W6Y746,대정읍,,
28443,2018-10,W6Y746,대정읍,,
28444,2018-11,W6Y746,대정읍,,
28445,2018-12,W6Y746,대정읍,,
28446,2019-01,W6Y746,대정읍,,
28447,2019-02,W6Y746,대정읍,,
28448,2019-03,W6Y746,대정읍,,
28449,2019-04,W6Y746,대정읍,,
28450,2019-05,W6Y746,대정읍,,
28451,2019-06,W6Y746,대정읍,,
28452,2019-07,W6Y746,대정읍,,
28453,2019-08,W6Y746,대정읍,,
28454,2019-09,W6Y746,대정읍,,
28455,2019-10,W6Y746,대정읍,,
28456,2019-11,W6Y746,대정읍,,
28457,2019-12,W6Y746,대정읍,,
28458,2020-01,W6Y746,대정읍,,
28459,2020-02,W6Y746,대정읍,,
28460,2020-03,W6Y746,대정읍,,
28461,2020-04,W6Y746,대정읍,,
28462,2020-05,W6Y746,대정읍,,
28463,2020-06,W6Y746,대정읍,,
28464,2020-07,W6Y746,대정읍,,
28465,2020-08,W6Y746,대정읍,,
28466,2020-09,W6Y746,대정읍,,
28467,2020-10,W6Y746,대정읍,,
28468,2020-11,W6Y746,대정읍,,
28469,2020-12,W6Y746,대정읍,,
28470,2021-01,W6Y746,대정읍,,
28471,2021-02,W6Y746,대정읍,,
28472,2021-03,W6Y746,대정읍,,
28473,2021-04,W6Y746,대정읍,,
28474,2021-05,W6Y746,대정읍,,
28475,2021-06,W6Y746,대정읍,1586750.0,562.0
28476,2018-01,W6Y747,남원읍,,
28477,2018-02,W6Y747,남원읍,,
28478,2018-03,W6Y747,남원읍,,
28479,2018-04,W6Y747,남원읍,,
28480,2018-05,W6Y747,남원읍,,
28481,2018-06,W6Y747,남원읍,,
28482,2018-07,W6Y747,남원읍,,
28483,2018-08,W6Y747,남원읍,,
28484,2018-09,W6Y747,남원읍,,
28485,2018-10,W6Y747,남원읍,,
28486,2018-11,W6Y747,남원읍,,
28487,2018-12,W6Y747,남원읍,,
28488,2019-01,W6Y747,남원읍,,
28489,2019-02,W6Y747,남원읍,,
28490,2019-03,W6Y747,남원읍,,
28491,2019-04,W6Y747,남원읍,,
28492,2019-05,W6Y747,남원읍,,
28493,2019-06,W6Y747,남원읍,,
28494,2019-07,W6Y747,남원읍,,
28495,2019-08,W6Y747,남원읍,,
28496,2019-09,W6Y747,남원읍,,
28497,2019-10,W6Y747,남원읍,,
28498,2019-11,W6Y747,남원읍,,
28499,2019-12,W6Y747,남원읍,,
28500,2020-01,W6Y747,남원읍,,
28501,2020-02,W6Y747,남원읍,,
28502,2020-03,W6Y747,남원읍,,
28503,2020-04,W6Y747,남원읍,,
28504,2020-05,W6Y747,남원읍,,
28505,2020-06,W6Y747,남원읍,,
28506,2020-07,W6Y747,남원읍,,
28507,2020-08,W6Y747,남원읍,,
28508,2020-09,W6Y747,남원읍,,
28509,2020-10,W6Y747,남원읍,,
28510,2020-11,W6Y747,남원읍,,
28511,2020-12,W6Y747,남원읍,,
28512,2021-01,W6Y747,남원읍,,
28513,2021-02,W6Y747,남원읍,,
28514,2021-03,W6Y747,남원읍,,
28515,2021-04,W6Y747,남원읍,,
28516,2021-05,W6Y747,남원읍,,
28517,2021-06,W6Y747,남원읍,,
28518,2018-01,W6Y748,대정읍,,
28519,2018-02,W6Y748,대정읍,,
28520,2018-03,W6Y748,대정읍,,
28521,2018-04,W6Y748,대정읍,,
28522,2018-05,W6Y748,대정읍,,
28523,2018-06,W6Y748,대정읍,,
28524,2018-07,W6Y748,대정읍,,
28525,2018-08,W6Y748,대정읍,,
28526,2018-09,W6Y748,대정읍,,
28527,2018-10,W6Y748,대정읍,,
28528,2018-11,W6Y748,대정읍,,
28529,2018-12,W6Y748,대정읍,,
28530,2019-01,W6Y748,대정읍,,
28531,2019-02,W6Y748,대정읍,,
28532,2019-03,W6Y748,대정읍,,
28533,2019-04,W6Y748,대정읍,,
28534,2019-05,W6Y748,대정읍,,
28535,2019-06,W6Y748,대정읍,,
28536,2019-07,W6Y748,대정읍,,
28537,2019-08,W6Y748,대정읍,,
28538,2019-09,W6Y748,대정읍,,
28539,2019-10,W6Y748,대정읍,,
28540,2019-11,W6Y748,대정읍,,
28541,2019-12,W6Y748,대정읍,,
28542,2020-01,W6Y748,대정읍,,
28543,2020-02,W6Y748,대정읍,,
28544,2020-03,W6Y748,대정읍,,
28545,2020-04,W6Y748,대정읍,,
28546,2020-05,W6Y748,대정읍,,
28547,2020-06,W6Y748,대정읍,,
28548,2020-07,W6Y748,대정읍,,
28549,2020-08,W6Y748,대정읍,,
28550,2020-09,W6Y748,대정읍,,
28551,2020-10,W6Y748,대정읍,,
28552,2020-11,W6Y748,대정읍,,
28553,2020-12,W6Y748,대정읍,,
28554,2021-01,W6Y748,대정읍,,
28555,2021-02,W6Y748,대정읍,,
28556,2021-03,W6Y748,대정읍,,
28557,2021-04,W6Y748,대정읍,,
28558,2021-05,W6Y748,대정읍,,
28559,2021-06,W6Y748,대정읍,,
28560,2018-01,W6Y74A,안덕면,,
28561,2018-02,W6Y74A,안덕면,,
28562,2018-03,W6Y74A,안덕면,,
28563,2018-04,W6Y74A,안덕면,,
28564,2018-05,W6Y74A,안덕면,,
28565,2018-06,W6Y74A,안덕면,,
28566,2018-07,W6Y74A,안덕면,,
28567,2018-08,W6Y74A,안덕면,,
28568,2018-09,W6Y74A,안덕면,,
28569,2018-10,W6Y74A,안덕면,,
28570,2018-11,W6Y74A,안덕면,,
28571,2018-12,W6Y74A,안덕면,,
28572,2019-01,W6Y74A,안덕면,,
28573,2019-02,W6Y74A,안덕면,,
28574,2019-03,W6Y74A,안덕면,,
28575,2019-04,W6Y74A,안덕면,,
28576,2019-05,W6Y74A,안덕면,,
28577,2019-06,W6Y74A,안덕면,,
28578,2019-07,W6Y74A,안덕면,,
28579,2019-08,W6Y74A,안덕면,,
28580,2019-09,W6Y74A,안덕면,,
28581,2019-10,W6Y74A,안덕면,,
28582,2019-11,W6Y74A,안덕면,,
28583,2019-12,W6Y74A,안덕면,,
28584,2020-01,W6Y74A,안덕면,,
28585,2020-02,W6Y74A,안덕면,,
28586,2020-03,W6Y74A,안덕면,,
28587,2020-04,W6Y74A,안덕면,,
28588,2020-05,W6Y74A,안덕면,,
28589,2020-06,W6Y74A,안덕면,,
28590,2020-07,W6Y74A,안덕면,,
28591,2020-08,W6Y74A,안덕면,,
28592,2020-09,W6Y74A,안덕면,,
28593,2020-10,W6Y74A,안덕면,,
28594,2020-11,W6Y74A,안덕면,,
28595,2020-12,W6Y74A,안덕면,,
28596,2021-01,W6Y74A,안덕면,,
28597,2021-02,W6Y74A,안덕면,,
28598,2021-03,W6Y74A,안덕면,,
28599,2021-04,W6Y74A,안덕면,,
28600,2021-05,W6Y74A,안덕면,,
28601,2021-06,W6Y74A,안덕면,,
28602,2018-01,W6Y74B,동홍동,,
28603,2018-02,W6Y74B,동홍동,,
28604,2018-03,W6Y74B,동홍동,,
28605,2018-04,W6Y74B,동홍동,,
28606,2018-05,W6Y74B,동홍동,,
28607,2018-06,W6Y74B,동홍동,,
28608,2018-07,W6Y74B,동홍동,,
28609,2018-08,W6Y74B,동홍동,,
28610,2018-09,W6Y74B,동홍동,,
28611,2018-10,W6Y74B,동홍동,,
28612,2018-11,W6Y74B,동홍동,,
28613,2018-12,W6Y74B,동홍동,,
28614,2019-01,W6Y74B,동홍동,,
28615,2019-02,W6Y74B,동홍동,,
28616,2019-03,W6Y74B,동홍동,,
28617,2019-04,W6Y74B,동홍동,,
28618,2019-05,W6Y74B,동홍동,,
28619,2019-06,W6Y74B,동홍동,,
28620,2019-07,W6Y74B,동홍동,,
28621,2019-08,W6Y74B,동홍동,,
28622,2019-09,W6Y74B,동홍동,,
28623,2019-10,W6Y74B,동홍동,,
28624,2019-11,W6Y74B,동홍동,,
28625,2019-12,W6Y74B,동홍동,,
28626,2020-01,W6Y74B,동홍동,,
28627,2020-02,W6Y74B,동홍동,,
28628,2020-03,W6Y74B,동홍동,,
28629,2020-04,W6Y74B,동홍동,,
28630,2020-05,W6Y74B,동홍동,,
28631,2020-06,W6Y74B,동홍동,,
28632,2020-07,W6Y74B,동홍동,,
28633,2020-08,W6Y74B,동홍동,,
28634,2020-09,W6Y74B,동홍동,,
28635,2020-10,W6Y74B,동홍동,,
28636,2020-11,W6Y74B,동홍동,,
28637,2020-12,W6Y74B,동홍동,,
28638,2021-01,W6Y74B,동홍동,,
28639,2021-02,W6Y74B,동홍동,,
28640,2021-03,W6Y74B,동홍동,,
28641,2021-04,W6Y74B,동홍동,,
28642,2021-05,W6Y74B,동홍동,,
28643,2021-06,W6Y74B,동홍동,,
